   3.0000000000000004       0.69466629132058633     
   3.0010000000000003       0.59564052597142014     
   3.0020000000000002       0.38151388759643817     
   3.0030000000000001       0.20085391425746926     
   3.0040000000000004        8.9665650080445997E-002
   3.0050000000000003        2.1223913418972007E-002
   3.0060000000000002        1.0408518371910935E-002
   3.0070000000000001        5.5206575683456873E-003
   3.0080000000000005        3.6403743289024635E-003
   3.0090000000000003        2.6959196556038535E-003
   3.0100000000000002        2.2075953532439264E-003
   3.0110000000000001        2.2850890646387840E-003
   3.0120000000000005        2.2761105120491891E-003
   3.0130000000000003        2.2669122980264072E-003
   3.0140000000000002        2.8577583514933637E-003
   3.0150000000000001        3.4557510143542807E-003
   3.0160000000000005        4.4001781703871257E-003
   3.0170000000000003        4.3636472567972900E-003
   3.0180000000000002        4.2499960409882786E-003
   3.0190000000000001        5.9045184619702634E-003
   3.0200000000000005        8.5730626354465957E-003
   3.0210000000000004        1.0423386153888967E-002
   3.0220000000000002        1.4982145228457011E-002
   3.0230000000000001        1.7837145534329954E-002
   3.0240000000000005        2.0293699384658231E-002
   3.0250000000000004        2.7655274590004331E-002
   3.0260000000000002        2.9269848429305932E-002
   3.0270000000000001        3.4002559687821142E-002
   3.0280000000000005        4.1715420429622042E-002
   3.0290000000000004        4.0569268273015803E-002
   3.0300000000000002        4.0862018569945431E-002
   3.0310000000000001        6.2345827615738862E-002
   3.0320000000000000        4.8944677140685788E-002
   3.0330000000000004        4.0615904274172568E-002
   3.0340000000000003        4.0176236014085646E-002
   3.0350000000000001        4.3147590419336065E-002
   3.0360000000000000        4.1800315114543296E-002
   3.0370000000000004        3.2928441492154681E-002
   3.0380000000000003        2.6277917576438246E-002
   3.0390000000000001        2.3949830741672489E-002
   3.0400000000000000        2.2845484054569196E-002
   3.0410000000000004        2.0813369615061875E-002
   3.0420000000000003        2.4563353271462821E-002
   3.0430000000000001        2.6664662980940272E-002
   3.0440000000000000        2.2394954976561458E-002
   3.0450000000000004        2.1738592180187623E-002
   3.0460000000000003        2.2369355682373936E-002
   3.0470000000000002        2.4654365759676708E-002
   3.0480000000000000        2.8925805699083141E-002
   3.0490000000000004        2.8997407878326931E-002
   3.0500000000000003        2.6791383927611195E-002
   3.0510000000000002        2.9021787472927690E-002
   3.0520000000000000        2.4326596724866451E-002
   3.0530000000000004        2.5339225517046614E-002
   3.0540000000000003        2.4547799820656267E-002
   3.0550000000000002        2.4367969199975803E-002
   3.0560000000000000        2.3212644809858150E-002
   3.0570000000000004        1.9494352765858307E-002
   3.0580000000000003        1.9215445366548407E-002
   3.0590000000000002        1.7823356155968098E-002
   3.0600000000000001        1.9437072446402949E-002
   3.0610000000000004        2.0414384401994626E-002
   3.0620000000000003        1.8470252065763835E-002
   3.0630000000000002        2.2435838390707639E-002
   3.0640000000000001        2.4839833728144925E-002
   3.0650000000000004        2.2484962782579589E-002
   3.0660000000000003        2.6921437349481641E-002
   3.0670000000000002        2.2526398092441703E-002
   3.0680000000000001        2.6172531299388298E-002
   3.0690000000000004        2.6685756718527083E-002
   3.0700000000000003        2.2966596731588702E-002
   3.0710000000000002        2.4550576856514249E-002
   3.0720000000000001        2.2831365673819732E-002
   3.0730000000000004        2.3109796896973706E-002
   3.0740000000000003        2.0337050561012957E-002
   3.0750000000000002        2.1310492146332998E-002
   3.0760000000000001        1.8242298761394882E-002
   3.0770000000000004        1.6270916248830151E-002
   3.0780000000000003        1.8116127569572978E-002
   3.0790000000000002        2.0781990364170843E-002
   3.0800000000000001        2.1971082534644429E-002
   3.0810000000000004        2.2594585915336501E-002
   3.0820000000000003        2.3980173750170138E-002
   3.0830000000000002        2.7302600818153101E-002
   3.0840000000000001        2.5457558123100833E-002
   3.0850000000000004        2.7510758445738200E-002
   3.0860000000000003        3.0042612054613168E-002
   3.0870000000000002        2.6973714870915946E-002
   3.0880000000000001        2.3699945184622914E-002
   3.0890000000000004        2.1851139077798048E-002
   3.0900000000000003        2.2842561165552500E-002
   3.0910000000000002        1.8289712062885405E-002
   3.0920000000000001        1.8139943952340826E-002
   3.0930000000000004        1.8832688172542949E-002
   3.0940000000000003        1.6361285004256716E-002
   3.0950000000000002        1.8360047138845814E-002
   3.0960000000000001        1.7385147328659676E-002
   3.0970000000000004        2.1798111360522905E-002
   3.0980000000000003        2.2848227822505035E-002
   3.0990000000000002        2.2156152783382337E-002
   3.1000000000000001        2.3329362554421782E-002
   3.1010000000000004        2.5533533365064514E-002
   3.1020000000000003        2.6379971839548374E-002
   3.1030000000000002        2.7457048060263712E-002
   3.1040000000000001        2.6768179036466059E-002
   3.1050000000000004        2.2178192852812348E-002
   3.1060000000000003        2.2516232324212886E-002
   3.1070000000000002        2.0413377911901957E-002
   3.1080000000000001        2.0654005740390280E-002
   3.1090000000000004        2.1103202872654832E-002
   3.1100000000000003        1.7950321506317205E-002
   3.1110000000000002        1.7842898935123315E-002
   3.1120000000000001        1.8197536806829645E-002
   3.1130000000000004        2.1358668004427140E-002
   3.1140000000000003        2.1421250990566295E-002
   3.1150000000000002        2.3000054266430245E-002
   3.1160000000000001        2.0026153482049114E-002
   3.1170000000000004        2.0723445672424564E-002
   3.1180000000000003        2.1781922199217450E-002
   3.1190000000000002        2.4664113534239460E-002
   3.1200000000000001        2.3620358646323406E-002
   3.1210000000000004        2.4819528742382285E-002
   3.1220000000000003        2.3724746729229824E-002
   3.1230000000000002        2.4530221013865022E-002
   3.1240000000000001        2.4044431757684882E-002
   3.1250000000000004        2.2666027301649856E-002
   3.1260000000000003        2.2836286137345854E-002
   3.1270000000000002        2.0767386813722668E-002
   3.1280000000000001        1.8836838108936590E-002
   3.1290000000000004        1.9936324979635114E-002
   3.1300000000000003        2.0633222387450679E-002
   3.1310000000000002        1.9895002580085048E-002
   3.1320000000000001        2.4515875489884490E-002
   3.1330000000000005        2.2779517577181434E-002
   3.1340000000000003        2.2444098465840112E-002
   3.1350000000000002        2.2816266542851488E-002
   3.1360000000000001        2.1584862420655056E-002
   3.1370000000000005        2.4529688287127174E-002
   3.1380000000000003        2.9301558780679138E-002
   3.1390000000000002        2.5501603294176885E-002
   3.1400000000000001        2.2455832614622296E-002
   3.1410000000000005        2.2813274727188401E-002
   3.1420000000000003        1.8979228928616323E-002
   3.1430000000000002        1.8474049141731761E-002
   3.1440000000000001        1.8268304146745570E-002
   3.1450000000000005        1.9833227148651683E-002
   3.1460000000000004        2.1080173492837695E-002
   3.1470000000000002        2.0035335538720746E-002
   3.1480000000000001        2.0723924726907653E-002
   3.1490000000000005        2.0260534786061209E-002
   3.1500000000000004        2.0554320741478241E-002
   3.1510000000000002        2.2920688263296640E-002
   3.1520000000000001        2.0862400340517045E-002
   3.1530000000000005        2.0103454409429948E-002
   3.1540000000000004        2.1311216058821986E-002
   3.1550000000000002        2.1176850060117776E-002
   3.1560000000000001        2.2262722724294901E-002
   3.1570000000000005        2.1023243948923340E-002
   3.1580000000000004        2.0811121088539331E-002
   3.1590000000000003        2.1509257956073866E-002
   3.1600000000000001        1.9480481055681394E-002
   3.1610000000000005        1.8594518582710589E-002
   3.1620000000000004        1.9497341177072761E-002
   3.1630000000000003        2.0316360125794748E-002
   3.1640000000000001        2.0753542247183232E-002
   3.1650000000000005        1.9520718407131075E-002
   3.1660000000000004        1.8005900870837484E-002
   3.1670000000000003        1.7829051896409029E-002
   3.1680000000000001        1.9286970902607545E-002
   3.1690000000000000        2.2723633857626848E-002
   3.1700000000000004        2.0852267180849312E-002
   3.1710000000000003        2.2090891435579948E-002
   3.1720000000000002        2.2571200323605167E-002
   3.1730000000000000        2.3642688300867021E-002
   3.1740000000000004        2.1020001410204495E-002
   3.1750000000000003        2.0824870911166624E-002
   3.1760000000000002        1.8602581789143383E-002
   3.1770000000000000        1.9762583719922622E-002
   3.1780000000000004        1.9637737857419749E-002
   3.1790000000000003        2.0236336534886282E-002
   3.1800000000000002        1.9718911118020821E-002
   3.1810000000000000        2.1160685775788758E-002
   3.1820000000000004        2.0542430528661993E-002
   3.1830000000000003        2.1720034667900665E-002
   3.1840000000000002        2.2033098913740511E-002
   3.1850000000000001        2.5089235324060259E-002
   3.1860000000000004        2.2824710040435871E-002
   3.1870000000000003        2.2257340115724875E-002
   3.1880000000000002        2.2200192789455502E-002
   3.1890000000000001        2.4012153230383325E-002
   3.1900000000000004        2.3201173031569031E-002
   3.1910000000000003        2.0604142065149905E-002
   3.1920000000000002        1.9130920976928933E-002
   3.1930000000000001        1.9457014950955517E-002
   3.1940000000000004        1.8886903046175595E-002
   3.1950000000000003        1.9821376689540857E-002
   3.1960000000000002        1.8498997605315468E-002
   3.1970000000000001        1.9440430892759930E-002
   3.1980000000000004        1.8866468444512452E-002
   3.1990000000000003        2.2066337040030217E-002
   3.2000000000000002        2.0761380282513078E-002
   3.2010000000000001        2.1434803052319363E-002
   3.2020000000000004        2.3027552384618670E-002
   3.2030000000000003        2.7465680491005253E-002
   3.2040000000000002        2.1881616835547953E-002
   3.2050000000000001        2.0815610601027608E-002
   3.2060000000000004        2.0289665041124092E-002
   3.2070000000000003        1.8194957965194488E-002
   3.2080000000000002        1.9687519929546315E-002
   3.2090000000000001        1.7956567643446518E-002
   3.2100000000000004        2.3819922572087163E-002
   3.2110000000000003        2.2661196672636535E-002
   3.2120000000000002        1.8433579636607317E-002
   3.2130000000000001        2.1980551984224900E-002
   3.2140000000000004        2.0700544164877301E-002
   3.2150000000000003        2.3906477819341722E-002
   3.2160000000000002        2.2736958030981455E-002
   3.2170000000000001        2.2675129375317047E-002
   3.2180000000000004        2.0699411016503851E-002
   3.2190000000000003        2.1691136802023173E-002
   3.2200000000000002        2.0438233843457245E-002
   3.2210000000000001        2.2056992970345385E-002
   3.2220000000000004        1.7885189668150458E-002
   3.2230000000000003        1.9911635079263773E-002
   3.2240000000000002        1.8831602713184806E-002
   3.2250000000000001        1.9885988656507887E-002
   3.2260000000000004        1.9802152686818692E-002
   3.2270000000000003        2.1558346050440158E-002
   3.2280000000000002        2.0482801873691867E-002
   3.2290000000000001        2.2579121672999712E-002
   3.2300000000000004        2.1279936651437653E-002
   3.2310000000000003        2.0589523121581254E-002
   3.2320000000000002        1.9251115477030432E-002
   3.2330000000000001        2.3537601245303134E-002
   3.2340000000000004        2.0574637791995705E-002
   3.2350000000000003        2.1920826613470935E-002
   3.2360000000000002        1.9908479590067984E-002
   3.2370000000000001        2.2885994180945664E-002
   3.2380000000000004        1.9123888673412508E-002
   3.2390000000000003        2.0764504522924894E-002
   3.2400000000000002        2.1327360614264827E-002
   3.2410000000000001        2.4388777917016598E-002
   3.2420000000000004        2.0695327045075037E-002
   3.2430000000000003        1.8773094763314110E-002
   3.2440000000000002        2.3020812671103268E-002
   3.2450000000000001        2.0302017818168920E-002
   3.2460000000000004        2.0819630044448076E-002
   3.2470000000000003        1.9916635796570149E-002
   3.2480000000000002        2.0904301174341361E-002
   3.2490000000000001        1.9781648378869063E-002
   3.2500000000000004        1.9006726890749347E-002
   3.2510000000000003        2.0260006814489265E-002
   3.2520000000000002        2.0291212814935535E-002
   3.2530000000000001        2.1339725201172804E-002
   3.2540000000000004        2.3921621981285161E-002
   3.2550000000000003        2.1027057632782467E-002
   3.2560000000000002        2.1423043023538656E-002
   3.2570000000000001        2.1836947229862382E-002
   3.2580000000000005        2.1420706274056761E-002
   3.2590000000000003        1.9997715779587668E-002
   3.2600000000000002        2.1637127410219392E-002
   3.2610000000000001        2.0523501424139088E-002
   3.2620000000000005        2.0180023662210261E-002
   3.2630000000000003        2.1115042782647184E-002
   3.2640000000000002        2.1030483175234298E-002
   3.2650000000000001        2.4586677541399309E-002
   3.2660000000000005        2.0889992229413953E-002
   3.2670000000000003        2.3592396456869974E-002
   3.2680000000000002        2.1377715898283738E-002
   3.2690000000000001        2.0590820595965401E-002
   3.2700000000000005        2.4078922595890642E-002
   3.2710000000000004        2.3561334506464887E-002
   3.2720000000000002        2.2949799961704827E-002
   3.2730000000000001        2.3285024760622348E-002
   3.2740000000000005        2.2805814594820954E-002
   3.2750000000000004        2.2059272864789946E-002
   3.2760000000000002        2.1266498784387800E-002
   3.2770000000000001        2.0158682567735665E-002
   3.2780000000000005        2.2723912360177897E-002
   3.2790000000000004        2.0930180721970029E-002
   3.2800000000000002        1.9150552660847558E-002
   3.2810000000000001        2.1620695235832821E-002
   3.2820000000000005        2.1917901981014766E-002
   3.2830000000000004        2.2546674308133171E-002
   3.2840000000000003        2.0951080830661994E-002
   3.2850000000000001        2.3215544376562234E-002
   3.2860000000000005        2.4761493879231506E-002
   3.2870000000000004        2.4824210558266436E-002
   3.2880000000000003        2.0315858292281653E-002
   3.2890000000000001        1.8048135689813619E-002
   3.2900000000000005        2.0898994648328780E-002
   3.2910000000000004        1.9747394530998406E-002
   3.2920000000000003        1.9600045968257665E-002
   3.2930000000000001        2.0310967128455686E-002
   3.2940000000000005        1.8864936774950714E-002
   3.2950000000000004        2.0286878888890643E-002
   3.2960000000000003        2.3427171467021807E-002
   3.2970000000000002        2.0368503846016274E-002
   3.2980000000000005        2.4415699630736070E-002
   3.2990000000000004        2.0706902682349801E-002
   3.3000000000000003        2.2154529661079780E-002
   3.3010000000000002        2.0957483895384665E-002
   3.3020000000000005        2.1473722073862108E-002
   3.3030000000000004        2.1106930788640055E-002
   3.3040000000000003        1.9702891506535983E-002
   3.3050000000000002        1.9309722746903606E-002
   3.3060000000000000        1.8323765726536236E-002
   3.3070000000000004        1.7857925561802438E-002
   3.3080000000000003        1.8313606821421659E-002
   3.3090000000000002        1.7644870686453873E-002
   3.3100000000000001        1.8754072233576467E-002
   3.3110000000000004        1.9135649530140762E-002
   3.3120000000000003        2.2270727303159488E-002
   3.3130000000000002        2.2031125077117474E-002
   3.3140000000000001        2.2410338158641300E-002
   3.3150000000000004        2.1239384632171079E-002
   3.3160000000000003        2.1616171046596404E-002
   3.3170000000000002        2.4254199803308889E-002
   3.3180000000000001        2.2484009958746488E-002
   3.3190000000000004        2.1910042669488941E-002
   3.3200000000000003        2.1377342028710684E-002
   3.3210000000000002        2.2101618921743803E-002
   3.3220000000000001        1.9267283173785763E-002
   3.3230000000000004        2.2056853013751349E-002
   3.3240000000000003        1.7669795285010014E-002
   3.3250000000000002        1.9625528918515545E-002
   3.3260000000000001        2.1734696439597457E-002
   3.3270000000000004        2.1421512517800171E-002
   3.3280000000000003        2.1947615069152739E-002
   3.3290000000000002        2.0507329686877074E-002
   3.3300000000000001        2.1466944267598594E-002
   3.3310000000000004        1.9249361854563295E-002
   3.3320000000000003        2.2037356692562904E-002
   3.3330000000000002        2.1168683118601435E-002
   3.3340000000000001        2.1932249030357013E-002
   3.3350000000000004        2.2582487666863816E-002
   3.3360000000000003        2.0268915044008400E-002
   3.3370000000000002        2.4384008584748401E-002
   3.3380000000000001        1.9320738281915696E-002
   3.3390000000000004        2.1776816277117080E-002
   3.3400000000000003        1.9983094062620874E-002
   3.3410000000000002        1.9266063406695833E-002
   3.3420000000000001        2.0953170492314658E-002
   3.3430000000000004        2.0128710252955189E-002
   3.3440000000000003        2.1650692008088088E-002
   3.3450000000000002        2.1922901473729356E-002
   3.3460000000000001        2.0695182436514591E-002
   3.3470000000000004        2.0143732987197238E-002
   3.3480000000000003        1.8923351372988083E-002
   3.3490000000000002        1.9781574956502460E-002
   3.3500000000000001        2.3622946516100751E-002
   3.3510000000000004        2.2565910280668476E-002
   3.3520000000000003        1.9351158180225807E-002
   3.3530000000000002        2.1670755014056388E-002
   3.3540000000000001        2.0165592179027830E-002
   3.3550000000000004        2.1939714619394615E-002
   3.3560000000000003        2.2367007191903168E-002
   3.3570000000000002        2.4061764403114892E-002
   3.3580000000000001        2.3142167617187633E-002
   3.3590000000000004        2.4931821659240159E-002
   3.3600000000000003        2.2096942262062630E-002
   3.3610000000000002        2.3624213942183746E-002
   3.3620000000000001        2.1486383910527828E-002
   3.3630000000000004        2.1482908488854091E-002
   3.3640000000000003        2.1445204777411912E-002
   3.3650000000000002        1.9815341227184313E-002
   3.3660000000000001        2.4396156866461269E-002
   3.3670000000000004        2.0489003842102237E-002
   3.3680000000000003        2.0917154054965373E-002
   3.3690000000000002        2.1350423193539213E-002
   3.3700000000000001        2.3932830277374195E-002
   3.3710000000000004        2.1771054109922555E-002
   3.3720000000000003        2.1705493287913737E-002
   3.3730000000000002        1.8740593435641922E-002
   3.3740000000000001        1.9717344115566360E-002
   3.3750000000000004        2.0793383511286900E-002
   3.3760000000000003        1.9898373897769626E-002
   3.3770000000000002        1.8909211378745273E-002
   3.3780000000000001        2.5006127729312436E-002
   3.3790000000000004        2.0509734914338638E-002
   3.3800000000000003        2.1586194579106877E-002
   3.3810000000000002        2.2160285771624957E-002
   3.3820000000000001        2.3165564773466631E-002
   3.3830000000000005        2.3560163602801738E-002
   3.3840000000000003        2.4096421430134300E-002
   3.3850000000000002        2.4771811792966825E-002
   3.3860000000000001        2.1249438831403386E-002
   3.3870000000000005        2.3365967799948928E-002
   3.3880000000000003        2.1008840855228146E-002
   3.3890000000000002        2.3515396465364619E-002
   3.3900000000000001        2.1148152667819116E-002
   3.3910000000000005        2.2916592644350291E-002
   3.3920000000000003        1.8214430430025099E-002
   3.3930000000000002        1.7678142422033603E-002
   3.3940000000000001        1.7573038508185868E-002
   3.3950000000000005        2.1514736297164272E-002
   3.3960000000000004        2.0052686090458533E-002
   3.3970000000000002        2.2846720191074678E-002
   3.3980000000000001        2.2804434137651666E-002
   3.3990000000000005        2.6491954972558858E-002
   3.4000000000000004        2.4555910808561142E-002
   3.4010000000000002        2.3186129772954738E-002
   3.4020000000000001        2.6050794084868687E-002
   3.4030000000000005        2.6709527904298383E-002
   3.4040000000000004        2.3515702939847560E-002
   3.4050000000000002        2.2152875567516304E-002
   3.4060000000000001        2.1343809009749568E-002
   3.4070000000000005        2.0639511594824959E-002
   3.4080000000000004        1.8420440186204184E-002
   3.4090000000000003        1.8290818473555542E-002
   3.4100000000000001        1.9260903273623571E-002
   3.4110000000000005        1.6908567116547871E-002
   3.4120000000000004        1.8178592493571847E-002
   3.4130000000000003        2.0665711376796576E-002
   3.4140000000000001        2.0695569895569952E-002
   3.4150000000000005        2.2338246733944488E-002
   3.4160000000000004        2.3983710824598745E-002
   3.4170000000000003        2.4199141708350629E-002
   3.4180000000000001        2.5587340228586591E-002
   3.4190000000000005        2.6048569597332014E-002
   3.4200000000000004        2.4340294764578281E-002
   3.4210000000000003        2.3211573719926090E-002
   3.4220000000000002        2.3527807226188854E-002
   3.4230000000000005        2.0093470661611785E-002
   3.4240000000000004        1.9305023784687986E-002
   3.4250000000000003        1.9282214281606900E-002
   3.4260000000000002        2.2100628939895870E-002
   3.4270000000000005        2.3277482844509270E-002
   3.4280000000000004        2.4440769199764189E-002
   3.4290000000000003        2.0127627836976570E-002
   3.4300000000000002        2.3745936508615048E-002
   3.4310000000000005        2.4249766597811102E-002
   3.4320000000000004        2.5170835588427747E-002
   3.4330000000000003        2.4883472588867448E-002
   3.4340000000000002        2.3199137434714880E-002
   3.4350000000000005        1.9623258018709934E-002
   3.4360000000000004        2.0196882025584499E-002
   3.4370000000000003        2.3801822609852901E-002
   3.4380000000000002        2.1339891699747565E-002
   3.4390000000000005        2.1649630378966587E-002
   3.4400000000000004        2.1668473245075207E-002
   3.4410000000000003        1.9682043765109663E-002
   3.4420000000000002        2.2899308448316464E-002
   3.4430000000000001        2.1095632510921596E-002
   3.4440000000000004        2.2526675451174278E-002
   3.4450000000000003        2.1439941906164772E-002
   3.4460000000000002        2.1160054425181842E-002
   3.4470000000000001        1.9582069028958687E-002
   3.4480000000000004        2.0095555659937533E-002
   3.4490000000000003        2.3500236171706837E-002
   3.4500000000000002        2.2744178879135601E-002
   3.4510000000000001        2.1090857684819032E-002
   3.4520000000000004        2.4153276834069513E-002
   3.4530000000000003        2.3567851928102061E-002
   3.4540000000000002        2.3546091492319701E-002
   3.4550000000000001        2.2451806829839431E-002
   3.4560000000000004        2.2354356354951962E-002
   3.4570000000000003        2.1488524775675175E-002
   3.4580000000000002        1.9976980394096230E-002
   3.4590000000000001        2.3698295362413649E-002
   3.4600000000000004        2.0114212849712248E-002
   3.4610000000000003        2.1529704818378632E-002
   3.4620000000000002        2.0958055773490237E-002
   3.4630000000000001        1.9287288012031865E-002
   3.4640000000000004        1.9023442939125074E-002
   3.4650000000000003        1.8664162604859817E-002
   3.4660000000000002        2.1048271696605173E-002
   3.4670000000000001        2.1026317720912312E-002
   3.4680000000000004        2.0155904696307049E-002
   3.4690000000000003        2.1252801239969959E-002
   3.4700000000000002        2.5181838071166227E-002
   3.4710000000000001        2.5119829351797254E-002
   3.4720000000000004        2.1119204101204915E-002
   3.4730000000000003        2.5040016165523284E-002
   3.4740000000000002        2.1193970631491872E-002
   3.4750000000000001        1.9142819535991340E-002
   3.4760000000000004        1.8558315652605496E-002
   3.4770000000000003        2.3433906933605839E-002
   3.4780000000000002        1.9959886343860353E-002
   3.4790000000000001        2.0969238859826943E-002
   3.4800000000000004        2.1428420573842619E-002
   3.4810000000000003        1.9860350110362378E-002
   3.4820000000000002        1.9029253707969974E-002
   3.4830000000000001        2.1151026931946235E-002
   3.4840000000000004        2.0337433657832020E-002
   3.4850000000000003        1.9882742347894309E-002
   3.4860000000000002        2.1497919208252836E-002
   3.4870000000000001        2.1782164032537937E-002
   3.4880000000000004        2.2940573720797351E-002
   3.4890000000000003        2.4839759513977395E-002
   3.4900000000000002        2.1379798334599100E-002
   3.4910000000000001        2.2257318672687074E-002
   3.4920000000000004        1.9258271179617523E-002
   3.4930000000000003        1.9198621531831533E-002
   3.4940000000000002        2.3616303042231754E-002
   3.4950000000000001        1.8836631669493946E-002
   3.4960000000000004        2.1824919227383360E-002
   3.4970000000000003        2.0750839566994427E-002
   3.4980000000000002        2.3818823972882069E-002
   3.4990000000000001        2.2324230689680775E-002
   3.5000000000000004        1.9594830114824366E-002
