   3.5000000000000004       0.89643188797823536     
   3.5000100000000001        1.0013161667656900     
   3.5000200000000001       0.87305925655586891     
   3.5000300000000002        1.0245589832850690     
   3.5000400000000003       0.87606255941346434     
   3.5000500000000003        1.0426814195205103     
   3.5000600000000004       0.88345497179587062     
   3.5000700000000005        1.0353745170327926     
   3.5000800000000001       0.87654797353735681     
   3.5000900000000001        1.0710392345973059     
   3.5001000000000002       0.88055245487557998     
   3.5001100000000003        1.0971593005462794     
   3.5001200000000003       0.88592918444990054     
   3.5001300000000004        1.0639611207798882     
   3.5001400000000005       0.91396671173833322     
   3.5001500000000001        1.0344695187739905     
   3.5001600000000002       0.90749127510368466     
   3.5001700000000002       0.99276141422930653     
   3.5001800000000003       0.98779733951966775     
   3.5001900000000004       0.98772287377352197     
   3.5002000000000004       0.96158523326448675     
   3.5002100000000005       0.99440593042699399     
   3.5002200000000001       0.94331915732864191     
   3.5002300000000002       0.95150460821765670     
   3.5002400000000002        1.0048962379272599     
   3.5002500000000003       0.94920538989225123     
   3.5002600000000004       0.98224854906310932     
   3.5002700000000004       0.98379416291484190     
   3.5002800000000005       0.96219562757976218     
   3.5002900000000001        1.0086620529134882     
   3.5003000000000002       0.94688507565970126     
   3.5003100000000003       0.99891202082845376     
   3.5003200000000003       0.97868892163038201     
   3.5003300000000004       0.96905616630134728     
   3.5003400000000005        1.0069408832481650     
   3.5003500000000001       0.94416320744258453     
   3.5003600000000001        1.0220748318041768     
   3.5003700000000002       0.95079775817860035     
   3.5003800000000003        1.0171057053599268     
   3.5003900000000003       0.98956039024663811     
   3.5004000000000004       0.98349361776339339     
   3.5004100000000005       0.99567171097590246     
   3.5004200000000001       0.99417222663556870     
   3.5004300000000002       0.99636455262304247     
   3.5004400000000002       0.99380403838840348     
   3.5004500000000003       0.97588670323601101     
   3.5004600000000003        1.0063703884984134     
   3.5004700000000004       0.98973604334523813     
   3.5004800000000005       0.97696820535709350     
   3.5004900000000001        1.0367102941454764     
   3.5005000000000002       0.98738217646459359     
   3.5005100000000002        1.0484551948747447     
   3.5005200000000003        1.0019322337808396     
   3.5005300000000004        1.0602055172848175     
   3.5005400000000004        1.0453716626621292     
   3.5005500000000005        1.0179517041997910     
   3.5005600000000001        1.0572082117545636     
   3.5005700000000002        1.0321086549103440     
   3.5005800000000002        1.0812067114120016     
   3.5005900000000003        1.0100183367766109     
   3.5006000000000004        1.0620152209521301     
   3.5006100000000004       0.98220562478152940     
   3.5006200000000001        1.0508446753435272     
   3.5006300000000001       0.98644160751056531     
   3.5006400000000002        1.0535021693112896     
   3.5006500000000003       0.96412597250162058     
   3.5006600000000003        1.0663866207808770     
   3.5006700000000004       0.91697843861889305     
   3.5006800000000005        1.0656521674625610     
   3.5006900000000001       0.94150125854746824     
   3.5007000000000001        1.0363464596553287     
   3.5007100000000002       0.97395941689434151     
   3.5007200000000003        1.0212118604957094     
   3.5007300000000003       0.96583992569104526     
   3.5007400000000004        1.0505889999758127     
   3.5007500000000005       0.91919176315778750     
   3.5007600000000001        1.0516870100932156     
   3.5007700000000002       0.93614550666907903     
   3.5007800000000002        1.0473414583419554     
   3.5007900000000003       0.91331890165953855     
   3.5008000000000004        1.0620690796546408     
   3.5008100000000004       0.91155691629113778     
   3.5008200000000005        1.1007028932534573     
   3.5008300000000001       0.88666624222579471     
   3.5008400000000002        1.0709964553391040     
   3.5008500000000002       0.93530792527399609     
   3.5008600000000003        1.0508179145470231     
   3.5008700000000004       0.95092091300725246     
   3.5008800000000004       0.99992782108764577     
   3.5008900000000005        1.0226514967291067     
   3.5009000000000001        1.0145085124895981     
   3.5009100000000002       0.98999401503560103     
   3.5009200000000003        1.0451546151321620     
   3.5009300000000003       0.96868523700917408     
   3.5009400000000004        1.1098025077317173     
   3.5009500000000005       0.94053349454543866     
   3.5009600000000001        1.0899642046446654     
   3.5009700000000001       0.93452765096656809     
   3.5009800000000002        1.0840231802623748     
   3.5009900000000003       0.94489539648956777     
   3.5010000000000003        1.0674174667054714     
   3.5010100000000004       0.98815851962143952     
   3.5010200000000005        1.0062733096943008     
   3.5010300000000001       0.97437709033883435     
   3.5010400000000002        1.0503164665222386     
   3.5010500000000002       0.91924588527782680     
   3.5010600000000003        1.0558769431413828     
   3.5010700000000003       0.96643334890021759     
   3.5010800000000004        1.0720451949261149     
   3.5010900000000005       0.92180474482407615     
   3.5011000000000001        1.0694781114668388     
   3.5011100000000002       0.92556921448248319     
   3.5011200000000002        1.0512145667176906     
   3.5011300000000003       0.92183393661430080     
   3.5011400000000004        1.0498083843005339     
   3.5011500000000004       0.92369662216338944     
   3.5011600000000005        1.0555780951707501     
   3.5011700000000001       0.90683676859149120     
   3.5011800000000002        1.0637154044136716     
   3.5011900000000002       0.91686373503856355     
   3.5012000000000003        1.0610663551745598     
   3.5012100000000004       0.89570810397325562     
   3.5012200000000004        1.0449364209879195     
   3.5012300000000001       0.88435313073205812     
   3.5012400000000001        1.0943365229322539     
   3.5012500000000002       0.91865462854154567     
   3.5012600000000003        1.0628936875837021     
   3.5012700000000003       0.93998747616079370     
   3.5012800000000004        1.0838288250221135     
   3.5012900000000005       0.99452040790540674     
   3.5013000000000001        1.1271068153513744     
   3.5013100000000001       0.98411941822068694     
   3.5013200000000002        1.1346350986186271     
   3.5013300000000003        1.0328452303443103     
   3.5013400000000003        1.1429142917243422     
   3.5013500000000004        1.0456935810350412     
   3.5013600000000005        1.1549790969586800     
   3.5013700000000001        1.0833778099619067     
   3.5013800000000002        1.1738082990434850     
   3.5013900000000002        1.0514055102839182     
   3.5014000000000003        1.1419497530585849     
   3.5014100000000004        1.0421827807744288     
   3.5014200000000004        1.1252328394406481     
   3.5014300000000005        1.0036867795106987     
   3.5014400000000001        1.1020141975599311     
   3.5014500000000002        1.0099339855921869     
   3.5014600000000002        1.0490228317611969     
   3.5014700000000003        1.0191287228042243     
   3.5014800000000004        1.0336387149516908     
   3.5014900000000004        1.0411537756535731     
   3.5015000000000005        1.0001817303011624     
   3.5015100000000001       0.97663350575454388     
   3.5015200000000002        1.0203932663267214     
   3.5015300000000003        1.0081641059027120     
   3.5015400000000003        1.0227957923653721     
   3.5015500000000004        1.0136133513953030     
   3.5015600000000004       0.98916722250002420     
   3.5015700000000001        1.0396511970029110     
   3.5015800000000001        1.0030068844516062     
   3.5015900000000002        1.0046098272554993     
   3.5016000000000003        1.0471610792313277     
   3.5016100000000003       0.99101120487856786     
   3.5016200000000004        1.0373110592438466     
   3.5016300000000005       0.98944396546499158     
   3.5016400000000001        1.0413026626444137     
   3.5016500000000002       0.96481772011237577     
   3.5016600000000002       0.99929624536762607     
   3.5016700000000003       0.97797793471360406     
   3.5016800000000003        1.0272869363247406     
   3.5016900000000004       0.98613800500858251     
   3.5017000000000005        1.0106907525291615     
   3.5017100000000001       0.96938070824573419     
   3.5017200000000002        1.0078519509480968     
   3.5017300000000002       0.97351729483194915     
   3.5017400000000003       0.99399722203474494     
   3.5017500000000004       0.96561698210287317     
   3.5017600000000004        1.0328008008658569     
   3.5017700000000005       0.99871106875458460     
   3.5017800000000001        1.0495436194374470     
   3.5017900000000002        1.0017689106059702     
   3.5018000000000002        1.0516564957727412     
   3.5018100000000003        1.0025414330957001     
   3.5018200000000004        1.0570740013966760     
   3.5018300000000004        1.0190170602862421     
   3.5018400000000005        1.0553520508486556     
   3.5018500000000001        1.0463761576689801     
   3.5018600000000002        1.0803603104271478     
   3.5018700000000003        1.0296049419902922     
   3.5018800000000003        1.0642260561997710     
   3.5018900000000004        1.0477288527015829     
   3.5019000000000005        1.0322105322236819     
   3.5019100000000001        1.0614944641170581     
   3.5019200000000001        1.0300417163587567     
   3.5019300000000002        1.0277763710909937     
   3.5019400000000003        1.0438043371219643     
   3.5019500000000003       0.99402269036342683     
   3.5019600000000004        1.0265883469152621     
   3.5019700000000005        1.0198168814679338     
   3.5019800000000001        1.0358269677539527     
   3.5019900000000002        1.0098051089000921     
   3.5020000000000002        1.0071371396916518     
   3.5020100000000003        1.0210655336802086     
   3.5020200000000004       0.96405297164038273     
   3.5020300000000004        1.0581827183776564     
   3.5020400000000005       0.95434783283473490     
   3.5020500000000001        1.0402504045245360     
   3.5020600000000002       0.95165633438336061     
   3.5020700000000002        1.0356598931818215     
   3.5020800000000003       0.94951475577964561     
   3.5020900000000004        1.0256994232233612     
   3.5021000000000004       0.94824362034616227     
   3.5021100000000005        1.0287987885326386     
   3.5021200000000001       0.96483107898598697     
   3.5021300000000002        1.0576262803770917     
   3.5021400000000003       0.94526780251353459     
   3.5021500000000003        1.0434436082732201     
   3.5021600000000004       0.95406213754210878     
   3.5021700000000004        1.0739555899388509     
   3.5021800000000001       0.97700200515310498     
   3.5021900000000001        1.0710697396522126     
   3.5022000000000002       0.94694675659799032     
   3.5022100000000003        1.0533065981389560     
   3.5022200000000003        1.0219507686208311     
   3.5022300000000004        1.0481213602866077     
   3.5022400000000005       0.99709402167575434     
   3.5022500000000001        1.0658426320665277     
   3.5022600000000002        1.0010985222618549     
   3.5022700000000002        1.0297985860906473     
   3.5022800000000003        1.0050617874232508     
   3.5022900000000003        1.0328107391324095     
   3.5023000000000004       0.99204140564614618     
   3.5023100000000005        1.0530781655863792     
   3.5023200000000001       0.93791104156898841     
   3.5023300000000002        1.0992692064033476     
   3.5023400000000002       0.93812364066862564     
   3.5023500000000003        1.0528034494154905     
   3.5023600000000004       0.94326012446673790     
   3.5023700000000004        1.0498891464006070     
   3.5023800000000005       0.99097007621706401     
   3.5023900000000001        1.0288518801457134     
   3.5024000000000002       0.98888534309270060     
   3.5024100000000002        1.0326441327992020     
   3.5024200000000003        1.0081881043537053     
   3.5024300000000004        1.0357872502537080     
   3.5024400000000004        1.0212108566200027     
   3.5024500000000005       0.97624062741186346     
   3.5024600000000001        1.0650576914121677     
   3.5024700000000002       0.99808491333642568     
   3.5024800000000003        1.0387394196970139     
   3.5024900000000003       0.98257544084698767     
   3.5025000000000004        1.0418708124571752     
   3.5025100000000005       0.93136924804440557     
   3.5025200000000001       0.98345495533984362     
   3.5025300000000001       0.96821973317421284     
   3.5025400000000002       0.98644371000446995     
   3.5025500000000003       0.92604198558795081     
   3.5025600000000003       0.91994345288367707     
   3.5025700000000004       0.92636494955328585     
   3.5025800000000005       0.95109328316488673     
   3.5025900000000001       0.90638538221367726     
   3.5026000000000002       0.94273783449591531     
   3.5026100000000002       0.87807004892473584     
   3.5026200000000003       0.99552256935107653     
   3.5026300000000004       0.89312776582193198     
   3.5026400000000004       0.98387812710011291     
   3.5026500000000005       0.90627293146261401     
   3.5026600000000001        1.0019331006512053     
   3.5026700000000002       0.91902253504846187     
   3.5026800000000002       0.99159963834984688     
   3.5026900000000003       0.97260140404196560     
   3.5027000000000004       0.94352878899666981     
   3.5027100000000004        1.0097710710626648     
   3.5027200000000005       0.99871798117045085     
   3.5027300000000001        1.0037162462627434     
   3.5027400000000002       0.95862244421058052     
   3.5027500000000003       0.99157278106756463     
   3.5027600000000003       0.97321743404277161     
   3.5027700000000004       0.98123937282664975     
   3.5027800000000004       0.99125823739358965     
   3.5027900000000001        1.0001153810913985     
   3.5028000000000001       0.98930671161075323     
   3.5028100000000002       0.98301947841539905     
   3.5028200000000003        1.0325028806437571     
   3.5028300000000003       0.95276967720674532     
   3.5028400000000004        1.0098994004938218     
   3.5028500000000005       0.96821392503619341     
   3.5028600000000001        1.0077147970537581     
   3.5028700000000002       0.98729132751760318     
   3.5028800000000002        1.0197010356378871     
   3.5028900000000003       0.97763292272899138     
   3.5029000000000003        1.0148568779538523     
   3.5029100000000004       0.94543402039674596     
   3.5029200000000005       0.98769632680469166     
   3.5029300000000001       0.97997672340745323     
   3.5029400000000002       0.99967962763890761     
   3.5029500000000002       0.98567927051813065     
   3.5029600000000003       0.99031514991432057     
   3.5029700000000004       0.99542085590987361     
   3.5029800000000004       0.98232608297825419     
   3.5029900000000005       0.99529449448031981     
   3.5030000000000001       0.95366032422141800     
   3.5030100000000002       0.99512146471055729     
   3.5030200000000002       0.95223049495949175     
   3.5030300000000003        1.0150740306510344     
   3.5030400000000004       0.98064319655782017     
   3.5030500000000004        1.0605710815208158     
   3.5030600000000005       0.97407019711535836     
   3.5030700000000001        1.0736279521194525     
   3.5030800000000002       0.99418748114101463     
   3.5030900000000003        1.0583221355936041     
   3.5031000000000003       0.99393116656693625     
   3.5031100000000004        1.0678423396906487     
   3.5031200000000005       0.95931699590377673     
   3.5031300000000001        1.0667374228843314     
   3.5031400000000001       0.95504183887471883     
   3.5031500000000002        1.0571896600788846     
   3.5031600000000003       0.94031721499264864     
   3.5031700000000003        1.1114101929500608     
   3.5031800000000004       0.93425055695412718     
   3.5031900000000005        1.0901202214325016     
   3.5032000000000001       0.93130899719731897     
   3.5032100000000002        1.1241455621172416     
   3.5032200000000002       0.93192465221218057     
   3.5032300000000003        1.0691995621721135     
   3.5032400000000004       0.98401530078483102     
   3.5032500000000004        1.0567501662268295     
   3.5032600000000005       0.98231137525130319     
   3.5032700000000001        1.0526262131766779     
   3.5032800000000002       0.98463533613401300     
   3.5032900000000002        1.0274976053663489     
   3.5033000000000003       0.98730349687626728     
   3.5033100000000004        1.0468613091550023     
   3.5033200000000004       0.97914125936139740     
   3.5033300000000005        1.0576814060367981     
   3.5033400000000001       0.94360810400925532     
   3.5033500000000002        1.0100488576319120     
   3.5033600000000003       0.94291044506966126     
   3.5033700000000003        1.0159139460293416     
   3.5033800000000004       0.95129865267696001     
   3.5033900000000004        1.0039152420747244     
   3.5034000000000001       0.93061077674859938     
   3.5034100000000001       0.98739008147384810     
   3.5034200000000002       0.94609811423816026     
   3.5034300000000003       0.96058392881359456     
   3.5034400000000003       0.94415689692345661     
   3.5034500000000004       0.96920602189304561     
   3.5034600000000005       0.96359552379493518     
   3.5034700000000001       0.98250324054327876     
   3.5034800000000001       0.97385212374167607     
   3.5034900000000002       0.94348388254936111     
   3.5035000000000003        1.0297195206179448     
   3.5035100000000003       0.94517067270137589     
   3.5035200000000004        1.0414347819422844     
   3.5035300000000005       0.94970387901481645     
   3.5035400000000001        1.0009102300969339     
   3.5035500000000002        1.0119695305562606     
   3.5035600000000002       0.99448101365680475     
   3.5035700000000003       0.99272037954395365     
   3.5035800000000004        1.0323374018816667     
   3.5035900000000004       0.97580157165815584     
   3.5036000000000005        1.0173340429336004     
   3.5036100000000001        1.0094499514808906     
   3.5036200000000002       0.96448000050560456     
   3.5036300000000002        1.0584022710749676     
   3.5036400000000003       0.91208169670820050     
   3.5036500000000004        1.0211338819171933     
   3.5036600000000004       0.91885170255925219     
   3.5036700000000005        1.0130379356281449     
   3.5036800000000001       0.92529032775024822     
   3.5036900000000002       0.97494337606167714     
   3.5037000000000003       0.97060677155783193     
   3.5037100000000003       0.97938995976817944     
   3.5037200000000004       0.95495457823555252     
   3.5037300000000005        1.0028894454830968     
   3.5037400000000001       0.96655756214844935     
   3.5037500000000001        1.0307760010093325     
   3.5037600000000002       0.98779512109250966     
   3.5037700000000003        1.0368226342500926     
   3.5037800000000003       0.91916702689791530     
   3.5037900000000004        1.1128526255553679     
   3.5038000000000005       0.90963031987218002     
   3.5038100000000001        1.1284646467027093     
   3.5038200000000002       0.92454173788268712     
   3.5038300000000002        1.0938425074389890     
   3.5038400000000003       0.94124840400236565     
   3.5038500000000004        1.0686889765407803     
   3.5038600000000004       0.94627228838803457     
   3.5038700000000005        1.0278162922514524     
   3.5038800000000001       0.98242503319203711     
   3.5038900000000002       0.97724358455131100     
   3.5039000000000002       0.97126032456362166     
   3.5039100000000003       0.95821271790266382     
   3.5039200000000004       0.97909810278271991     
   3.5039300000000004       0.96203962882877037     
   3.5039400000000005       0.93891708829726550     
   3.5039500000000001       0.97963888455024017     
   3.5039600000000002       0.93941712199634020     
   3.5039700000000003       0.90447278292184197     
   3.5039800000000003       0.93508494036918643     
   3.5039900000000004       0.91008901710494106     
   3.5040000000000004       0.97024054173226348     
   3.5040100000000001       0.89432318568773739     
   3.5040200000000001       0.95659078944540255     
   3.5040300000000002       0.89981060540391034     
   3.5040400000000003       0.95962852978369984     
   3.5040500000000003       0.90953149413962864     
   3.5040600000000004       0.95530613558775412     
   3.5040700000000005       0.92035132900011174     
   3.5040800000000001       0.98213129836785074     
   3.5040900000000001       0.90977393563377840     
   3.5041000000000002        1.0239943103202946     
   3.5041100000000003       0.91252857715571112     
   3.5041200000000003        1.0074069263503642     
   3.5041300000000004       0.91178786740288698     
   3.5041400000000005       0.96060760378983090     
   3.5041500000000001       0.85738879223039699     
   3.5041600000000002       0.95299184854815266     
   3.5041700000000002       0.89892856750109029     
   3.5041800000000003       0.96089720531564105     
   3.5041900000000004       0.88261128409705303     
   3.5042000000000004       0.95531108257681929     
   3.5042100000000005       0.89336362389963664     
   3.5042200000000001       0.94553493527727650     
   3.5042300000000002       0.90974465824469020     
   3.5042400000000002       0.92753566082292704     
   3.5042500000000003       0.96018892988448101     
   3.5042600000000004       0.94943392189811637     
   3.5042700000000004       0.97380793632982554     
   3.5042800000000005       0.98122297768447042     
   3.5042900000000001       0.95671650935146191     
   3.5043000000000002       0.97356624364861677     
   3.5043100000000003       0.96783861322129050     
   3.5043200000000003       0.95764671784154831     
   3.5043300000000004       0.97810929688995840     
   3.5043400000000005       0.95527058004983900     
   3.5043500000000001       0.91881302128466658     
   3.5043600000000001       0.96358146546521684     
   3.5043700000000002       0.88094272022858833     
   3.5043800000000003       0.94151248604353321     
   3.5043900000000003       0.82831302333324841     
   3.5044000000000004       0.90177864217253356     
   3.5044100000000005       0.79805067400608909     
   3.5044200000000001       0.90242722418191912     
   3.5044300000000002       0.84396163858172257     
   3.5044400000000002       0.87872239601890267     
   3.5044500000000003       0.80835335425019628     
   3.5044600000000004       0.88211063240252818     
   3.5044700000000004       0.81787989276337225     
   3.5044800000000005       0.89197229868636729     
   3.5044900000000001       0.85982904088326595     
   3.5045000000000002       0.85279816402924280     
   3.5045100000000002       0.87852515396042707     
   3.5045200000000003       0.85705188259795284     
   3.5045300000000004       0.92682765205902118     
   3.5045400000000004       0.87503919934888574     
   3.5045500000000005       0.90658843761314589     
   3.5045600000000001       0.94336296522597640     
   3.5045700000000002       0.89303733519502215     
   3.5045800000000003        1.0085929430135498     
   3.5045900000000003       0.87746848040350245     
   3.5046000000000004        1.0213676745854856     
   3.5046100000000004       0.83156262151905147     
   3.5046200000000001        1.0280235373970137     
   3.5046300000000001       0.86369189753016040     
   3.5046400000000002        1.0049930919056422     
   3.5046500000000003       0.85753652575491390     
   3.5046600000000003        1.0153755284565726     
   3.5046700000000004       0.84653300562626421     
   3.5046800000000005       0.95693327255470950     
   3.5046900000000001       0.82958912854990785     
   3.5047000000000001       0.90341966769020354     
   3.5047100000000002       0.84373765565042791     
   3.5047200000000003       0.90279404209901204     
   3.5047300000000003       0.77332963019880419     
   3.5047400000000004       0.87009180119571117     
   3.5047500000000005       0.77369491454468042     
   3.5047600000000001       0.91952240065809909     
   3.5047700000000002       0.79624536365001086     
   3.5047800000000002       0.86009152071908035     
   3.5047900000000003       0.81698069079807012     
   3.5048000000000004       0.86930549976421079     
   3.5048100000000004       0.82427054057186455     
   3.5048200000000005       0.83021325397004686     
   3.5048300000000001       0.84969171815684952     
   3.5048400000000002       0.85559637607724925     
   3.5048500000000002       0.84821953822223373     
   3.5048600000000003       0.86837737445674046     
   3.5048700000000004       0.85709499266996880     
   3.5048800000000004       0.83471172730822762     
   3.5048900000000005       0.87138404804232650     
   3.5049000000000001       0.84883137039096179     
   3.5049100000000002       0.88029036629198576     
   3.5049200000000003       0.80049575167219522     
   3.5049300000000003       0.87282257322410317     
   3.5049400000000004       0.78899506468407576     
   3.5049500000000005       0.86904058968964770     
   3.5049600000000001       0.81989166561798077     
   3.5049700000000001       0.82390054866011253     
   3.5049800000000002       0.81438716321521809     
   3.5049900000000003       0.81081616521104172     
   3.5050000000000003       0.78475779443582816     
   3.5050100000000004       0.84106478452973621     
   3.5050200000000005       0.76134035227788865     
   3.5050300000000001       0.80172220158524354     
   3.5050400000000002       0.80143828264944172     
   3.5050500000000002       0.78983790453455738     
   3.5050600000000003       0.81066571222291295     
   3.5050700000000004       0.80798776248271431     
   3.5050800000000004       0.83709422594894933     
   3.5050900000000005       0.80552468569392466     
   3.5051000000000001       0.85799689645619082     
   3.5051100000000002       0.84073130945539976     
   3.5051200000000002       0.84513839324265916     
   3.5051300000000003       0.86409558113794205     
   3.5051400000000004       0.86042876457311945     
   3.5051500000000004       0.86453598773564844     
   3.5051600000000005       0.86145864359444813     
   3.5051700000000001       0.89094978824351034     
   3.5051800000000002       0.84507770621241851     
   3.5051900000000002       0.84333345972973506     
   3.5052000000000003       0.85381247649057501     
   3.5052100000000004       0.91536056638242791     
   3.5052200000000004       0.86377414355339444     
   3.5052300000000001       0.94489383398516491     
   3.5052400000000001       0.85561541993678336     
   3.5052500000000002       0.90029556185706516     
   3.5052600000000003       0.83266513979015255     
   3.5052700000000003       0.94314371698747468     
   3.5052800000000004       0.83035005598272549     
   3.5052900000000005       0.96310306531208045     
   3.5053000000000001       0.84228318924445944     
   3.5053100000000001       0.90168794866209878     
   3.5053200000000002       0.86685360287088642     
   3.5053300000000003       0.84596823909906593     
   3.5053400000000003       0.85254351081366853     
   3.5053500000000004       0.79090276961626460     
   3.5053600000000005       0.87382382749211729     
   3.5053700000000001       0.73899633491107863     
   3.5053800000000002       0.88946790149689425     
   3.5053900000000002       0.71379275287051414     
   3.5054000000000003       0.82972489357363977     
   3.5054100000000004       0.67432134267499688     
   3.5054200000000004       0.84507634316711089     
   3.5054300000000005       0.67001307014549294     
   3.5054400000000001       0.78796426354256033     
   3.5054500000000002       0.71470685045153448     
   3.5054600000000002       0.76291605331046619     
   3.5054700000000003       0.70319897967004452     
   3.5054800000000004       0.72846160720141107     
   3.5054900000000004       0.69688363524767394     
   3.5055000000000005       0.69110854200956640     
   3.5055100000000001       0.71362629729337990     
   3.5055200000000002       0.68208928746120712     
   3.5055300000000003       0.70215120746438497     
   3.5055400000000003       0.70594818820613880     
   3.5055500000000004       0.72405005957321411     
   3.5055600000000005       0.72492158017295971     
   3.5055700000000001       0.76504834764572338     
   3.5055800000000001       0.76335499045458133     
   3.5055900000000002       0.75967492658829039     
   3.5056000000000003       0.77098086906957741     
   3.5056100000000003       0.81956817096752055     
   3.5056200000000004       0.78581567029788379     
   3.5056300000000005       0.86860663089319934     
   3.5056400000000001       0.77334961617289966     
   3.5056500000000002       0.92654992267077618     
   3.5056600000000002       0.76424240467404558     
   3.5056700000000003       0.90046945605685869     
   3.5056800000000004       0.76291359876950782     
   3.5056900000000004       0.87382168382775782     
   3.5057000000000005       0.73840916607432405     
   3.5057100000000001       0.88178669095271089     
   3.5057200000000002       0.70898101797374213     
   3.5057300000000002       0.83217451960394240     
   3.5057400000000003       0.65121617041050439     
   3.5057500000000004       0.84415202442421677     
   3.5057600000000004       0.63188397807518781     
   3.5057700000000005       0.80562852670700524     
   3.5057800000000001       0.65320152092133810     
   3.5057900000000002       0.77515406025916089     
   3.5058000000000002       0.65353411554521890     
   3.5058100000000003       0.77568387749249934     
   3.5058200000000004       0.66651436555875365     
   3.5058300000000004       0.73436049475190146     
   3.5058400000000001       0.69823792926278938     
   3.5058500000000001       0.71828897724016560     
   3.5058600000000002       0.68518371040548187     
   3.5058700000000003       0.71182517165867487     
   3.5058800000000003       0.68669984502904147     
   3.5058900000000004       0.72657959088356860     
   3.5059000000000005       0.68457916109884076     
   3.5059100000000001       0.70532228597066371     
   3.5059200000000001       0.73029804756881911     
   3.5059300000000002       0.69101931009861062     
   3.5059400000000003       0.68626807342598239     
   3.5059500000000003       0.72306973791035256     
   3.5059600000000004       0.72200853055091374     
   3.5059700000000005       0.73580410635317328     
   3.5059800000000001       0.72790140053134444     
   3.5059900000000002       0.73035467140918475     
   3.5060000000000002       0.73101838441366795     
   3.5060100000000003       0.71287012250851522     
   3.5060200000000004       0.74885584398162830     
   3.5060300000000004       0.75327419309515697     
   3.5060400000000005       0.75239133895928412     
   3.5060500000000001       0.76513064393418195     
   3.5060600000000002       0.67721107616858178     
   3.5060700000000002       0.74287966580567022     
   3.5060800000000003       0.67027764500726350     
   3.5060900000000004       0.75386252144514010     
   3.5061000000000004       0.64515126116271104     
   3.5061100000000005       0.70729459912775616     
   3.5061200000000001       0.62339719915938818     
   3.5061300000000002       0.71063663499559115     
   3.5061400000000003       0.65147717157905249     
   3.5061500000000003       0.70066173638608009     
   3.5061600000000004       0.65664685489184615     
   3.5061700000000005       0.66085945780746969     
   3.5061800000000001       0.67627928011251737     
   3.5061900000000001       0.68256635908039442     
   3.5062000000000002       0.68741210822399978     
   3.5062100000000003       0.67473786364295441     
   3.5062200000000003       0.69129547155664861     
   3.5062300000000004       0.70744670585427760     
   3.5062400000000005       0.70993796415480004     
   3.5062500000000001       0.69300723376258855     
   3.5062600000000002       0.79479945629661708     
   3.5062700000000002       0.66948115322489943     
   3.5062800000000003       0.76347055577070611     
   3.5062900000000004       0.70437142122331620     
   3.5063000000000004       0.69791197803113980     
   3.5063100000000005       0.75913679526065714     
   3.5063200000000001       0.68783447091463423     
   3.5063300000000002       0.77295984529617434     
   3.5063400000000002       0.68968443616148389     
   3.5063500000000003       0.70112158044950201     
   3.5063600000000004       0.81926010225429013     
   3.5063700000000004       0.68051376112498629     
   3.5063800000000005       0.72765309475850304     
   3.5063900000000001       0.74031744051970361     
   3.5064000000000002       0.69215643716240216     
   3.5064100000000002       0.70439890256265214     
   3.5064200000000003       0.67613813787326860     
   3.5064300000000004       0.76983222638675131     
   3.5064400000000004       0.66824535156687870     
   3.5064500000000001       0.75174582413811775     
   3.5064600000000001       0.71261490137074934     
   3.5064700000000002       0.77472540944287305     
   3.5064800000000003       0.68060132212360780     
   3.5064900000000003       0.78073783664002516     
   3.5065000000000004       0.67971463980935209     
   3.5065100000000005       0.75587053984910535     
   3.5065200000000001       0.68207686305198290     
   3.5065300000000001       0.74447014432831338     
   3.5065400000000002       0.64562156123701686     
   3.5065500000000003       0.74283182493866717     
   3.5065600000000003       0.65884315235758062     
   3.5065700000000004       0.70188832898914066     
   3.5065800000000005       0.66958879711783459     
   3.5065900000000001       0.71872018689981021     
   3.5066000000000002       0.69898124368018899     
   3.5066100000000002       0.68988236065553088     
   3.5066200000000003       0.72199945742201910     
   3.5066300000000004       0.66164012481080403     
   3.5066400000000004       0.72543735967122780     
   3.5066500000000005       0.65177541271897621     
   3.5066600000000001       0.73807395608714221     
   3.5066700000000002       0.68434668973248425     
   3.5066800000000002       0.64965008599700147     
   3.5066900000000003       0.64436591532091825     
   3.5067000000000004       0.63869723903180109     
   3.5067100000000004       0.61733507153967671     
   3.5067200000000005       0.63994857705697827     
   3.5067300000000001       0.61898633840745676     
   3.5067400000000002       0.62158642679453102     
   3.5067500000000003       0.62369519799648443     
   3.5067600000000003       0.59189666780016148     
   3.5067700000000004       0.62595890167352020     
   3.5067800000000005       0.60227404922143579     
   3.5067900000000001       0.62503653643531099     
   3.5068000000000001       0.58213699325141433     
   3.5068100000000002       0.65375606753606386     
   3.5068200000000003       0.60170372266121497     
   3.5068300000000003       0.69934695902613409     
   3.5068400000000004       0.61142404396685612     
   3.5068500000000005       0.74267912361118238     
   3.5068600000000001       0.63813836749964048     
   3.5068700000000002       0.68300813726399834     
   3.5068800000000002       0.64303803830858175     
   3.5068900000000003       0.65763339700962375     
   3.5069000000000004       0.66591192153539946     
   3.5069100000000004       0.63854482476593133     
   3.5069200000000005       0.62192187334132543     
   3.5069300000000001       0.61038774785310868     
   3.5069400000000002       0.57546407894197638     
   3.5069500000000002       0.60937360758551684     
   3.5069600000000003       0.56054530493210919     
   3.5069700000000004       0.65001650946158318     
   3.5069800000000004       0.54595277533622877     
   3.5069900000000005       0.67988756839432651     
   3.5070000000000001       0.55351584001075771     
   3.5070100000000002       0.71590416045922223     
   3.5070200000000002       0.57105860979038170     
   3.5070300000000003       0.74961379171083309     
   3.5070400000000004       0.58241439136420647     
   3.5070500000000004       0.77175931220894234     
   3.5070600000000001       0.61376695308234241     
   3.5070700000000001       0.69319887954488035     
   3.5070800000000002       0.66667890223454207     
   3.5070900000000003       0.63571890281963583     
   3.5071000000000003       0.63425197085994822     
   3.5071100000000004       0.60499732108512694     
   3.5071200000000005       0.64311086676031992     
   3.5071300000000001       0.58357718437712758     
   3.5071400000000001       0.62202964209349054     
   3.5071500000000002       0.61949953715343042     
   3.5071600000000003       0.60789269098546184     
   3.5071700000000003       0.59317721952699831     
   3.5071800000000004       0.59189227927428723     
   3.5071900000000005       0.55302330712779912     
   3.5072000000000001       0.62888931981999607     
   3.5072100000000002       0.59261914400280924     
   3.5072200000000002       0.60743172151009250     
   3.5072300000000003       0.61389625009513904     
   3.5072400000000004       0.61476493107072039     
   3.5072500000000004       0.60285315652151694     
   3.5072600000000005       0.60749709524126327     
   3.5072700000000001       0.59940204758056626     
   3.5072800000000002       0.60312931721712615     
   3.5072900000000002       0.56687912727568501     
   3.5073000000000003       0.64049001278357509     
   3.5073100000000004       0.53416811985955170     
   3.5073200000000004       0.61526697597204583     
   3.5073300000000005       0.53685627026829019     
   3.5073400000000001       0.60021581551980208     
   3.5073500000000002       0.50999718912142233     
   3.5073600000000003       0.64152648262552281     
   3.5073700000000003       0.48860719412453335     
   3.5073800000000004       0.61477032561363265     
   3.5073900000000005       0.52885103497519781     
   3.5074000000000001       0.56112869263545329     
   3.5074100000000001       0.54262733154862053     
   3.5074200000000002       0.53926179940150143     
   3.5074300000000003       0.49777993674930282     
   3.5074400000000003       0.53388756824632688     
   3.5074500000000004       0.51984956355518930     
   3.5074600000000005       0.55296224933804772     
   3.5074700000000001       0.48677037288087860     
   3.5074800000000002       0.58375009137376244     
   3.5074900000000002       0.48635363098277823     
   3.5075000000000003       0.52878411768988409     
   3.5075100000000003       0.47831391566384435     
   3.5075200000000004       0.52987428948832249     
   3.5075300000000005       0.50401078478697647     
   3.5075400000000001       0.52902911030838162     
   3.5075500000000002       0.50241694445823060     
   3.5075600000000002       0.52964418917695055     
   3.5075700000000003       0.51285665266018909     
   3.5075800000000004       0.57348153617744169     
   3.5075900000000004       0.53353169783337639     
   3.5076000000000005       0.56860102005598623     
   3.5076100000000001       0.52153941954424732     
   3.5076200000000002       0.59353551167807117     
   3.5076300000000002       0.53556338214900645     
   3.5076400000000003       0.57691277996578383     
   3.5076500000000004       0.54371192544109581     
   3.5076600000000004       0.53916401098006372     
   3.5076700000000001       0.57832582742383265     
   3.5076800000000001       0.50471145082717739     
   3.5076900000000002       0.57852273890932582     
   3.5077000000000003       0.50049780436589719     
   3.5077100000000003       0.61588776741058915     
   3.5077200000000004       0.47558020082442193     
   3.5077300000000005       0.60761339590067454     
   3.5077400000000001       0.46513220600914584     
   3.5077500000000001       0.58165367314239091     
   3.5077600000000002       0.45628683717957208     
   3.5077700000000003       0.56261430292051073     
   3.5077800000000003       0.49312740387836207     
   3.5077900000000004       0.53576519014461421     
   3.5078000000000005       0.50424511760122492     
   3.5078100000000001       0.51580789950158246     
   3.5078200000000002       0.54363458902510775     
   3.5078300000000002       0.49619132956357498     
   3.5078400000000003       0.54973043919378373     
   3.5078500000000004       0.50240377321470442     
   3.5078600000000004       0.49278357463801353     
   3.5078700000000005       0.52260210401614426     
   3.5078800000000001       0.50314103755312944     
   3.5078900000000002       0.44880505019180755     
   3.5079000000000002       0.50039095040363857     
   3.5079100000000003       0.47348722169630003     
   3.5079200000000004       0.50676443941125493     
   3.5079300000000004       0.46531219927130296     
   3.5079400000000005       0.50571330690998995     
   3.5079500000000001       0.46555286161715520     
   3.5079600000000002       0.50733211638243481     
   3.5079700000000003       0.48397755259573000     
   3.5079800000000003       0.51391484768196105     
   3.5079900000000004       0.50357394046921744     
   3.5080000000000005       0.50943006687636194     
   3.5080100000000001       0.50817771771159681     
   3.5080200000000001       0.50389604044734670     
   3.5080300000000002       0.50712540485483926     
   3.5080400000000003       0.47073469811219515     
   3.5080500000000003       0.50131473944771554     
   3.5080600000000004       0.46246147620131572     
   3.5080700000000005       0.48946961022753938     
   3.5080800000000001       0.44919696768075273     
   3.5080900000000002       0.46305867796518851     
   3.5081000000000002       0.46121654304675774     
   3.5081100000000003       0.45104880382513124     
   3.5081200000000003       0.40996933089963289     
   3.5081300000000004       0.41962638678352315     
   3.5081400000000005       0.43578227766761368     
   3.5081500000000001       0.41333004251724570     
   3.5081600000000002       0.44139068940338683     
   3.5081700000000002       0.39241652244881953     
   3.5081800000000003       0.43785469316490361     
   3.5081900000000004       0.40600307633002181     
   3.5082000000000004       0.40326581194577604     
   3.5082100000000005       0.39949514906284062     
   3.5082200000000001       0.40392565400754893     
   3.5082300000000002       0.43529474486179720     
   3.5082400000000002       0.41139617168529563     
   3.5082500000000003       0.43763561451304933     
   3.5082600000000004       0.39603928862739840     
   3.5082700000000004       0.46050092754727467     
   3.5082800000000001       0.36439227217017278     
   3.5082900000000001       0.46463605677543496     
   3.5083000000000002       0.36618675159021985     
   3.5083100000000003       0.46116571648746557     
   3.5083200000000003       0.35910022849127826     
   3.5083300000000004       0.48815249066247379     
   3.5083400000000005       0.38353315766055651     
   3.5083500000000001       0.45256188838657158     
   3.5083600000000001       0.38675451026314500     
   3.5083700000000002       0.43468906377038408     
   3.5083800000000003       0.36770120491307190     
   3.5083900000000003       0.45151301059458576     
   3.5084000000000004       0.41589147301931118     
   3.5084100000000005       0.41022167437162410     
   3.5084200000000001       0.37180817509492170     
   3.5084300000000002       0.43049404166394706     
   3.5084400000000002       0.37409910862441070     
   3.5084500000000003       0.39782406868101156     
   3.5084600000000004       0.38572324441127287     
   3.5084700000000004       0.35755243949969828     
   3.5084800000000005       0.36827979173869990     
   3.5084900000000001       0.36045578465357792     
   3.5085000000000002       0.37955436280436089     
   3.5085100000000002       0.36102503568601030     
   3.5085200000000003       0.39560103234263239     
   3.5085300000000004       0.36150963893243204     
   3.5085400000000004       0.37320143739837119     
   3.5085500000000005       0.38678608587033692     
   3.5085600000000001       0.37118352634159746     
   3.5085700000000002       0.36410169141492771     
   3.5085800000000003       0.36708332964017570     
   3.5085900000000003       0.37043203316466022     
   3.5086000000000004       0.36891562665012056     
   3.5086100000000005       0.37273233881646606     
   3.5086200000000001       0.34321825691178770     
   3.5086300000000001       0.38693456603924131     
   3.5086400000000002       0.34021677846905302     
   3.5086500000000003       0.38969553261659967     
   3.5086600000000003       0.34688941806070173     
   3.5086700000000004       0.40026822774568749     
   3.5086800000000005       0.35443788564497247     
   3.5086900000000001       0.39902958212757461     
   3.5087000000000002       0.35669883515472850     
   3.5087100000000002       0.39101873887360838     
   3.5087200000000003       0.36859803161673654     
   3.5087300000000003       0.37423705293375381     
   3.5087400000000004       0.35754060628548062     
   3.5087500000000005       0.35532320090549119     
   3.5087600000000001       0.32738394935294085     
   3.5087700000000002       0.33603129912407975     
   3.5087800000000002       0.30538913234168819     
   3.5087900000000003       0.32722269509753149     
   3.5088000000000004       0.27346838724565165     
   3.5088100000000004       0.31907853934041008     
   3.5088200000000005       0.27035673321191500     
   3.5088300000000001       0.29620947064409053     
   3.5088400000000002       0.24934186283261689     
   3.5088500000000002       0.29544615763411342     
   3.5088600000000003       0.23216179314388999     
   3.5088700000000004       0.29042774184205744     
   3.5088800000000004       0.24321623173333373     
   3.5088900000000005       0.29180610536063040     
   3.5089000000000001       0.24982481424500466     
   3.5089100000000002       0.29713280278993587     
   3.5089200000000003       0.25101838441933638     
   3.5089300000000003       0.34904476713507088     
   3.5089400000000004       0.26279106076871156     
   3.5089500000000005       0.35983993673543607     
   3.5089600000000001       0.27349203567716690     
   3.5089700000000001       0.34264833543853612     
   3.5089800000000002       0.30208719078341500     
   3.5089900000000003       0.34590054809471393     
   3.5090000000000003       0.30903919280415382     
   3.5090100000000004       0.33952499997668434     
   3.5090200000000005       0.29681060507943213     
   3.5090300000000001       0.32842402838624035     
   3.5090400000000002       0.29174379504362735     
   3.5090500000000002       0.33509266219492834     
   3.5090600000000003       0.30897159699954663     
   3.5090700000000004       0.34033041484455256     
   3.5090800000000004       0.30874424910019582     
   3.5090900000000005       0.32755206258325770     
   3.5091000000000001       0.30128240294469139     
   3.5091100000000002       0.32064263395139314     
   3.5091200000000002       0.28967485764305367     
   3.5091300000000003       0.31391028599175996     
   3.5091400000000004       0.25769553908135218     
   3.5091500000000004       0.28976680531090282     
   3.5091600000000005       0.25061186037338190     
   3.5091700000000001       0.27258093928035221     
   3.5091800000000002       0.26236137758232664     
   3.5091900000000003       0.25684904308389561     
   3.5092000000000003       0.25296388407520243     
   3.5092100000000004       0.26135748339644294     
   3.5092200000000005       0.23715993808166463     
   3.5092300000000001       0.26876656174995139     
   3.5092400000000001       0.23040807597095564     
   3.5092500000000002       0.27545886741939307     
   3.5092600000000003       0.22526431515475842     
   3.5092700000000003       0.25794624518079917     
   3.5092800000000004       0.21700988108111410     
   3.5092900000000005       0.26392653280307488     
   3.5093000000000001       0.20926295327574052     
   3.5093100000000002       0.26958998575780785     
   3.5093200000000002       0.21553854486653357     
   3.5093300000000003       0.25888631929530975     
   3.5093400000000003       0.20529700277423962     
   3.5093500000000004       0.25678344098414002     
   3.5093600000000005       0.20751944684620127     
   3.5093700000000001       0.25511555292674004     
   3.5093800000000002       0.22188397724167530     
   3.5093900000000002       0.24934836845811897     
   3.5094000000000003       0.23217710370490968     
   3.5094100000000004       0.21471821427098123     
   3.5094200000000004       0.25246014637558284     
   3.5094300000000005       0.21651343363778700     
   3.5094400000000001       0.25032877082530097     
   3.5094500000000002       0.20964634168204754     
   3.5094600000000002       0.24488765117689881     
   3.5094700000000003       0.21281560759512802     
   3.5094800000000004       0.26674621530648412     
   3.5094900000000004       0.19937177894805799     
   3.5095000000000005       0.23090679313655119     
   3.5095100000000001       0.22164430317581699     
   3.5095200000000002       0.22178220859066505     
   3.5095300000000003       0.20571890083201835     
   3.5095400000000003       0.23058934897360348     
   3.5095500000000004       0.19332337408809655     
   3.5095600000000005       0.25110615160083000     
   3.5095700000000001       0.19793523027401452     
   3.5095800000000001       0.24523126061853703     
   3.5095900000000002       0.19076671762784517     
   3.5096000000000003       0.25625767154158996     
   3.5096100000000003       0.18409816373315396     
   3.5096200000000004       0.26228694123827667     
   3.5096300000000005       0.16857835504764856     
   3.5096400000000001       0.25304643175860608     
   3.5096500000000002       0.18664777560045723     
   3.5096600000000002       0.24052573604270597     
   3.5096700000000003       0.18163877947866469     
   3.5096800000000004       0.22494874627202580     
   3.5096900000000004       0.19168250839011022     
   3.5097000000000005       0.18881648147454108     
   3.5097100000000001       0.20455127495391645     
   3.5097200000000002       0.18907324265637615     
   3.5097300000000002       0.20507656040219074     
   3.5097400000000003       0.18665224814632511     
   3.5097500000000004       0.19870551130307423     
   3.5097600000000004       0.19685623342413652     
   3.5097700000000005       0.19585192286393086     
   3.5097800000000001       0.19462859734251869     
   3.5097900000000002       0.19463110933295824     
   3.5098000000000003       0.19470490677912741     
   3.5098100000000003       0.18439341192947939     
   3.5098200000000004       0.19920318954076485     
   3.5098300000000004       0.18188661417825885     
   3.5098400000000001       0.19270418291350319     
   3.5098500000000001       0.18102373726253823     
   3.5098600000000002       0.18694275809988395     
   3.5098700000000003       0.18010316860832923     
   3.5098800000000003       0.19212913224800013     
   3.5098900000000004       0.18090410520628070     
   3.5099000000000005       0.18542333938237435     
   3.5099100000000001       0.17784272764316855     
   3.5099200000000002       0.17163440657620671     
   3.5099300000000002       0.17038509473109342     
   3.5099400000000003       0.16862973507924103     
   3.5099500000000003       0.15857564732481422     
   3.5099600000000004       0.17021125558759195     
   3.5099700000000005       0.15657989407611372     
   3.5099800000000001       0.16977417390322957     
   3.5099900000000002       0.15163019127767138     
   3.5100000000000002       0.15772098745296986     
