   3.0000000000000004        3157.3034994526984     
   3.0010000000000003        3157.3516874267243     
   3.0020000000000002        3157.5013240744352     
   3.0030000000000001        3157.7216232742489     
   3.0040000000000004        3157.9731740431380     
   3.0050000000000003        3158.2274196740400     
   3.0060000000000002        3158.4616972024537     
   3.0070000000000001        3158.6686435682227     
   3.0080000000000005        3158.8463046443485     
   3.0090000000000003        3158.9937619830862     
   3.0100000000000002        3159.1109024558245     
   3.0110000000000001        3159.2003454108130     
   3.0120000000000005        3159.2645684474633     
   3.0130000000000003        3159.3033376416206     
   3.0140000000000002        3159.3180504950824     
   3.0150000000000001        3159.3112346025218     
   3.0160000000000005        3159.2860092692208     
   3.0170000000000003        3159.2434122931745     
   3.0180000000000002        3159.1838832164462     
   3.0190000000000001        3159.1082925685978     
   3.0200000000000005        3159.0190041022374     
   3.0210000000000004        3158.9195148112112     
   3.0220000000000002        3158.8124297280765     
   3.0230000000000001        3158.7002077195107     
   3.0240000000000005        3158.5849728782296     
   3.0250000000000004        3158.4697082793023     
   3.0260000000000002        3158.3568724019337     
   3.0270000000000001        3158.2491569898593     
   3.0280000000000005        3158.1492338469666     
   3.0290000000000004        3158.0591149172842     
   3.0300000000000002        3157.9809377908896     
   3.0310000000000001        3157.9147339121655     
   3.0320000000000000        3157.8616616562899     
   3.0330000000000004        3157.8220696212966     
   3.0340000000000003        3157.7927299440930     
   3.0350000000000001        3157.7700299131002     
   3.0360000000000000        3157.7527627959248     
   3.0370000000000004        3157.7412879528392     
   3.0380000000000003        3157.7332209334581     
   3.0390000000000001        3157.7269231683522     
   3.0400000000000000        3157.7185615006492     
   3.0410000000000004        3157.7074886243104     
   3.0420000000000003        3157.6928726168740     
   3.0430000000000001        3157.6761515315279     
   3.0440000000000000        3157.6585767143079     
   3.0450000000000004        3157.6395197022230     
   3.0460000000000003        3157.6198363697667     
   3.0470000000000002        3157.6007143205043     
   3.0480000000000000        3157.5824680210053     
   3.0490000000000004        3157.5658060378378     
   3.0500000000000003        3157.5521191330154     
   3.0510000000000002        3157.5422332212884     
   3.0520000000000000        3157.5360265316003     
   3.0530000000000004        3157.5327755110548     
   3.0540000000000003        3157.5314373841952     
   3.0550000000000002        3157.5326617168762     
   3.0560000000000000        3157.5356177760859     
   3.0570000000000004        3157.5378889902513     
   3.0580000000000003        3157.5382671177595     
   3.0590000000000002        3157.5349310711076     
   3.0600000000000001        3157.5283633576287     
   3.0610000000000004        3157.5195748217311     
   3.0620000000000003        3157.5087179236725     
   3.0630000000000002        3157.4969533986923     
   3.0640000000000001        3157.4847659757052     
   3.0650000000000004        3157.4736956518677     
   3.0660000000000003        3157.4649637500656     
   3.0670000000000002        3157.4588009391637     
   3.0680000000000001        3157.4557913828726     
   3.0690000000000004        3157.4543565532772     
   3.0700000000000003        3157.4549994888976     
   3.0710000000000002        3157.4590074333478     
   3.0720000000000001        3157.4635380835402     
   3.0730000000000004        3157.4672135910323     
   3.0740000000000003        3157.4697254813727     
   3.0750000000000002        3157.4692159507863     
   3.0760000000000001        3157.4664877664850     
   3.0770000000000004        3157.4614625981876     
   3.0780000000000003        3157.4541020661459     
   3.0790000000000002        3157.4437472536747     
   3.0800000000000001        3157.4317838950965     
   3.0810000000000004        3157.4196941566288     
   3.0820000000000003        3157.4079682645115     
   3.0830000000000002        3157.3998043124125     
   3.0840000000000001        3157.3941021854698     
   3.0850000000000004        3157.3912194215341     
   3.0860000000000003        3157.3919864471172     
   3.0870000000000002        3157.3956364907781     
   3.0880000000000001        3157.4008144644317     
   3.0890000000000004        3157.4061778547093     
   3.0900000000000003        3157.4109448032814     
   3.0910000000000002        3157.4153796824403     
   3.0920000000000001        3157.4182377756665     
   3.0930000000000004        3157.4177775550502     
   3.0940000000000003        3157.4133859313811     
   3.0950000000000002        3157.4060089101536     
   3.0960000000000001        3157.3962513518359     
   3.0970000000000004        3157.3859779271634     
   3.0980000000000003        3157.3748667348268     
   3.0990000000000002        3157.3633220863026     
   3.1000000000000001        3157.3538370804549     
   3.1010000000000004        3157.3478210445460     
   3.1020000000000003        3157.3456918222382     
   3.1030000000000002        3157.3470138494376     
   3.1040000000000001        3157.3504191826146     
   3.1050000000000004        3157.3542786752278     
   3.1060000000000003        3157.3580067485191     
   3.1070000000000002        3157.3615952169657     
   3.1080000000000001        3157.3646154265211     
   3.1090000000000004        3157.3654653216790     
   3.1100000000000003        3157.3642206468112     
   3.1110000000000002        3157.3599235708684     
   3.1120000000000001        3157.3542090601709     
   3.1130000000000004        3157.3478412187469     
   3.1140000000000003        3157.3411804458451     
   3.1150000000000002        3157.3338190942768     
   3.1160000000000001        3157.3265776978769     
   3.1170000000000004        3157.3195434514510     
   3.1180000000000003        3157.3135119823869     
   3.1190000000000002        3157.3092820622583     
   3.1200000000000001        3157.3062676077361     
   3.1210000000000004        3157.3049254255352     
   3.1220000000000003        3157.3055783682394     
   3.1230000000000002        3157.3081472039094     
   3.1240000000000001        3157.3115825506034     
   3.1250000000000004        3157.3148481733469     
   3.1260000000000003        3157.3176725924718     
   3.1270000000000002        3157.3197297807606     
   3.1280000000000001        3157.3201943450017     
   3.1290000000000004        3157.3185153547261     
   3.1300000000000003        3157.3156022996536     
   3.1310000000000002        3157.3121195360422     
   3.1320000000000001        3157.3073203835525     
   3.1330000000000005        3157.3024122405955     
   3.1340000000000003        3157.2970606459394     
   3.1350000000000002        3157.2915112185260     
   3.1360000000000001        3157.2870036109662     
   3.1370000000000005        3157.2836512376184     
   3.1380000000000003        3157.2821432306955     
   3.1390000000000002        3157.2832549470745     
   3.1400000000000001        3157.2863980500083     
   3.1410000000000005        3157.2892163821416     
   3.1420000000000003        3157.2909159610908     
   3.1430000000000002        3157.2918507572253     
   3.1440000000000001        3157.2916364863013     
   3.1450000000000005        3157.2906834357182     
   3.1460000000000004        3157.2879914590112     
   3.1470000000000002        3157.2830350879849     
   3.1480000000000001        3157.2769079050922     
   3.1490000000000005        3157.2706788161986     
   3.1500000000000004        3157.2652259833212     
   3.1510000000000002        3157.2611999791329     
   3.1520000000000001        3157.2582920666746     
   3.1530000000000005        3157.2565208240421     
   3.1540000000000004        3157.2553019717384     
   3.1550000000000002        3157.2549242885830     
   3.1560000000000001        3157.2551609843031     
   3.1570000000000005        3157.2555752972553     
   3.1580000000000004        3157.2564287292225     
   3.1590000000000003        3157.2569741133516     
   3.1600000000000001        3157.2565313291398     
   3.1610000000000005        3157.2553218031508     
   3.1620000000000004        3157.2534176041154     
   3.1630000000000003        3157.2512011897957     
   3.1640000000000001        3157.2474160690881     
   3.1650000000000005        3157.2431081383620     
   3.1660000000000004        3157.2394839061399     
   3.1670000000000003        3157.2373208238369     
   3.1680000000000001        3157.2357570457057     
   3.1690000000000000        3157.2345361048501     
   3.1700000000000004        3157.2338323054905     
   3.1710000000000003        3157.2337485838343     
   3.1720000000000002        3157.2338569555900     
   3.1730000000000000        3157.2339380679514     
   3.1740000000000004        3157.2346402993239     
   3.1750000000000003        3157.2357265120445     
   3.1760000000000002        3157.2365095708969     
   3.1770000000000000        3157.2365155100406     
   3.1780000000000004        3157.2353055059671     
   3.1790000000000003        3157.2326317327474     
   3.1800000000000002        3157.2293708820416     
   3.1810000000000000        3157.2257601279380     
   3.1820000000000004        3157.2211604775716     
   3.1830000000000003        3157.2165541439385     
   3.1840000000000002        3157.2129559165273     
   3.1850000000000001        3157.2101663192161     
   3.1860000000000004        3157.2085902402932     
   3.1870000000000003        3157.2082869829192     
   3.1880000000000002        3157.2084774124801     
   3.1890000000000001        3157.2099981042252     
   3.1900000000000004        3157.2122131351512     
   3.1910000000000003        3157.2140622347520     
   3.1920000000000002        3157.2163121901012     
   3.1930000000000001        3157.2173140210084     
   3.1940000000000004        3157.2165357826530     
   3.1950000000000003        3157.2152314121386     
   3.1960000000000002        3157.2133233543886     
   3.1970000000000001        3157.2106400424377     
   3.1980000000000004        3157.2085774028351     
   3.1990000000000003        3157.2069122929802     
   3.2000000000000002        3157.2056692712786     
   3.2010000000000001        3157.2053526630070     
   3.2020000000000004        3157.2058714830118     
   3.2030000000000003        3157.2067554968776     
   3.2040000000000002        3157.2080487875246     
   3.2050000000000001        3157.2094571405673     
   3.2060000000000004        3157.2109352061211     
   3.2070000000000003        3157.2107560641584     
   3.2080000000000002        3157.2085849797563     
   3.2090000000000001        3157.2046614373103     
   3.2100000000000004        3157.2000609185839     
   3.2110000000000003        3157.1954793896098     
   3.2120000000000002        3157.1913430786835     
   3.2130000000000001        3157.1867735885990     
   3.2140000000000004        3157.1829067358785     
   3.2150000000000003        3157.1794624068325     
   3.2160000000000002        3157.1771098334066     
   3.2170000000000001        3157.1759206331221     
   3.2180000000000004        3157.1760438626479     
   3.2190000000000003        3157.1773574141907     
   3.2200000000000002        3157.1789875486015     
   3.2210000000000001        3157.1795093996097     
   3.2220000000000004        3157.1798005413548     
   3.2230000000000003        3157.1802767192871     
   3.2240000000000002        3157.1796081014945     
   3.2250000000000001        3157.1788597507903     
   3.2260000000000004        3157.1776635630949     
   3.2270000000000003        3157.1749287107114     
   3.2280000000000002        3157.1718695671248     
   3.2290000000000001        3157.1689373580152     
   3.2300000000000004        3157.1666044760277     
   3.2310000000000003        3157.1653180312146     
   3.2320000000000002        3157.1641386037791     
   3.2330000000000001        3157.1640468297082     
   3.2340000000000004        3157.1648777076616     
   3.2350000000000003        3157.1655503614352     
   3.2360000000000002        3157.1657467519858     
   3.2370000000000001        3157.1660710098881     
   3.2380000000000004        3157.1656215000407     
   3.2390000000000003        3157.1643828786673     
   3.2400000000000002        3157.1629890241620     
   3.2410000000000001        3157.1620993849865     
   3.2420000000000004        3157.1612201418202     
   3.2430000000000003        3157.1595228670612     
   3.2440000000000002        3157.1577866867019     
   3.2450000000000001        3157.1562342169568     
   3.2460000000000004        3157.1542470575305     
   3.2470000000000003        3157.1518269802141     
   3.2480000000000002        3157.1502561362340     
   3.2490000000000001        3157.1488258911390     
   3.2500000000000004        3157.1465136290512     
   3.2510000000000003        3157.1435673034402     
   3.2520000000000002        3157.1403714117891     
   3.2530000000000001        3157.1388276648208     
   3.2540000000000004        3157.1389999363273     
   3.2550000000000003        3157.1404731600883     
   3.2560000000000002        3157.1429798428485     
   3.2570000000000001        3157.1460881309499     
   3.2580000000000005        3157.1489107902325     
   3.2590000000000003        3157.1506783712798     
   3.2600000000000002        3157.1512420393883     
   3.2610000000000001        3157.1507972503459     
   3.2620000000000005        3157.1496945436097     
   3.2630000000000003        3157.1471108954752     
   3.2640000000000002        3157.1436853395749     
   3.2650000000000001        3157.1401646747399     
   3.2660000000000005        3157.1366443082593     
   3.2670000000000003        3157.1330316245189     
   3.2680000000000002        3157.1304943885489     
   3.2690000000000001        3157.1282693802364     
   3.2700000000000005        3157.1262608821166     
   3.2710000000000004        3157.1244336662867     
   3.2720000000000002        3157.1233952771881     
   3.2730000000000001        3157.1232607194588     
   3.2740000000000005        3157.1236638082078     
   3.2750000000000004        3157.1249958170797     
   3.2760000000000002        3157.1252350001228     
   3.2770000000000001        3157.1246573411017     
   3.2780000000000005        3157.1240111068673     
   3.2790000000000004        3157.1234359897562     
   3.2800000000000002        3157.1232354820895     
   3.2810000000000001        3157.1224014637528     
   3.2820000000000005        3157.1215529880783     
   3.2830000000000004        3157.1207148038602     
   3.2840000000000003        3157.1202178321828     
   3.2850000000000001        3157.1207296087950     
   3.2860000000000005        3157.1205635271599     
   3.2870000000000004        3157.1208050517362     
   3.2880000000000003        3157.1220575440311     
   3.2890000000000001        3157.1217473772990     
   3.2900000000000005        3157.1202839626976     
   3.2910000000000004        3157.1176169421360     
   3.2920000000000003        3157.1146219663174     
   3.2930000000000001        3157.1120998474230     
   3.2940000000000005        3157.1098088690687     
   3.2950000000000004        3157.1074031954849     
   3.2960000000000003        3157.1046799784453     
   3.2970000000000002        3157.1023714698949     
   3.2980000000000005        3157.1003422495123     
   3.2990000000000004        3157.0991675397081     
   3.3000000000000003        3157.0986523883867     
   3.3010000000000002        3157.0991928693070     
   3.3020000000000005        3157.1002182486741     
   3.3030000000000004        3157.1016596158970     
   3.3040000000000003        3157.1023193387382     
   3.3050000000000002        3157.1027994596393     
   3.3060000000000000        3157.1034279096375     
   3.3070000000000004        3157.1034999781591     
   3.3080000000000003        3157.1027060209722     
   3.3090000000000002        3157.1011853754330     
   3.3100000000000001        3157.0989380262558     
   3.3110000000000004        3157.0967342777408     
   3.3120000000000003        3157.0937958578529     
   3.3130000000000002        3157.0909310435236     
   3.3140000000000001        3157.0880644922158     
   3.3150000000000004        3157.0853237481233     
   3.3160000000000003        3157.0832706952124     
   3.3170000000000002        3157.0817005878434     
   3.3180000000000001        3157.0809179463304     
   3.3190000000000004        3157.0811867219090     
   3.3200000000000003        3157.0815978485657     
   3.3210000000000002        3157.0823259025692     
   3.3220000000000001        3157.0829828009537     
   3.3230000000000004        3157.0829369184739     
   3.3240000000000003        3157.0820373982970     
   3.3250000000000002        3157.0804675732461     
   3.3260000000000001        3157.0791521373421     
   3.3270000000000004        3157.0780985165552     
   3.3280000000000003        3157.0768204076071     
   3.3290000000000002        3157.0751747133640     
   3.3300000000000001        3157.0732900187231     
   3.3310000000000004        3157.0714401749278     
   3.3320000000000003        3157.0688066831121     
   3.3330000000000002        3157.0664775252335     
   3.3340000000000001        3157.0648509763128     
   3.3350000000000004        3157.0629771044260     
   3.3360000000000003        3157.0619256491227     
   3.3370000000000002        3157.0619433894226     
   3.3380000000000001        3157.0625255669825     
   3.3390000000000004        3157.0622929986839     
   3.3400000000000003        3157.0613367246415     
   3.3410000000000002        3157.0606188095480     
   3.3420000000000001        3157.0600375708314     
   3.3430000000000004        3157.0596982945658     
   3.3440000000000003        3157.0593793665857     
   3.3450000000000002        3157.0595387759113     
   3.3460000000000001        3157.0596111891559     
   3.3470000000000004        3157.0604223294831     
   3.3480000000000003        3157.0618967488731     
   3.3490000000000002        3157.0627491067698     
   3.3500000000000001        3157.0626701776332     
   3.3510000000000004        3157.0615819691666     
   3.3520000000000003        3157.0591938678990     
   3.3530000000000002        3157.0558150768793     
   3.3540000000000001        3157.0521475416185     
   3.3550000000000004        3157.0491640644009     
   3.3560000000000003        3157.0464786413049     
   3.3570000000000002        3157.0443301584464     
   3.3580000000000001        3157.0428828796198     
   3.3590000000000004        3157.0425105388499     
   3.3600000000000003        3157.0427268251065     
   3.3610000000000002        3157.0431041139118     
   3.3620000000000001        3157.0434141474234     
   3.3630000000000004        3157.0428227569005     
   3.3640000000000003        3157.0415578624120     
   3.3650000000000002        3157.0401093859678     
   3.3660000000000001        3157.0379785403893     
   3.3670000000000004        3157.0364840591865     
   3.3680000000000003        3157.0357593752206     
   3.3690000000000002        3157.0362274420040     
   3.3700000000000001        3157.0361972565706     
   3.3710000000000004        3157.0367467884566     
   3.3720000000000003        3157.0379771298699     
   3.3730000000000002        3157.0382523871908     
   3.3740000000000001        3157.0365664106816     
   3.3750000000000004        3157.0346467237541     
   3.3760000000000003        3157.0322057225003     
   3.3770000000000002        3157.0290752351402     
   3.3780000000000001        3157.0253758977883     
   3.3790000000000004        3157.0219708602726     
   3.3800000000000003        3157.0190034951770     
   3.3810000000000002        3157.0166889898924     
   3.3820000000000001        3157.0155217786314     
   3.3830000000000005        3157.0143007811175     
   3.3840000000000003        3157.0137390806385     
   3.3850000000000002        3157.0150178559629     
   3.3860000000000001        3157.0171497314054     
   3.3870000000000005        3157.0194194574265     
   3.3880000000000003        3157.0215920103215     
   3.3890000000000002        3157.0228722826823     
   3.3900000000000001        3157.0231391948714     
   3.3910000000000005        3157.0227067111118     
   3.3920000000000003        3157.0210479695138     
   3.3930000000000002        3157.0177927597315     
   3.3940000000000001        3157.0137537092010     
   3.3950000000000005        3157.0079783263936     
   3.3960000000000004        3157.0007498127552     
   3.3970000000000002        3156.9929958875377     
   3.3980000000000001        3156.9868959447199     
   3.3990000000000005        3156.9829649730900     
   3.4000000000000004        3156.9809875304059     
   3.4010000000000002        3156.9810550631719     
   3.4020000000000001        3156.9831764450737     
   3.4030000000000005        3156.9878258656404     
   3.4040000000000004        3156.9940537390157     
   3.4050000000000002        3157.0016984387876     
   3.4060000000000001        3157.0081915238011     
   3.4070000000000005        3157.0134960281785     
   3.4080000000000004        3157.0168092775375     
   3.4090000000000003        3157.0180973757019     
   3.4100000000000001        3157.0165610113836     
   3.4110000000000005        3157.0134469346062     
   3.4120000000000004        3157.0083542259495     
   3.4130000000000003        3157.0013349777350     
   3.4140000000000001        3156.9943783432932     
   3.4150000000000005        3156.9871947814877     
   3.4160000000000004        3156.9808679902017     
   3.4170000000000003        3156.9758588645959     
   3.4180000000000001        3156.9721594230414     
   3.4190000000000005        3156.9700701532415     
   3.4200000000000004        3156.9698501721718     
   3.4210000000000003        3156.9715066220879     
   3.4220000000000002        3156.9744211925035     
   3.4230000000000005        3156.9774675906529     
   3.4240000000000004        3156.9803897825464     
   3.4250000000000003        3156.9812521631015     
   3.4260000000000002        3156.9798616414309     
   3.4270000000000005        3156.9772924107610     
   3.4280000000000004        3156.9749070048192     
   3.4290000000000003        3156.9718247960955     
   3.4300000000000002        3156.9686044798291     
   3.4310000000000005        3156.9658037555027     
   3.4320000000000004        3156.9632951959275     
   3.4330000000000003        3156.9620598080351     
   3.4340000000000002        3156.9622316104114     
   3.4350000000000005        3156.9619544523257     
   3.4360000000000004        3156.9610687324530     
   3.4370000000000003        3156.9597740347072     
   3.4380000000000002        3156.9579241058195     
   3.4390000000000005        3156.9555121873782     
   3.4400000000000004        3156.9535364966523     
   3.4410000000000003        3156.9512710555009     
   3.4420000000000002        3156.9485086564232     
   3.4430000000000001        3156.9457470452930     
   3.4440000000000004        3156.9442448633258     
   3.4450000000000003        3156.9435571861268     
   3.4460000000000002        3156.9425947691275     
   3.4470000000000001        3156.9411223068159     
   3.4480000000000004        3156.9391953987001     
   3.4490000000000003        3156.9375180774377     
   3.4500000000000002        3156.9357611018354     
   3.4510000000000001        3156.9347565936800     
   3.4520000000000004        3156.9337172216979     
   3.4530000000000003        3156.9331763965406     
   3.4540000000000002        3156.9335539587792     
   3.4550000000000001        3156.9333926048662     
   3.4560000000000004        3156.9328910465838     
   3.4570000000000003        3156.9323568076338     
   3.4580000000000002        3156.9322009694024     
   3.4590000000000001        3156.9318752607978     
   3.4600000000000004        3156.9324460245030     
   3.4610000000000003        3156.9330067032670     
   3.4620000000000002        3156.9322130537225     
   3.4630000000000001        3156.9303807624551     
   3.4640000000000004        3156.9282392208038     
   3.4650000000000003        3156.9258898445860     
   3.4660000000000002        3156.9231629159553     
   3.4670000000000001        3156.9199213321995     
   3.4680000000000004        3156.9166568890391     
   3.4690000000000003        3156.9133643561408     
   3.4700000000000002        3156.9107341289432     
   3.4710000000000001        3156.9083599797982     
   3.4720000000000004        3156.9060319960972     
   3.4730000000000003        3156.9048206735474     
   3.4740000000000002        3156.9045122646153     
   3.4750000000000001        3156.9045595070311     
   3.4760000000000004        3156.9048361255759     
   3.4770000000000003        3156.9050277674773     
   3.4780000000000002        3156.9057611465541     
   3.4790000000000001        3156.9060621980839     
   3.4800000000000004        3156.9053192730557     
   3.4810000000000003        3156.9041437767960     
   3.4820000000000002        3156.9021319967796     
   3.4830000000000001        3156.8995534686537     
   3.4840000000000004        3156.8968434635558     
   3.4850000000000003        3156.8934752547057     
   3.4860000000000002        3156.8903895054918     
   3.4870000000000001        3156.8872513047713     
   3.4880000000000004        3156.8850654999683     
   3.4890000000000003        3156.8839959307720     
   3.4900000000000002        3156.8835841816699     
   3.4910000000000001        3156.8829490510002     
   3.4920000000000004        3156.8816014746149     
   3.4930000000000003        3156.8804301866890     
   3.4940000000000002        3156.8794092130192     
   3.4950000000000001        3156.8790385338912     
   3.4960000000000004        3156.8784291149286     
   3.4970000000000003        3156.8774739288219     
   3.4980000000000002        3156.8759925780046     
   3.4990000000000001        3156.8750096588351     
   3.5000000000000004        3156.8745725387225     
