   3.5000000000000004        1.9711737732469668E-002
   3.5000100000000001        1.6730184558670234E-002
   3.5000200000000001        1.9876140144988591E-002
   3.5000300000000002        1.6465400298834254E-002
   3.5000400000000003        2.0370994617973183E-002
   3.5000500000000003        1.6192967362002000E-002
   3.5000600000000004        1.9345663677930783E-002
   3.5000700000000005        1.6467644781227076E-002
   3.5000800000000001        2.0678646837573533E-002
   3.5000900000000001        1.6927402077607127E-002
   3.5001000000000002        1.9813199307571149E-002
   3.5001100000000003        1.7657795163799790E-002
   3.5001200000000003        1.8830989433263067E-002
   3.5001300000000004        1.7552701722988416E-002
   3.5001400000000005        1.9624870016174925E-002
   3.5001500000000001        1.8060754458429799E-002
   3.5001600000000002        1.7717383113135983E-002
   3.5001700000000002        1.7904618960167960E-002
   3.5001800000000003        1.7077255047784026E-002
   3.5001900000000004        1.7871669647865900E-002
   3.5002000000000004        1.6808102527757999E-002
   3.5002100000000005        1.7580415167308346E-002
   3.5002200000000001        1.6870658095535025E-002
   3.5002300000000002        1.7441980303239756E-002
   3.5002400000000002        1.6260261493269940E-002
   3.5002500000000003        1.7325646215184339E-002
   3.5002600000000004        1.6162798519097837E-002
   3.5002700000000004        1.6814015863354584E-002
   3.5002800000000005        1.6497630482512904E-002
   3.5002900000000001        1.7778438161050538E-002
   3.5003000000000002        1.5980029606250633E-002
   3.5003100000000003        1.8466139241393474E-002
   3.5003200000000003        1.5682044882021524E-002
   3.5003300000000004        1.8111868300099872E-002
   3.5003400000000005        1.5666236106507313E-002
   3.5003500000000001        1.8436717344213836E-002
   3.5003600000000001        1.5925105845013863E-002
   3.5003700000000002        1.8692932140321576E-002
   3.5003800000000003        1.6211593770384624E-002
   3.5003900000000003        1.7708625673686040E-002
   3.5004000000000004        1.6060365312747422E-002
   3.5004100000000005        1.8311444383431009E-002
   3.5004200000000001        1.6852956359903980E-002
   3.5004300000000002        1.9266180994072304E-002
   3.5004400000000002        1.5350987912746231E-002
   3.5004500000000003        2.0174971024535155E-002
   3.5004600000000003        1.5835045567313816E-002
   3.5004700000000004        1.9425932611958716E-002
   3.5004800000000005        1.6260980300140358E-002
   3.5004900000000001        1.9942369512056503E-002
   3.5005000000000002        1.6232339025753419E-002
   3.5005100000000002        2.0296084512993300E-002
   3.5005200000000003        1.5979189108975899E-002
   3.5005300000000004        2.0088075955155420E-002
   3.5005400000000004        1.6632435153279782E-002
   3.5005500000000005        1.9902573313327239E-002
   3.5005600000000001        1.6258939287314020E-002
   3.5005700000000002        1.9932416031224254E-002
   3.5005800000000002        1.5600161889070895E-002
   3.5005900000000003        2.0297916012178660E-002
   3.5006000000000004        1.5403203846953822E-002
   3.5006100000000004        2.0255256929134963E-002
   3.5006200000000001        1.5118239537907764E-002
   3.5006300000000001        1.9662214261754515E-002
   3.5006400000000002        1.5581763987766372E-002
   3.5006500000000003        1.9341305195596726E-002
   3.5006600000000003        1.4009393049248434E-002
   3.5006700000000004        1.9644271805323053E-002
   3.5006800000000005        1.3589848441528994E-002
   3.5006900000000001        2.0119091655159970E-002
   3.5007000000000001        1.3092521812645008E-002
   3.5007100000000002        2.0192949432631210E-002
   3.5007200000000003        1.4117874629282897E-002
   3.5007300000000003        1.9265735398444988E-002
   3.5007400000000004        1.3273721784904394E-002
   3.5007500000000005        2.0647495106240699E-002
   3.5007600000000001        1.3769670385875321E-002
   3.5007700000000002        1.9725234813892940E-002
   3.5007800000000002        1.4581484651796697E-002
   3.5007900000000003        1.8921187205744251E-002
   3.5008000000000004        1.4938704857502568E-002
   3.5008100000000004        1.8402772065639700E-002
   3.5008200000000005        1.4455142481368770E-002
   3.5008300000000001        1.8612623354953547E-002
   3.5008400000000002        1.5461427417948403E-002
   3.5008500000000002        1.7760837148535741E-002
   3.5008600000000003        1.5789555474120288E-002
   3.5008700000000004        1.7358992016050144E-002
   3.5008800000000004        1.5078088192295105E-002
   3.5008900000000005        1.7117880825035937E-002
   3.5009000000000001        1.5056085568123335E-002
   3.5009100000000002        1.6844849812665184E-002
   3.5009200000000003        1.4924841817113442E-002
   3.5009300000000003        1.7015054569005598E-002
   3.5009400000000004        1.4879475357645888E-002
   3.5009500000000005        1.7112078759421286E-002
   3.5009600000000001        1.4567682781746813E-002
   3.5009700000000001        1.8024911797695081E-002
   3.5009800000000002        1.3631342100501719E-002
   3.5009900000000003        1.8116216333399517E-002
   3.5010000000000003        1.3565721910414375E-002
   3.5010100000000004        1.7478153737852792E-002
   3.5010200000000005        1.4385153230089586E-002
   3.5010300000000001        1.7446351749417770E-002
   3.5010400000000002        1.4737439807697685E-002
   3.5010500000000002        1.8503493155876301E-002
   3.5010600000000003        1.4823785609380189E-002
   3.5010700000000003        1.7997081910553832E-002
   3.5010800000000004        1.5462866458825317E-002
   3.5010900000000005        1.7553497907761412E-002
   3.5011000000000001        1.5740663413761399E-002
   3.5011100000000002        1.7067169473890514E-002
   3.5011200000000002        1.5758067443885117E-002
   3.5011300000000003        1.7250528654963512E-002
   3.5011400000000004        1.4603825166557919E-002
   3.5011500000000004        1.7893149903788388E-002
   3.5011600000000005        1.4844645930873276E-002
   3.5011700000000001        1.7189545816505312E-002
   3.5011800000000002        1.5002342287736488E-002
   3.5011900000000002        1.6520559478125925E-002
   3.5012000000000003        1.5139676206331795E-002
   3.5012100000000004        1.6357379564732884E-002
   3.5012200000000004        1.5047669110890385E-002
   3.5012300000000001        1.6447473606180502E-002
   3.5012400000000001        1.5403658862708775E-002
   3.5012500000000002        1.5319877101542204E-002
   3.5012600000000003        1.5388644824158280E-002
   3.5012700000000003        1.5066467173172794E-002
   3.5012800000000004        1.5126808013029314E-002
   3.5012900000000005        1.5955031642835515E-002
   3.5013000000000001        1.3831467570135644E-002
   3.5013100000000001        1.7231613230342658E-002
   3.5013200000000002        1.4006081996435479E-002
   3.5013300000000003        1.7433031845684229E-002
   3.5013400000000003        1.4585365796533509E-002
   3.5013500000000004        1.7034540846282076E-002
   3.5013600000000005        1.4200910431976769E-002
   3.5013700000000001        1.6826241896866961E-002
   3.5013800000000002        1.4703618912279410E-002
   3.5013900000000002        1.6379072157318403E-002
   3.5014000000000003        1.4844704399838099E-002
   3.5014100000000004        1.6767270338582999E-002
   3.5014200000000004        1.4929769490409554E-002
   3.5014300000000005        1.6439217003750374E-002
   3.5014400000000001        1.5013537850730800E-002
   3.5014500000000002        1.7005164146770370E-002
   3.5014600000000002        1.4799240198181700E-002
   3.5014700000000003        1.7215091782633255E-002
   3.5014800000000004        1.5102174619178293E-002
   3.5014900000000004        1.6814554198860639E-002
   3.5015000000000005        1.5759952907519376E-002
   3.5015100000000001        1.6397316666762418E-002
   3.5015200000000002        1.6090370667269364E-002
   3.5015300000000003        1.6620304600529604E-002
   3.5015400000000003        1.5845286139849125E-002
   3.5015500000000004        1.7704958563522635E-002
   3.5015600000000004        1.5685334452936673E-002
   3.5015700000000001        1.7954328434970659E-002
   3.5015800000000001        1.5645558491204199E-002
   3.5015900000000002        1.7918094620050364E-002
   3.5016000000000003        1.5153111157926160E-002
   3.5016100000000003        1.7689257706647879E-002
   3.5016200000000004        1.5421936107848592E-002
   3.5016300000000005        1.7596487281687560E-002
   3.5016400000000001        1.5181959273705253E-002
   3.5016500000000002        1.7610630121726673E-002
   3.5016600000000002        1.4693017976751908E-002
   3.5016700000000003        1.7306114205581067E-002
   3.5016800000000003        1.5297355806645494E-002
   3.5016900000000004        1.7164458184383991E-002
   3.5017000000000005        1.4492803453775982E-002
   3.5017100000000001        1.6587319315919120E-002
   3.5017200000000002        1.4917777365950740E-002
   3.5017300000000002        1.5711705332433282E-002
   3.5017400000000003        1.4754160913283743E-002
   3.5017500000000004        1.5949887088781738E-002
   3.5017600000000004        1.4608479909891746E-002
   3.5017700000000005        1.6487427347574749E-002
   3.5017800000000001        1.4183355533108642E-002
   3.5017900000000002        1.7362567422643711E-002
   3.5018000000000002        1.4026695588679207E-002
   3.5018100000000003        1.6731179632622391E-002
   3.5018200000000004        1.3434701253251437E-002
   3.5018300000000004        1.7011028605107562E-002
   3.5018400000000005        1.3694766000632916E-002
   3.5018500000000001        1.6492604816843680E-002
   3.5018600000000002        1.3890015679971182E-002
   3.5018700000000003        1.6935266891923415E-002
   3.5018800000000003        1.3799047421669831E-002
   3.5018900000000004        1.6585191606837600E-002
   3.5019000000000005        1.2923688509216750E-002
   3.5019100000000001        1.6997168208165742E-002
   3.5019200000000001        1.3214692291752114E-002
   3.5019300000000002        1.7594429022724588E-002
   3.5019400000000003        1.2687040561388942E-002
   3.5019500000000003        1.7351196306089379E-002
   3.5019600000000004        1.2694368529792598E-002
   3.5019700000000005        1.8687895144381534E-002
   3.5019800000000001        1.3081451467873723E-002
   3.5019900000000002        1.7172782723794661E-002
   3.5020000000000002        1.3276427375316795E-002
   3.5020100000000003        1.8164849957213541E-002
   3.5020200000000004        1.3428822950357999E-002
   3.5020300000000004        1.7430786789637359E-002
   3.5020400000000005        1.3382868589498696E-002
   3.5020500000000001        1.7617871715779762E-002
   3.5020600000000002        1.3859256941493498E-002
   3.5020700000000002        1.7590444714842331E-002
   3.5020800000000003        1.3366554709321786E-002
   3.5020900000000004        1.8058031439401771E-002
   3.5021000000000004        1.3412686456647145E-002
   3.5021100000000005        1.7974187623045226E-002
   3.5021200000000001        1.3301664871811050E-002
   3.5021300000000002        1.7097836598828173E-002
   3.5021400000000003        1.3953722394860396E-002
   3.5021500000000003        1.7466749286583570E-002
   3.5021600000000004        1.4280817505037104E-002
   3.5021700000000004        1.7063307930110721E-002
   3.5021800000000001        1.3965407308033645E-002
   3.5021900000000001        1.7074502572944707E-002
   3.5022000000000002        1.3500971915406793E-002
   3.5022100000000003        1.6964896226403771E-002
   3.5022200000000003        1.3540783957702092E-002
   3.5022300000000004        1.7517155644654506E-002
   3.5022400000000005        1.2968851040871868E-002
   3.5022500000000001        1.7144260133573720E-002
   3.5022600000000002        1.3090345190270644E-002
   3.5022700000000002        1.7033981242468996E-002
   3.5022800000000003        1.2520326758185795E-002
   3.5022900000000003        1.6820642359109544E-002
   3.5023000000000004        1.2390586442185773E-002
   3.5023100000000005        1.6741441915470744E-002
   3.5023200000000001        1.2581737998820938E-002
   3.5023300000000002        1.6417110320617479E-002
   3.5023400000000002        1.2777521953690467E-002
   3.5023500000000003        1.5952757863721960E-002
   3.5023600000000004        1.2999205787550051E-002
   3.5023700000000004        1.5801182051611361E-002
   3.5023800000000005        1.3830276248214098E-002
   3.5023900000000001        1.6060232004277916E-002
   3.5024000000000002        1.4455150958374940E-002
   3.5024100000000002        1.6121267139782541E-002
   3.5024200000000003        1.4596127956907621E-002
   3.5024300000000004        1.5818045515446785E-002
   3.5024400000000004        1.5217189205411694E-002
   3.5024500000000005        1.6485323877171554E-002
   3.5024600000000001        1.4975298739744188E-002
   3.5024700000000002        1.6823314801786567E-002
   3.5024800000000003        1.4847015074066355E-002
   3.5024900000000003        1.6723559423670001E-002
   3.5025000000000004        1.4903782271588848E-002
   3.5025100000000005        1.7168163429316950E-002
   3.5025200000000001        1.4997875301418235E-002
   3.5025300000000001        1.6945754761426735E-002
   3.5025400000000002        1.4509339631714789E-002
   3.5025500000000003        1.7198806954616792E-002
   3.5025600000000003        1.4732357513298001E-002
   3.5025700000000004        1.6310220400890016E-002
   3.5025800000000005        1.4551935386445591E-002
   3.5025900000000001        1.6929381414528717E-002
   3.5026000000000002        1.3691292369481769E-002
   3.5026100000000002        1.8059770534551305E-002
   3.5026200000000003        1.3223504324440688E-002
   3.5026300000000004        1.8829583182070744E-002
   3.5026400000000004        1.3990978909461970E-002
   3.5026500000000005        1.7964285939413356E-002
   3.5026600000000001        1.3125692042335007E-002
   3.5026700000000002        1.7324979493732223E-002
   3.5026800000000002        1.4369235337049856E-002
   3.5026900000000003        1.6373235519454618E-002
   3.5027000000000004        1.4175885516683305E-002
   3.5027100000000004        1.6164663668067122E-002
   3.5027200000000005        1.5076328613259320E-002
   3.5027300000000001        1.5327547916201657E-002
   3.5027400000000002        1.4583948302723186E-002
   3.5027500000000003        1.5289459439965633E-002
   3.5027600000000003        1.4867437580069271E-002
   3.5027700000000004        1.4632011229249557E-002
   3.5027800000000004        1.5093430900875100E-002
   3.5027900000000001        1.4688543014531688E-002
   3.5028000000000001        1.4936193612247125E-002
   3.5028100000000002        1.5334234851702655E-002
   3.5028200000000003        1.5912503753457045E-002
   3.5028300000000003        1.5266389429097355E-002
   3.5028400000000004        1.6073735477525466E-002
   3.5028500000000005        1.4716811203361645E-002
   3.5028600000000001        1.6171589294676877E-002
   3.5028700000000002        1.5551363589734538E-002
   3.5028800000000002        1.6195660836605449E-002
   3.5028900000000003        1.5631558871026737E-002
   3.5029000000000003        1.6404400935452264E-002
   3.5029100000000004        1.5041559611106592E-002
   3.5029200000000005        1.6519049751763770E-002
   3.5029300000000001        1.5864926521050995E-002
   3.5029400000000002        1.6090926587901757E-002
   3.5029500000000002        1.5103461622421658E-002
   3.5029600000000003        1.6529801752934101E-002
   3.5029700000000004        1.5347756275532741E-002
   3.5029800000000004        1.6850156772611754E-002
   3.5029900000000005        1.4913135771386952E-002
   3.5030000000000001        1.6967973698921345E-002
   3.5030100000000002        1.5187019393807505E-002
   3.5030200000000002        1.6245890125198236E-002
   3.5030300000000003        1.5117321581284468E-002
   3.5030400000000004        1.6825216684827487E-002
   3.5030500000000004        1.6115314586674773E-002
   3.5030600000000005        1.6835780808979694E-002
   3.5030700000000001        1.6094607868541666E-002
   3.5030800000000002        1.6487710804362274E-002
   3.5030900000000003        1.6665283967431332E-002
   3.5031000000000003        1.6644799789332854E-002
   3.5031100000000004        1.6332561262614283E-002
   3.5031200000000005        1.6875689300498337E-002
   3.5031300000000001        1.6213163218327480E-002
   3.5031400000000001        1.6795754955104120E-002
   3.5031500000000002        1.6390247964257289E-002
   3.5031600000000003        1.6909618543635568E-002
   3.5031700000000003        1.6620734671046886E-002
   3.5031800000000004        1.7468654563533678E-002
   3.5031900000000005        1.6286238269816702E-002
   3.5032000000000001        1.7428483703625975E-002
   3.5032100000000002        1.6444769945847263E-002
   3.5032200000000002        1.7924171786186945E-002
   3.5032300000000003        1.6576511082844411E-002
   3.5032400000000004        1.7858532147348252E-002
   3.5032500000000004        1.6527431869313207E-002
   3.5032600000000005        1.7723251557455161E-002
   3.5032700000000001        1.7354476344081198E-002
   3.5032800000000002        1.8086145379055660E-002
   3.5032900000000002        1.7618891356903105E-002
   3.5033000000000003        1.7650388127295667E-002
   3.5033100000000004        1.7467424462502594E-002
   3.5033200000000004        1.7956621539005343E-002
   3.5033300000000005        1.6454108386308456E-002
   3.5033400000000001        1.7797781979397558E-002
   3.5033500000000002        1.6410547534420280E-002
   3.5033600000000003        1.7872246512103090E-002
   3.5033700000000003        1.5586076401563181E-002
   3.5033800000000004        1.8761685299420423E-002
   3.5033900000000004        1.5592908216513946E-002
   3.5034000000000001        1.9322055092959915E-002
   3.5034100000000001        1.5059556555585748E-002
   3.5034200000000002        1.9011261513051762E-002
   3.5034300000000003        1.5943237041655012E-002
   3.5034400000000003        1.7321814865070020E-002
   3.5034500000000004        1.5823317398841599E-002
   3.5034600000000005        1.7844255819455535E-002
   3.5034700000000001        1.5102466463640768E-002
   3.5034800000000001        1.6854496601556922E-002
   3.5034900000000002        1.6245251715730560E-002
   3.5035000000000003        1.7115364590466118E-002
   3.5035100000000003        1.6092043759063739E-002
   3.5035200000000004        1.6367032156533356E-002
   3.5035300000000005        1.6572791733924348E-002
   3.5035400000000001        1.6726616162441751E-002
   3.5035500000000002        1.7143615446674310E-002
   3.5035600000000002        1.6000683837197941E-002
   3.5035700000000003        1.6946561051496337E-002
   3.5035800000000004        1.6550723365598975E-002
   3.5035900000000004        1.7650854191173095E-002
   3.5036000000000005        1.7600743411609426E-002
   3.5036100000000001        1.7462265373907895E-002
   3.5036200000000002        1.7697106474670817E-002
   3.5036300000000002        1.7786499879420624E-002
   3.5036400000000003        1.7779575520176390E-002
   3.5036500000000004        1.8372894975244566E-002
   3.5036600000000004        1.7921998673364279E-002
   3.5036700000000005        1.8349468056548333E-002
   3.5036800000000001        1.8820820834105516E-002
   3.5036900000000002        1.8421454997141960E-002
   3.5037000000000003        1.9084100562417231E-002
   3.5037100000000003        1.7751803580787019E-002
   3.5037200000000004        1.7231213808991841E-002
   3.5037300000000005        1.9068623487043936E-002
   3.5037400000000001        1.6893528314864126E-002
   3.5037500000000001        1.8333377062317972E-002
   3.5037600000000002        1.6727370376787457E-002
   3.5037700000000003        1.8033474617321080E-002
   3.5037800000000003        1.6685420307819068E-002
   3.5037900000000004        1.8524472306447496E-002
   3.5038000000000005        1.5988857552657589E-002
   3.5038100000000001        1.7752022004294848E-002
   3.5038200000000002        1.6530015362419284E-002
   3.5038300000000002        1.7791276011718166E-002
   3.5038400000000003        1.6684884048673711E-002
   3.5038500000000004        1.8237943207023839E-002
   3.5038600000000004        1.7195587542564984E-002
   3.5038700000000005        1.7178254131691162E-002
   3.5038800000000001        1.8661063923924692E-002
   3.5038900000000002        1.8602475286792555E-002
   3.5039000000000002        1.9247340181454839E-002
   3.5039100000000003        1.7516642313306404E-002
   3.5039200000000004        2.0160437972303262E-002
   3.5039300000000004        1.7169006040704506E-002
   3.5039400000000005        2.0548076573956377E-002
   3.5039500000000001        1.7485545818171553E-002
   3.5039600000000002        2.1528815559886512E-002
   3.5039700000000003        1.7584151331960139E-002
   3.5039800000000003        2.0790305739984753E-002
   3.5039900000000004        1.7998367639543912E-002
   3.5040000000000004        2.0705327948868976E-002
   3.5040100000000001        1.8093535743343037E-002
   3.5040200000000001        2.1070384602974113E-002
   3.5040300000000002        1.7998317228096715E-002
   3.5040400000000003        2.2253216846342270E-002
   3.5040500000000003        1.7992287023506429E-002
   3.5040600000000004        2.1940190859820841E-002
   3.5040700000000005        1.7705073584643394E-002
   3.5040800000000001        2.2974412275567267E-002
   3.5040900000000001        1.7450954567538448E-002
   3.5041000000000002        2.1660678471386249E-002
   3.5041100000000003        1.8152523678832296E-002
   3.5041200000000003        2.1387051260347820E-002
   3.5041300000000004        1.7790503972953564E-002
   3.5041400000000005        2.1403077039283087E-002
   3.5041500000000001        1.7514755749913118E-002
   3.5041600000000002        2.1362897821208812E-002
   3.5041700000000002        1.7455128236785838E-002
   3.5041800000000003        2.0874955524425164E-002
   3.5041900000000004        1.8029765875709515E-002
   3.5042000000000004        2.0373232628292669E-002
   3.5042100000000005        1.8324894160557721E-002
   3.5042200000000001        2.0656272753882505E-002
   3.5042300000000002        1.8783086851816934E-002
   3.5042400000000002        2.1223941119027138E-002
   3.5042500000000003        1.9309418032718843E-002
   3.5042600000000004        2.2149094611889037E-002
   3.5042700000000004        1.9740079069207692E-002
   3.5042800000000005        2.2214808541174476E-002
   3.5042900000000001        2.0779168987859881E-002
   3.5043000000000002        2.2960131518587557E-002
   3.5043100000000003        2.1062279901193286E-002
   3.5043200000000003        2.3107448525989064E-002
   3.5043300000000004        2.0581219372912289E-002
   3.5043400000000005        2.3387216914635925E-002
   3.5043500000000001        2.1509663171743569E-002
   3.5043600000000001        2.2881899329572731E-002
   3.5043700000000002        2.0224014519518361E-002
   3.5043800000000003        2.3792574688241169E-002
   3.5043900000000003        2.1281245770935601E-002
   3.5044000000000004        2.2530500043672148E-002
   3.5044100000000005        2.0583343244321765E-002
   3.5044200000000001        2.2714201268967386E-002
   3.5044300000000002        1.9975449273693522E-002
   3.5044400000000002        2.2531731585562847E-002
   3.5044500000000003        2.0861486572967131E-002
   3.5044600000000004        2.1976507673417314E-002
   3.5044700000000004        2.1635356427930730E-002
   3.5044800000000005        2.2256708469079237E-002
   3.5044900000000001        2.1597730146621346E-002
   3.5045000000000002        2.3266497286520881E-002
   3.5045100000000002        2.1068691989044482E-002
   3.5045200000000003        2.3018616619723885E-002
   3.5045300000000004        2.1160895069273451E-002
   3.5045400000000004        2.3114837236384311E-002
   3.5045500000000005        2.1473916625984760E-002
   3.5045600000000001        2.2209460261972219E-002
   3.5045700000000002        2.0737416814277970E-002
   3.5045800000000003        2.1784112773666733E-002
   3.5045900000000003        2.2313116099836678E-002
   3.5046000000000004        2.2477381463190248E-002
   3.5046100000000004        2.1624073336591290E-002
   3.5046200000000001        2.2402894657824027E-002
   3.5046300000000001        2.2819442894984481E-002
   3.5046400000000002        2.2424386069084912E-002
   3.5046500000000003        2.3609850687128363E-002
   3.5046600000000003        2.2292378704832146E-002
   3.5046700000000004        2.2945898904373905E-002
   3.5046800000000005        2.3475790423649549E-002
   3.5046900000000001        2.3151144818444987E-002
   3.5047000000000001        2.2410186966518607E-002
   3.5047100000000002        2.4486646410366936E-002
   3.5047200000000003        2.1583519034694652E-002
   3.5047300000000003        2.3768776355612711E-002
   3.5047400000000004        2.2108261549818167E-002
   3.5047500000000005        2.3610600554274826E-002
   3.5047600000000001        2.2093116883005342E-002
   3.5047700000000002        2.3225848885385741E-002
   3.5047800000000002        2.2067788922096002E-002
   3.5047900000000003        2.2040641661920116E-002
   3.5048000000000004        2.3223897880474961E-002
   3.5048100000000004        2.1997822696240021E-002
   3.5048200000000005        2.4042870147547510E-002
   3.5048300000000001        2.1921977323713281E-002
   3.5048400000000002        2.3924290656849995E-002
   3.5048500000000002        2.1274975349201808E-002
   3.5048600000000003        2.4093943937859474E-002
   3.5048700000000004        2.2127353734505043E-002
   3.5048800000000004        2.3628038027927272E-002
   3.5048900000000005        2.3205827749005800E-002
   3.5049000000000001        2.2852758404447327E-002
   3.5049100000000002        2.3274128094708694E-002
   3.5049200000000003        2.3519797244705140E-002
   3.5049300000000003        2.3220929850495481E-002
   3.5049400000000004        2.3080663405080554E-002
   3.5049500000000005        2.4238777620958996E-002
   3.5049600000000001        2.2740480206240726E-002
   3.5049700000000001        2.5290054344755723E-002
   3.5049800000000002        2.2617795108702946E-002
   3.5049900000000003        2.5584141970612026E-002
   3.5050000000000003        2.2751265579600197E-002
   3.5050100000000004        2.5470538577382559E-002
   3.5050200000000005        2.2856078213093520E-002
   3.5050300000000001        2.5884891895986979E-002
   3.5050400000000002        2.3590459981379364E-002
   3.5050500000000002        2.4860399167117159E-002
   3.5050600000000003        2.4165280047921602E-002
   3.5050700000000004        2.4327706817737733E-002
   3.5050800000000004        2.5499896178661205E-002
   3.5050900000000005        2.3848938537384120E-002
   3.5051000000000001        2.4639592386086154E-002
   3.5051100000000002        2.5012318688405893E-002
   3.5051200000000002        2.3379223191948018E-002
   3.5051300000000003        2.7247318876431292E-002
   3.5051400000000004        2.4515049671234440E-002
   3.5051500000000004        2.7018643818019380E-002
   3.5051600000000005        2.5077587342448485E-002
   3.5051700000000001        2.6007471893390390E-002
   3.5051800000000002        2.6242077218956515E-002
   3.5051900000000002        2.5473679419708326E-002
   3.5052000000000003        2.5769348874000009E-002
   3.5052100000000004        2.6059442771835594E-002
   3.5052200000000004        2.5484639705334995E-002
   3.5052300000000001        2.5546017212332597E-002
   3.5052400000000001        2.5569221163143786E-002
   3.5052500000000002        2.6189215109185111E-002
   3.5052600000000003        2.5884617533516129E-002
   3.5052700000000003        2.5759776623166336E-002
   3.5052800000000004        2.5825749207694631E-002
   3.5052900000000005        2.5206392063538408E-002
   3.5053000000000001        2.6118274032654560E-002
   3.5053100000000001        2.5890967021283816E-002
   3.5053200000000002        2.5386526510128335E-002
   3.5053300000000003        2.6277024070841433E-002
   3.5053400000000003        2.5341652220110270E-002
   3.5053500000000004        2.6524641660293582E-002
   3.5053600000000005        2.5439927525320857E-002
   3.5053700000000001        2.6493500097418396E-002
   3.5053800000000002        2.5946229447658939E-002
   3.5053900000000002        2.6866574195972201E-002
   3.5054000000000003        2.5918190782046272E-002
   3.5054100000000004        2.6479067539496269E-002
   3.5054200000000004        2.6488511786959625E-002
   3.5054300000000005        2.6588959488812829E-002
   3.5054400000000001        2.6156117955687053E-002
   3.5054500000000002        2.7013870881922027E-002
   3.5054600000000002        2.7007763896505811E-002
   3.5054700000000003        2.7119847581439305E-002
   3.5054800000000004        2.5949431163161785E-002
   3.5054900000000004        2.8629950635149080E-002
   3.5055000000000005        2.5998076788612910E-002
   3.5055100000000001        2.8972555810797228E-002
   3.5055200000000002        2.5565816518354576E-002
   3.5055300000000003        2.7725481877022923E-002
   3.5055400000000003        2.5547894247404952E-002
   3.5055500000000004        2.7586190423819750E-002
   3.5055600000000005        2.6027690828342581E-002
   3.5055700000000001        2.7304617452886020E-002
   3.5055800000000001        2.5960166507436842E-002
   3.5055900000000002        2.7478027980752415E-002
   3.5056000000000003        2.6446481108442034E-002
   3.5056100000000003        2.7620102389420014E-002
   3.5056200000000004        2.7062984812826825E-002
   3.5056300000000005        2.7465641597240183E-002
   3.5056400000000001        2.7688103616548106E-002
   3.5056500000000002        2.6927748224494064E-002
   3.5056600000000002        2.7226494869284350E-002
   3.5056700000000003        2.8029687687977468E-002
   3.5056800000000004        2.8164274851453560E-002
   3.5056900000000004        2.8367651818197205E-002
   3.5057000000000005        2.8961122030857683E-002
   3.5057100000000001        2.8632788224836808E-002
   3.5057200000000002        3.0418931891945923E-002
   3.5057300000000002        2.9413402331599545E-002
   3.5057400000000003        2.9046438684330930E-002
   3.5057500000000004        3.0188219859725182E-002
   3.5057600000000004        2.9601371777285911E-002
   3.5057700000000005        3.0268631034702943E-002
   3.5057800000000001        2.8143822606731487E-002
   3.5057900000000002        3.1681064953348680E-002
   3.5058000000000002        2.8850650067869233E-002
   3.5058100000000003        3.0286982682731809E-002
   3.5058200000000004        2.8746406607351178E-002
   3.5058300000000004        3.2016003087485027E-002
   3.5058400000000001        2.9485832747597234E-002
   3.5058500000000001        2.9579958899330357E-002
   3.5058600000000002        3.0957715776183926E-002
   3.5058700000000003        2.9633727945082955E-002
   3.5058800000000003        3.1004076308678706E-002
   3.5058900000000004        3.0205878502797615E-002
   3.5059000000000005        3.1246683866627514E-002
   3.5059100000000001        3.0682807324193002E-002
   3.5059200000000001        3.2147356455261296E-002
   3.5059300000000002        3.0064112632694241E-002
   3.5059400000000003        3.2203933872666797E-002
   3.5059500000000003        3.1102543601657765E-002
   3.5059600000000004        3.1830676535484152E-002
   3.5059700000000005        3.2083778182084799E-002
   3.5059800000000001        3.1702001310471288E-002
   3.5059900000000002        3.2260031090288403E-002
   3.5060000000000002        3.0948751149013777E-002
   3.5060100000000003        3.2853329047740118E-002
   3.5060200000000004        3.1428394331289522E-002
   3.5060300000000004        3.0562682547082991E-002
   3.5060400000000005        3.1701916797426476E-002
   3.5060500000000001        3.0198763014927601E-002
   3.5060600000000002        3.2639413888848785E-002
   3.5060700000000002        3.0548226969510414E-002
   3.5060800000000003        3.2849369540581236E-002
   3.5060900000000004        3.1892864886257324E-002
   3.5061000000000004        3.2134710026911074E-002
   3.5061100000000005        3.1891863803655225E-002
   3.5061200000000001        3.1552327025587808E-002
   3.5061300000000002        3.1495726681459307E-002
   3.5061400000000003        3.3858033734806503E-002
   3.5061500000000003        3.1808310514310420E-002
   3.5061600000000004        3.4447818655029341E-002
   3.5061700000000005        3.1364748549572739E-002
   3.5061800000000001        3.2924442232881608E-002
   3.5061900000000001        3.0509216037847495E-002
   3.5062000000000002        3.4734240098231395E-002
   3.5062100000000003        3.0240204643646327E-002
   3.5062200000000003        3.2808219970845688E-002
   3.5062300000000004        3.1799053860637985E-002
   3.5062400000000005        3.2179167932276258E-002
   3.5062500000000001        3.2624681919052455E-002
   3.5062600000000002        3.1585221275652636E-002
   3.5062700000000002        3.1568287821038994E-002
   3.5062800000000003        3.2342630965879256E-002
   3.5062900000000004        3.3032482480369676E-002
   3.5063000000000004        3.1577710705384399E-002
   3.5063100000000005        3.3095950676233853E-002
   3.5063200000000001        3.0234511366197682E-002
   3.5063300000000002        3.3379640044356250E-002
   3.5063400000000002        3.1090524415253042E-002
   3.5063500000000003        3.4480832989443426E-002
   3.5063600000000004        3.1578737533369997E-002
   3.5063700000000004        3.4460493519442643E-002
   3.5063800000000005        3.2619736380569565E-002
   3.5063900000000001        3.4772239937831073E-002
   3.5064000000000002        3.2727254161538696E-002
   3.5064100000000002        3.3982414755605261E-002
   3.5064200000000003        3.4546450147854527E-002
   3.5064300000000004        3.3019599877917173E-002
   3.5064400000000004        3.5320967382498757E-002
   3.5064500000000001        3.3630690570539495E-002
   3.5064600000000001        3.6169711559021177E-002
   3.5064700000000002        3.3213505199667530E-002
   3.5064800000000003        3.7185041880853441E-002
   3.5064900000000003        3.3809750623624728E-002
   3.5065000000000004        3.7526886483211626E-002
   3.5065100000000005        3.3978250799311015E-002
   3.5065200000000001        3.8477879732131903E-002
   3.5065300000000001        3.4422208228593772E-002
   3.5065400000000002        3.7574120085315008E-002
   3.5065500000000003        3.5516083528163434E-002
   3.5065600000000003        3.8584648948930420E-002
   3.5065700000000004        3.6732662325407159E-002
   3.5065800000000005        3.8540432109783994E-002
   3.5065900000000001        3.4997849587532610E-002
   3.5066000000000002        3.9893119122498918E-002
   3.5066100000000002        3.3517727726038747E-002
   3.5066200000000003        4.0784283020189258E-002
   3.5066300000000004        3.4663590475780215E-002
   3.5066400000000004        4.2379179531635620E-002
   3.5066500000000005        3.3522671106515321E-002
   3.5066600000000001        4.2700382257376310E-002
   3.5066700000000002        3.3386822948535705E-002
   3.5066800000000002        4.3326478734368686E-002
   3.5066900000000003        3.3122909470486711E-002
   3.5067000000000004        4.3734542918539003E-002
   3.5067100000000004        3.3267460370948340E-002
   3.5067200000000005        4.4370892812393259E-002
   3.5067300000000001        3.2137647090857917E-002
   3.5067400000000002        4.4399689673494440E-002
   3.5067500000000003        3.2136246521989723E-002
   3.5067600000000003        4.1841464688568919E-002
   3.5067700000000004        3.3794240995831559E-002
   3.5067800000000005        4.1682651085134637E-002
   3.5067900000000001        3.4444131601201813E-002
   3.5068000000000001        4.3039483404923591E-002
   3.5068100000000002        3.3908866665037327E-002
   3.5068200000000003        4.3419163151368484E-002
   3.5068300000000003        3.4694366936992259E-002
   3.5068400000000004        4.3212570844209076E-002
   3.5068500000000005        3.4429720693018875E-002
   3.5068600000000001        4.4310386946346571E-002
   3.5068700000000002        3.5121844815278774E-002
   3.5068800000000002        4.3933828392442704E-002
   3.5068900000000003        3.6005229837008067E-002
   3.5069000000000004        4.2303806670912124E-002
   3.5069100000000004        3.6765794040187358E-002
   3.5069200000000005        4.1985512883828652E-002
   3.5069300000000001        3.7646942874613960E-002
   3.5069400000000002        4.1696506875163436E-002
   3.5069500000000002        3.8445320282795258E-002
   3.5069600000000003        4.0328941283178897E-002
   3.5069700000000004        4.1490262560908618E-002
   3.5069800000000004        4.0544774428581107E-002
   3.5069900000000005        4.0411330711977389E-002
   3.5070000000000001        3.9817784654269231E-002
   3.5070100000000002        4.0508199999184709E-002
   3.5070200000000002        4.0302897085979755E-002
   3.5070300000000003        4.0623264217373785E-002
   3.5070400000000004        4.0960749140129878E-002
   3.5070500000000004        4.0504103568191500E-002
   3.5070600000000001        4.2209882653509223E-002
   3.5070700000000001        4.1609939734919783E-002
   3.5070800000000002        4.1986000025135729E-002
   3.5070900000000003        4.1144562474345836E-002
   3.5071000000000003        4.1435319535657190E-002
   3.5071100000000004        4.1951598898871199E-002
   3.5071200000000005        4.1484496897454114E-002
   3.5071300000000001        4.2953048581631063E-002
   3.5071400000000001        4.4618982333967924E-002
   3.5071500000000002        4.2351258621621972E-002
   3.5071600000000003        4.4845358595969727E-002
   3.5071700000000003        4.3154187353066698E-002
   3.5071800000000004        4.6772328664543804E-002
   3.5071900000000005        4.3383402755669140E-002
   3.5072000000000001        4.7578445392875333E-002
   3.5072100000000002        4.4457290241814329E-002
   3.5072200000000002        4.8863882341443940E-002
   3.5072300000000003        4.5257221990881023E-002
   3.5072400000000004        4.9286292546004702E-002
   3.5072500000000004        4.4083991040216680E-002
   3.5072600000000005        4.9142953106352395E-002
   3.5072700000000001        4.4384620689346468E-002
   3.5072800000000002        4.9383456345129792E-002
   3.5072900000000002        4.4948817597637684E-002
   3.5073000000000003        4.8932113886224433E-002
   3.5073100000000004        4.4529850078894158E-002
   3.5073200000000004        4.7143844213866200E-002
   3.5073300000000005        4.5282949194508232E-002
   3.5073400000000001        4.7554675141680831E-002
   3.5073500000000002        4.6253213019417767E-002
   3.5073600000000003        4.7563839810106104E-002
   3.5073700000000003        4.4660800809566990E-002
   3.5073800000000004        4.9321583973559048E-002
   3.5073900000000005        4.4903914733398505E-002
   3.5074000000000001        4.6566615207809470E-002
   3.5074100000000001        4.7226743285292708E-002
   3.5074200000000002        4.6997299642373543E-002
   3.5074300000000003        4.8642333242078853E-002
   3.5074400000000003        4.8213552618748316E-002
   3.5074500000000004        5.0617696961829765E-002
   3.5074600000000005        4.8318209436209854E-002
   3.5074700000000001        5.1221588143903977E-002
   3.5074800000000002        4.8158175121805695E-002
   3.5074900000000002        5.3206502320314590E-002
   3.5075000000000003        4.7839782264804585E-002
   3.5075100000000003        5.5396516293659187E-002
   3.5075200000000004        4.6500181172602122E-002
   3.5075300000000005        5.2963008596686421E-002
   3.5075400000000001        4.8348889756954866E-002
   3.5075500000000002        5.3116233998747119E-002
   3.5075600000000002        4.5785241004217749E-002
   3.5075700000000003        5.4387086256348874E-002
   3.5075800000000004        4.3785242052515341E-002
   3.5075900000000004        5.2971038010492487E-002
   3.5076000000000005        4.4837627065610203E-002
   3.5076100000000001        5.2920968376485335E-002
   3.5076200000000002        4.4879248576311051E-002
   3.5076300000000002        5.3139282852837616E-002
   3.5076400000000003        4.5856223150143607E-002
   3.5076500000000004        5.0577565908572000E-002
   3.5076600000000004        4.6977539087342070E-002
   3.5076700000000001        5.1174123249763726E-002
   3.5076800000000001        5.0262379191963726E-002
   3.5076900000000002        4.9640028652666049E-002
   3.5077000000000003        5.2114070298874451E-002
   3.5077100000000003        4.7379839763977867E-002
   3.5077200000000004        5.3265491512842607E-002
   3.5077300000000005        4.7578632345366370E-002
   3.5077400000000001        5.1856016781566011E-002
   3.5077500000000001        4.8428896164776240E-002
   3.5077600000000002        5.2363174449614990E-002
   3.5077700000000003        5.0620829313583401E-002
   3.5077800000000003        5.3129870542364441E-002
   3.5077900000000004        5.0279553594414737E-002
   3.5078000000000005        5.2576826250185831E-002
   3.5078100000000001        4.8886681159292074E-002
   3.5078200000000002        5.5517111839521335E-002
   3.5078300000000002        4.9812190301308019E-002
   3.5078400000000003        5.3311372822199318E-002
   3.5078500000000004        5.1298322236685699E-002
   3.5078600000000004        5.4329881015021252E-002
   3.5078700000000005        5.0197990693016656E-002
   3.5078800000000001        5.5634374281480464E-002
   3.5078900000000002        4.9442364310466565E-002
   3.5079000000000002        5.6396694324221321E-002
   3.5079100000000003        5.0023738825744749E-002
   3.5079200000000004        5.4147058643492611E-002
   3.5079300000000004        5.2511787778437777E-002
   3.5079400000000005        5.3198008773048928E-002
   3.5079500000000001        5.0973794320806606E-002
   3.5079600000000002        5.4814172368282094E-002
   3.5079700000000003        5.2594817527178178E-002
   3.5079800000000003        5.4235308674445190E-002
   3.5079900000000004        5.3760390604694591E-002
   3.5080000000000005        5.4968996967267321E-002
   3.5080100000000001        5.4735789898647871E-002
   3.5080200000000001        5.6531093229191497E-002
   3.5080300000000002        5.5783956569975715E-002
   3.5080400000000003        5.5787048814718430E-002
   3.5080500000000003        5.4405449343829473E-002
   3.5080600000000004        5.6672493689634035E-002
   3.5080700000000005        5.5798147724070359E-002
   3.5080800000000001        5.8207335781900855E-002
   3.5080900000000002        5.6302160560576249E-002
   3.5081000000000002        5.8953970037308082E-002
   3.5081100000000003        5.5135444988706671E-002
   3.5081200000000003        5.8898341475648257E-002
   3.5081300000000004        5.4995961024323275E-002
   3.5081400000000005        5.7868922947251787E-002
   3.5081500000000001        5.6250627353390724E-002
   3.5081600000000002        5.6252622458724019E-002
   3.5081700000000002        5.5417238832078906E-002
   3.5081800000000003        6.0385096437769570E-002
   3.5081900000000004        5.4251353427632480E-002
   3.5082000000000004        6.0818010231193181E-002
   3.5082100000000005        5.6758339735190955E-002
   3.5082200000000001        6.3124572458622352E-002
   3.5082300000000002        5.7423817595167501E-002
   3.5082400000000002        6.2816734675146160E-002
   3.5082500000000003        5.8078039313434547E-002
   3.5082600000000004        6.2989275607489542E-002
   3.5082700000000004        5.9136723145254318E-002
   3.5082800000000001        6.3943131576786535E-002
   3.5082900000000001        5.7396130927505652E-002
   3.5083000000000002        6.4691204602495847E-002
   3.5083100000000003        5.6703181283800932E-002
   3.5083200000000003        6.6742969749441772E-002
   3.5083300000000004        5.7917964638968915E-002
   3.5083400000000005        6.4877397483631166E-002
   3.5083500000000001        5.7519278225775031E-002
   3.5083600000000001        6.5100373438717246E-002
   3.5083700000000002        5.8672011950819378E-002
   3.5083800000000003        6.4462430320305991E-002
   3.5083900000000003        5.9634967063760744E-002
   3.5084000000000004        6.4953967046250005E-002
   3.5084100000000005        6.0450748734522150E-002
   3.5084200000000001        6.6245468988652398E-002
   3.5084300000000002        6.0093014555488475E-002
   3.5084400000000002        6.7581907568567648E-002
   3.5084500000000003        6.0835255941897565E-002
   3.5084600000000004        6.8360392860669139E-002
   3.5084700000000004        6.2166899474839429E-002
   3.5084800000000005        6.7964596937236818E-002
   3.5084900000000001        6.3429955506854471E-002
   3.5085000000000002        7.0212940995218492E-002
   3.5085100000000002        6.5180474744434863E-002
   3.5085200000000003        6.8768173388651932E-002
   3.5085300000000004        6.7930503950781151E-002
   3.5085400000000004        6.7802081489901217E-002
   3.5085500000000005        6.6607808972815125E-002
   3.5085600000000001        6.6937425016271784E-002
   3.5085700000000002        6.9634097827539501E-002
   3.5085800000000003        6.6820007146264557E-002
   3.5085900000000003        6.9630335491064704E-002
   3.5086000000000004        6.9150639870712849E-002
   3.5086100000000005        6.7306791192773566E-002
   3.5086200000000001        6.9533301038132239E-002
   3.5086300000000001        6.7653406806210639E-002
   3.5086400000000002        6.9908123900624772E-002
   3.5086500000000003        6.7794729687427516E-002
   3.5086600000000003        7.2379450328064227E-002
   3.5086700000000004        6.7899045992962231E-002
   3.5086800000000005        7.2451956505873688E-002
   3.5086900000000001        6.7028161420508769E-002
   3.5087000000000002        7.3935798357139634E-002
   3.5087100000000002        6.5747832114731966E-002
   3.5087200000000003        7.3278753730157561E-002
   3.5087300000000003        6.9010642366285638E-002
   3.5087400000000004        7.1376478326879475E-002
   3.5087500000000005        6.8365757290047638E-002
   3.5087600000000001        7.2011313758822915E-002
   3.5087700000000002        6.9200411964578420E-002
   3.5087800000000002        7.0386223415972796E-002
   3.5087900000000003        7.5433771664951660E-002
   3.5088000000000004        7.2479202264538814E-002
   3.5088100000000004        6.9256159591769104E-002
   3.5088200000000005        7.4111031644198980E-002
   3.5088300000000001        7.2803691196289530E-002
   3.5088400000000002        7.6241522092817593E-002
   3.5088500000000002        6.9300183416409922E-002
   3.5088600000000003        7.7398080163288224E-002
   3.5088700000000004        6.9601008467967157E-002
   3.5088800000000004        7.5160831713160611E-002
   3.5088900000000005        6.9699871521643336E-002
   3.5089000000000001        7.1464723968114971E-002
   3.5089100000000002        7.2796740728417450E-002
   3.5089200000000003        7.0780996989583650E-002
   3.5089300000000003        7.3382802079845155E-002
   3.5089400000000004        7.3798959251615143E-002
   3.5089500000000005        7.5304871731447148E-002
   3.5089600000000001        7.4489921583001370E-002
   3.5089700000000001        7.3111870159272660E-002
   3.5089800000000002        7.4988570584148179E-002
   3.5089900000000003        7.4448730560235460E-002
   3.5090000000000003        7.3934965496560590E-002
   3.5090100000000004        7.4076312525456517E-002
   3.5090200000000005        7.5497751073764829E-002
   3.5090300000000001        7.0092578130378336E-002
   3.5090400000000002        7.7059642182860683E-002
   3.5090500000000002        7.0701964744023821E-002
   3.5090600000000003        7.6171758806202514E-002
   3.5090700000000004        7.4044989921673188E-002
   3.5090800000000004        7.6069361486239523E-002
   3.5090900000000005        7.7170927625227162E-002
   3.5091000000000001        7.5198655060100331E-002
   3.5091100000000002        7.9457391035368516E-002
   3.5091200000000002        7.6650905421738302E-002
   3.5091300000000003        8.2563859413053789E-002
   3.5091400000000004        7.9642864175382827E-002
   3.5091500000000004        8.0637425395690118E-002
   3.5091600000000005        7.6976907068251110E-002
   3.5091700000000001        8.2058886513702203E-002
   3.5091800000000002        7.9043791591026119E-002
   3.5091900000000003        8.1336056290173903E-002
   3.5092000000000003        8.1013389808755457E-002
   3.5092100000000004        8.0170507225470977E-002
   3.5092200000000005        7.7405569018272419E-002
   3.5092300000000001        8.0110836322096063E-002
   3.5092400000000001        7.8875995257002396E-002
   3.5092500000000002        7.9127453538395426E-002
   3.5092600000000003        7.7370384064208611E-002
   3.5092700000000003        8.0488375157478906E-002
   3.5092800000000004        7.8787389641125583E-002
   3.5092900000000005        7.8657021333039812E-002
   3.5093000000000001        8.0741283550469209E-002
   3.5093100000000002        8.0109052301634176E-002
   3.5093200000000002        7.8144914084345887E-002
   3.5093300000000003        8.2355372142391650E-002
   3.5093400000000003        7.9435805524887632E-002
   3.5093500000000004        8.3949120410137232E-002
   3.5093600000000005        8.2587398797904152E-002
   3.5093700000000001        8.0696859785434630E-002
   3.5093800000000002        8.5190488750729473E-002
   3.5093900000000002        7.9544477362413504E-002
   3.5094000000000003        8.5554125358329167E-002
   3.5094100000000004        7.7884076711049244E-002
   3.5094200000000004        9.0798962251684268E-002
   3.5094300000000005        7.5484747439129571E-002
   3.5094400000000001        9.1165948389481874E-002
   3.5094500000000002        7.5081975721867769E-002
   3.5094600000000002        9.1006917856660249E-002
   3.5094700000000003        7.7465380629099551E-002
   3.5094800000000004        9.1145155809228356E-002
   3.5094900000000004        7.6399064183984289E-002
   3.5095000000000005        9.1141894992700645E-002
   3.5095100000000001        7.7288865022864139E-002
   3.5095200000000002        8.9012681117586936E-002
   3.5095300000000003        7.8275909297971846E-002
   3.5095400000000003        8.5684908285221822E-002
   3.5095500000000004        7.8330157218404819E-002
   3.5095600000000005        8.5094371698634708E-002
   3.5095700000000001        8.1643249976340759E-002
   3.5095800000000001        8.3104627678164206E-002
   3.5095900000000002        8.3078969019370771E-002
   3.5096000000000003        8.5224104273495249E-002
   3.5096100000000003        8.2540315849797014E-002
   3.5096200000000004        8.3545352863781369E-002
   3.5096300000000005        8.8217843481776803E-002
   3.5096400000000001        8.6597492182554692E-002
   3.5096500000000002        8.7886416467595055E-002
   3.5096600000000002        8.8830513784383988E-002
   3.5096700000000003        9.0047757856749261E-002
   3.5096800000000004        8.9033688704258623E-002
   3.5096900000000004        8.6094359332118148E-002
   3.5097000000000005        9.0346839409911422E-002
   3.5097100000000001        8.7550782889838655E-002
   3.5097200000000002        9.0104826463838203E-002
   3.5097300000000002        9.0645552717290120E-002
   3.5097400000000003        9.1951787925385109E-002
   3.5097500000000004        9.0346387732134159E-002
   3.5097600000000004        9.1978060461020680E-002
   3.5097700000000005        9.3466668349092494E-002
   3.5097800000000001        9.7089903069980346E-002
   3.5097900000000002        9.1411462275322070E-002
   3.5098000000000003        9.7354142111780090E-002
   3.5098100000000003        9.0944192708439148E-002
   3.5098200000000004        9.4894934959443136E-002
   3.5098300000000004        9.3625255118389039E-002
   3.5098400000000001        9.5831724433703122E-002
   3.5098500000000001        9.7225021807494483E-002
   3.5098600000000002        9.1401255306287538E-002
   3.5098700000000003        9.7289219236565777E-002
   3.5098800000000003        9.1848087503141579E-002
   3.5098900000000004        9.4774728823747850E-002
   3.5099000000000005        9.6876465559139036E-002
   3.5099100000000001        9.5191553368576029E-002
   3.5099200000000002        9.5319954263612533E-002
   3.5099300000000002        9.5268682631262258E-002
   3.5099400000000003        9.9036327012879261E-002
   3.5099500000000003        9.4857922574590275E-002
   3.5099600000000004        9.5127380800551123E-002
   3.5099700000000005        9.6589823605198966E-002
   3.5099800000000001        9.8395344350793085E-002
   3.5099900000000002        9.6810769092257429E-002
   3.5100000000000002        9.4391859122760699E-002
