   3.5000000000000004        2.7483624767179862     
   3.5000100000000001        2.7362827820267852     
   3.5000200000000001        2.7383943335504641     
   3.5000300000000002        2.7278344453891821     
   3.5000400000000003        2.7326569155627505     
   3.5000500000000003        2.7224860342897044     
   3.5000600000000004        2.7242646126098848     
   3.5000700000000005        2.7267240720964754     
   3.5000800000000001        2.7400651871156430     
   3.5000900000000001        2.7475079772989566     
   3.5001000000000002        2.7638942377610625     
   3.5001100000000003        2.7726190115341627     
   3.5001200000000003        2.7930315744511534     
   3.5001300000000004        2.8015630931797593     
   3.5001400000000005        2.8209020719104885     
   3.5001500000000001        2.8356226336846211     
   3.5001600000000002        2.8483473799695744     
   3.5001700000000002        2.8495553899729567     
   3.5001800000000003        2.8512555811549491     
   3.5001900000000004        2.8592126291593392     
   3.5002000000000004        2.8561934792566679     
   3.5002100000000005        2.8607649149165066     
   3.5002200000000001        2.8582695413613446     
   3.5002300000000002        2.8689354880197837     
   3.5002400000000002        2.8706565594647198     
   3.5002500000000003        2.8817579336369383     
   3.5002600000000004        2.8960762469468460     
   3.5002700000000004        2.9169155890634357     
   3.5002800000000005        2.9197467761294771     
   3.5002900000000001        2.9378212408788467     
   3.5003000000000002        2.9463437240252621     
   3.5003100000000003        2.9702104270338530     
   3.5003200000000003        2.9660378612441280     
   3.5003300000000004        2.9703265789187236     
   3.5003400000000005        2.9726504917457568     
   3.5003500000000001        2.9817110379419729     
   3.5003600000000001        2.9732082557978003     
   3.5003700000000002        2.9775344955119678     
   3.5003800000000003        2.9692584956747239     
   3.5003900000000003        2.9730727828791537     
   3.5004000000000004        2.9620852787989564     
   3.5004100000000005        2.9649795003869430     
   3.5004200000000001        2.9608918732882863     
   3.5004300000000002        2.9692993241895320     
   3.5004400000000002        2.9652334032266139     
   3.5004500000000003        2.9696710421430983     
   3.5004600000000003        2.9712582958883011     
   3.5004700000000004        2.9881982878381272     
   3.5004800000000005        2.9681955602997077     
   3.5004900000000001        2.9689841947869264     
   3.5005000000000002        2.9486791434484840     
   3.5005100000000002        2.9451345209265036     
   3.5005200000000003        2.9242447647556986     
   3.5005300000000004        2.9123519691060800     
   3.5005400000000004        2.8956510648696865     
   3.5005500000000005        2.8954551578717758     
   3.5005600000000001        2.8818010526854634     
   3.5005700000000002        2.8940475399830969     
   3.5005800000000002        2.8827708661493361     
   3.5005900000000003        2.9004213301936255     
   3.5006000000000004        2.8940052226901103     
   3.5006100000000004        2.9112912294696307     
   3.5006200000000001        2.9081133853045831     
   3.5006300000000001        2.9268137824525056     
   3.5006400000000002        2.9375654463052494     
   3.5006500000000003        2.9492546227209298     
   3.5006600000000003        2.9488206347299828     
   3.5006700000000004        2.9596173710260736     
   3.5006800000000005        2.9559429838570135     
   3.5006900000000001        2.9614157894013164     
   3.5007000000000001        2.9761403839789886     
   3.5007100000000002        2.9939800358685336     
   3.5007200000000003        3.0056203460095916     
   3.5007300000000003        3.0194508018905353     
   3.5007400000000004        3.0309785295243428     
   3.5007500000000005        3.0470987861337391     
   3.5007600000000001        3.0564377595885031     
   3.5007700000000002        3.0675109572872872     
   3.5007800000000002        3.0844012184616711     
   3.5007900000000003        3.0967031534819975     
   3.5008000000000004        3.1108010128649712     
   3.5008100000000004        3.1231204119388378     
   3.5008200000000005        3.1126668938956588     
   3.5008300000000001        3.1043343094357887     
   3.5008400000000002        3.0860122387836162     
   3.5008500000000002        3.0833133645815800     
   3.5008600000000003        3.0525858374465860     
   3.5008700000000004        3.0415649741897357     
   3.5008800000000004        3.0203244194559162     
   3.5008900000000005        3.0250772862725817     
   3.5009000000000001        3.0183382431991967     
   3.5009100000000002        3.0130042987054173     
   3.5009200000000003        3.0055286715436402     
   3.5009300000000003        3.0015791420927083     
   3.5009400000000004        3.0018100497984830     
   3.5009500000000005        2.9940035928518700     
   3.5009600000000001        2.9933205764548951     
   3.5009700000000001        2.9857034427428299     
   3.5009800000000002        2.9757747642196941     
   3.5009900000000003        2.9746932465148870     
   3.5010000000000003        2.9636621301893342     
   3.5010100000000004        2.9719032002439922     
   3.5010200000000005        2.9549462182721977     
   3.5010300000000001        2.9659768807873479     
   3.5010400000000002        2.9570093089449179     
   3.5010500000000002        2.9577519662513110     
   3.5010600000000003        2.9484101693549301     
   3.5010700000000003        2.9364912164247579     
   3.5010800000000004        2.9197004651719847     
   3.5010900000000005        2.9199018284628124     
   3.5011000000000001        2.9149557347015063     
   3.5011100000000002        2.9253624221665664     
   3.5011200000000002        2.9452711510568164     
   3.5011300000000003        2.9657442559932665     
   3.5011400000000004        2.9865328398220883     
   3.5011500000000004        3.0205861231516216     
   3.5011600000000005        3.0535341285360351     
   3.5011700000000001        3.0841280832386948     
   3.5011800000000002        3.1259909956882646     
   3.5011900000000002        3.1485253245786904     
   3.5012000000000003        3.1743744385475368     
   3.5012100000000004        3.1923760141923041     
   3.5012200000000004        3.2238763385994416     
   3.5012300000000001        3.2336862827027519     
   3.5012400000000001        3.2358279724081602     
   3.5012500000000002        3.2184101430271248     
   3.5012600000000003        3.1919499501880253     
   3.5012700000000003        3.1595651302956651     
   3.5012800000000004        3.1224566650271690     
   3.5012900000000005        3.0793521958524166     
   3.5013000000000001        3.0523998064650848     
   3.5013100000000001        3.0154777911957091     
   3.5013200000000002        2.9712332784199558     
   3.5013300000000003        2.9541901611041896     
   3.5013400000000003        2.9362515882253013     
   3.5013500000000004        2.9310349799037918     
   3.5013600000000005        2.9237799769787252     
   3.5013700000000001        2.9332600837306249     
   3.5013800000000002        2.9493969791897592     
   3.5013900000000002        2.9776751913193205     
   3.5014000000000003        2.9871284455912681     
   3.5014100000000004        3.0217533206032043     
   3.5014200000000004        3.0456439776083464     
   3.5014300000000005        3.0863548520181099     
   3.5014400000000001        3.1055604214729287     
   3.5014500000000002        3.1384086844038426     
   3.5014600000000002        3.1626138253951406     
   3.5014700000000003        3.1941620150179149     
   3.5014800000000004        3.2098677500102641     
   3.5014900000000004        3.2186078576068855     
   3.5015000000000005        3.2219167830760687     
   3.5015100000000001        3.2142384049308759     
   3.5015200000000002        3.1991109742564068     
   3.5015300000000003        3.1780562156121555     
   3.5015400000000003        3.1708813487155023     
   3.5015500000000004        3.1530220413557060     
   3.5015600000000004        3.1322224906013099     
   3.5015700000000001        3.1175678443860959     
   3.5015800000000001        3.1129035256992936     
   3.5015900000000002        3.0942940782629296     
   3.5016000000000003        3.0881338654517392     
   3.5016100000000003        3.0688491175693398     
   3.5016200000000004        3.0585695288290680     
   3.5016300000000005        3.0494761558717398     
   3.5016400000000001        3.0458101276276901     
   3.5016500000000002        3.0353646696980157     
   3.5016600000000002        3.0300115972143371     
   3.5016700000000003        3.0432756697572834     
   3.5016800000000003        3.0411851174348290     
   3.5016900000000004        3.0549157551498403     
   3.5017000000000005        3.0607794521827483     
   3.5017100000000001        3.0871412433736256     
   3.5017200000000002        3.0990281469763925     
   3.5017300000000002        3.1255042997807330     
   3.5017400000000003        3.1478058673176186     
   3.5017500000000004        3.1771671735025047     
   3.5017600000000004        3.2112252767624030     
   3.5017700000000005        3.2191816116586964     
   3.5017800000000001        3.2541947345758295     
   3.5017900000000002        3.2660708455764138     
   3.5018000000000002        3.2830964204577917     
   3.5018100000000003        3.2949373143077452     
   3.5018200000000004        3.3005022547790341     
   3.5018300000000004        3.3014586476455556     
   3.5018400000000005        3.3174852617234216     
   3.5018500000000001        3.3307921289068605     
   3.5018600000000002        3.3317847818920296     
   3.5018700000000003        3.3361909432322321     
   3.5018800000000003        3.3563032755153155     
   3.5018900000000004        3.3562081947885853     
   3.5019000000000005        3.3747715879410620     
   3.5019100000000001        3.3629914454627521     
   3.5019200000000001        3.3640831529584196     
   3.5019300000000002        3.3580692402617527     
   3.5019400000000003        3.3537582555200336     
   3.5019500000000003        3.3341837676261123     
   3.5019600000000004        3.3053592981274615     
   3.5019700000000005        3.2801018009223153     
   3.5019800000000001        3.2559877261234456     
   3.5019900000000002        3.2281655924489927     
   3.5020000000000002        3.2045805652018591     
   3.5020100000000003        3.1939902906120166     
   3.5020200000000004        3.1864797285641955     
   3.5020300000000004        3.1693424466233875     
   3.5020400000000005        3.1951459387602084     
   3.5020500000000001        3.2074222779124137     
   3.5020600000000002        3.2600137759729177     
   3.5020700000000002        3.3124423044249531     
   3.5020800000000003        3.3795901271172109     
   3.5020900000000004        3.4345676369470812     
   3.5021000000000004        3.4869757767515122     
   3.5021100000000005        3.5459827165753661     
   3.5021200000000001        3.5853403180849304     
   3.5021300000000002        3.6204592284395063     
   3.5021400000000003        3.6258256137281442     
   3.5021500000000003        3.6261698696405600     
   3.5021600000000004        3.6113022350513391     
   3.5021700000000004        3.5782759551893557     
   3.5021800000000001        3.5383457149335893     
   3.5021900000000001        3.4872611781837990     
   3.5022000000000002        3.4257390066477025     
   3.5022100000000003        3.3573214294051468     
   3.5022200000000003        3.2975360915025025     
   3.5022300000000004        3.2340819959223928     
   3.5022400000000005        3.1892685166407371     
   3.5022500000000001        3.1465003888683403     
   3.5022600000000002        3.1245633543537732     
   3.5022700000000002        3.1147896260458605     
   3.5022800000000003        3.1166356614029183     
   3.5022900000000003        3.1172875805636728     
   3.5023000000000004        3.1406038917139258     
   3.5023100000000005        3.1602093533239271     
   3.5023200000000001        3.1955313487828452     
   3.5023300000000002        3.2281876243005123     
   3.5023400000000002        3.2521266304497569     
   3.5023500000000003        3.2810508239464431     
   3.5023600000000004        3.3106586118100316     
   3.5023700000000004        3.3365080844652679     
   3.5023800000000005        3.3533522374354656     
   3.5023900000000001        3.3647336224186368     
   3.5024000000000002        3.3778670779470885     
   3.5024100000000002        3.3778515228833146     
   3.5024200000000003        3.3889400937168874     
   3.5024300000000004        3.3983437604128945     
   3.5024400000000004        3.4191338746223132     
   3.5024500000000005        3.4377065396608302     
   3.5024600000000001        3.4589490457549865     
   3.5024700000000002        3.4779971051635270     
   3.5024800000000003        3.5097777085466100     
   3.5024900000000003        3.5332154949701344     
   3.5025000000000004        3.5747100723498497     
   3.5025100000000005        3.5751726200103979     
   3.5025200000000001        3.5948179003493497     
   3.5025300000000001        3.5808113893741096     
   3.5025400000000002        3.5885855012776422     
   3.5025500000000003        3.5441663244800004     
   3.5025600000000003        3.5298054864503405     
   3.5025700000000004        3.4705350712800995     
   3.5025800000000005        3.4472824354627556     
   3.5025900000000001        3.3985000168591459     
   3.5026000000000002        3.3589809249909659     
   3.5026100000000002        3.3259848594748034     
   3.5026200000000003        3.3082084264989247     
   3.5026300000000004        3.2939278932463458     
   3.5026400000000004        3.2913084050730115     
   3.5026500000000005        3.2731629427731463     
   3.5026600000000001        3.2747884855022926     
   3.5026700000000002        3.2888065621768217     
   3.5026800000000002        3.2997198756246697     
   3.5026900000000003        3.3015794601281794     
   3.5027000000000004        3.3214646290020866     
   3.5027100000000004        3.3349486622175224     
   3.5027200000000005        3.3510697937528757     
   3.5027300000000001        3.3702277137511620     
   3.5027400000000002        3.3834588694660663     
   3.5027500000000003        3.4012550079102519     
   3.5027600000000003        3.4081073458295807     
   3.5027700000000004        3.4350628529694816     
   3.5027800000000004        3.4551426237483107     
   3.5027900000000001        3.4796372008436949     
   3.5028000000000001        3.5069944684561105     
   3.5028100000000002        3.5356904843043249     
   3.5028200000000003        3.5515005010237575     
   3.5028300000000003        3.5807922238627468     
   3.5028400000000004        3.5968065309955146     
   3.5028500000000005        3.6217259586415071     
   3.5028600000000001        3.6541507637248407     
   3.5028700000000002        3.6651475342590292     
   3.5028800000000002        3.6650445186661025     
   3.5028900000000003        3.6589039161679358     
   3.5029000000000003        3.6413932459608778     
   3.5029100000000004        3.6025620102899176     
   3.5029200000000005        3.5566582519188836     
   3.5029300000000001        3.5082503527464488     
   3.5029400000000002        3.4448446031367292     
   3.5029500000000002        3.3861370384393239     
   3.5029600000000003        3.3233318142233759     
   3.5029700000000004        3.2794665794906703     
   3.5029800000000004        3.2286058093142294     
   3.5029900000000005        3.2039168714583455     
   3.5030000000000001        3.1800873701991228     
   3.5030100000000002        3.1923681536014987     
   3.5030200000000002        3.2144538717037445     
   3.5030300000000003        3.2468349275527242     
   3.5030400000000004        3.2870934628555730     
   3.5030500000000004        3.3298383311383790     
   3.5030600000000005        3.3904041830360909     
   3.5030700000000001        3.4319491333590015     
   3.5030800000000002        3.4858632756497561     
   3.5030900000000003        3.5235060068091730     
   3.5031000000000003        3.5495002400859010     
   3.5031100000000004        3.5671358180955535     
   3.5031200000000005        3.5900317168748987     
   3.5031300000000001        3.5926964717115575     
   3.5031400000000001        3.5983792988632519     
   3.5031500000000002        3.5925501677271119     
   3.5031600000000003        3.5985790953206473     
   3.5031700000000003        3.5826277302145018     
   3.5031800000000004        3.5669202390894088     
   3.5031900000000005        3.5571032447234328     
   3.5032000000000001        3.5492539575359303     
   3.5032100000000002        3.5456110343072544     
   3.5032200000000002        3.5462451613797188     
   3.5032300000000003        3.5548334250640776     
   3.5032400000000004        3.5591963327847709     
   3.5032500000000004        3.5781004092088642     
   3.5032600000000005        3.5825372213254680     
   3.5032700000000001        3.6110226908555281     
   3.5032800000000002        3.6152985003134503     
   3.5032900000000002        3.6345167468859838     
   3.5033000000000003        3.6405375260327624     
   3.5033100000000004        3.6569577208398001     
   3.5033200000000004        3.6622468457487796     
   3.5033300000000005        3.6675871469716932     
   3.5033400000000001        3.6840720920381731     
   3.5033500000000002        3.6916934102263825     
   3.5033600000000003        3.7007469455141724     
   3.5033700000000003        3.7121916733193512     
   3.5033800000000004        3.7249205931404195     
   3.5033900000000004        3.7318933997322725     
   3.5034000000000001        3.7380373282541393     
   3.5034100000000001        3.7439643647600103     
   3.5034200000000002        3.7447113847821010     
   3.5034300000000003        3.7491742925197782     
   3.5034400000000003        3.7405744120863758     
   3.5034500000000004        3.7443646337628342     
   3.5034600000000005        3.7398139829229691     
   3.5034700000000001        3.7246206324768094     
   3.5034800000000001        3.7226051488592202     
   3.5034900000000002        3.7080632295691869     
   3.5035000000000003        3.6986103904478278     
   3.5035100000000003        3.7134404918574790     
   3.5035200000000004        3.7100075368078005     
   3.5035300000000005        3.7369914227018843     
   3.5035400000000001        3.7386653189002952     
   3.5035500000000002        3.7555236937318992     
   3.5035600000000002        3.7683054270399623     
   3.5035700000000003        3.7707079806612218     
   3.5035800000000004        3.7779426288304543     
   3.5035900000000004        3.7766715887592266     
   3.5036000000000005        3.7906319896479466     
   3.5036100000000001        3.7801112676241715     
   3.5036200000000002        3.7859429837344112     
   3.5036300000000002        3.7745282581443864     
   3.5036400000000003        3.7786535924340456     
   3.5036500000000004        3.7830363122093624     
   3.5036600000000004        3.7755480704213538     
   3.5036700000000005        3.7651219314558539     
   3.5036800000000001        3.7460242187937149     
   3.5036900000000002        3.7557028037557965     
   3.5037000000000003        3.7470386168942693     
   3.5037100000000003        3.7625116603165751     
   3.5037200000000004        3.7606124781045493     
   3.5037300000000005        3.7796352110017222     
   3.5037400000000001        3.7682863540481213     
   3.5037500000000001        3.7906372901596974     
   3.5037600000000002        3.7978228913131855     
   3.5037700000000003        3.8075079107938192     
   3.5037800000000003        3.8035689741019625     
   3.5037900000000004        3.7941206048242817     
   3.5038000000000005        3.7747597630312155     
   3.5038100000000001        3.7525407497729208     
   3.5038200000000002        3.7188257511784020     
   3.5038300000000002        3.6932735168957467     
   3.5038400000000003        3.6753648357768745     
   3.5038500000000004        3.6540771407699744     
   3.5038600000000004        3.6526776707333668     
   3.5038700000000005        3.6607177106925159     
   3.5038800000000001        3.6591911405211750     
   3.5038900000000002        3.6798326658578713     
   3.5039000000000002        3.6959098078252230     
   3.5039100000000003        3.7171706087252780     
   3.5039200000000004        3.7406843395969203     
   3.5039300000000004        3.7589570869327518     
   3.5039400000000005        3.7801377512550429     
   3.5039500000000001        3.7926870108159823     
   3.5039600000000002        3.8119455786404095     
   3.5039700000000003        3.8169167792459255     
   3.5039800000000003        3.8244490437175025     
   3.5039900000000004        3.8047720657164192     
   3.5040000000000004        3.7963450258766045     
   3.5040100000000001        3.7743709290205212     
   3.5040200000000001        3.7660827334355957     
   3.5040300000000002        3.7493112106544966     
   3.5040400000000003        3.7438815394830454     
   3.5040500000000003        3.7304020446910902     
   3.5040600000000004        3.7180645718248710     
   3.5040700000000005        3.7014764435927137     
   3.5040800000000001        3.6959154196869259     
   3.5040900000000001        3.6882823375365112     
   3.5041000000000002        3.6965991029743543     
   3.5041100000000003        3.6865305132814994     
   3.5041200000000003        3.6973467251589676     
   3.5041300000000004        3.6953016085287573     
   3.5041400000000005        3.7101540258803496     
   3.5041500000000001        3.7140000574091658     
   3.5041600000000002        3.7376264763885163     
   3.5041700000000002        3.7538782523873135     
   3.5041800000000003        3.7925100278721682     
   3.5041900000000004        3.8341498404211891     
   3.5042000000000004        3.8666410528585269     
   3.5042100000000005        3.8982024800088020     
   3.5042200000000001        3.9214073997191843     
   3.5042300000000002        3.9409232191490862     
   3.5042400000000002        3.9448259804832908     
   3.5042500000000003        3.9522854880186205     
   3.5042600000000004        3.9493761782030163     
   3.5042700000000004        3.9508585969911421     
   3.5042800000000005        3.9535066116524331     
   3.5042900000000001        3.9647644254172905     
   3.5043000000000002        3.9642996705039670     
   3.5043100000000003        3.9748178557110641     
   3.5043200000000003        3.9517013288916818     
   3.5043300000000004        3.9617523485394033     
   3.5043400000000005        3.9395923746681998     
   3.5043500000000001        3.9579562717435355     
   3.5043600000000001        3.9331453652865798     
   3.5043700000000002        3.9625964761597752     
   3.5043800000000003        3.9511894312768407     
   3.5043900000000003        3.9813289185215082     
   3.5044000000000004        3.9872344887271001     
   3.5044100000000005        4.0216964256816699     
   3.5044200000000001        4.0292670463753604     
   3.5044300000000002        4.0549720916591978     
   3.5044400000000002        4.0700861929560590     
   3.5044500000000003        4.0747315963052380     
   3.5044600000000004        4.0644335085615140     
   3.5044700000000004        4.0523967711680893     
   3.5044800000000005        4.0298271275486020     
   3.5044900000000001        4.0177425105287785     
   3.5045000000000002        3.9947323123547718     
   3.5045100000000002        3.9683604819978244     
   3.5045200000000003        3.9417228524701931     
   3.5045300000000004        3.9206414808563901     
   3.5045400000000004        3.8792857037213193     
   3.5045500000000005        3.8612153364358335     
   3.5045600000000001        3.8362882627864399     
   3.5045700000000002        3.8261860030386696     
   3.5045800000000003        3.8120375264242963     
   3.5045900000000003        3.8164217883031584     
   3.5046000000000004        3.8248471106107886     
   3.5046100000000004        3.8547423493173678     
   3.5046200000000001        3.8791800613250942     
   3.5046300000000001        3.9146579994746720     
   3.5046400000000002        3.9408226547641472     
   3.5046500000000003        3.9736971419897236     
   3.5046600000000003        3.9931233367499841     
   3.5046700000000004        4.0051080690391085     
   3.5046800000000005        4.0059973242958762     
   3.5046900000000001        4.0062959249599759     
   3.5047000000000001        3.9919988165906841     
   3.5047100000000002        3.9970258890732411     
   3.5047200000000003        3.9705938800426495     
   3.5047300000000003        3.9466121627778992     
   3.5047400000000004        3.9215264908277128     
   3.5047500000000005        3.9090480524187323     
   3.5047600000000001        3.8947274703236028     
   3.5047700000000002        3.8706194743366238     
   3.5047800000000002        3.8773261958090490     
   3.5047900000000003        3.8720080570962510     
   3.5048000000000004        3.8823834537729391     
   3.5048100000000004        3.8767193494907972     
   3.5048200000000005        3.9119001267539413     
   3.5048300000000001        3.9098055573928221     
   3.5048400000000002        3.9378308430325939     
   3.5048500000000002        3.9390096723668080     
   3.5048600000000003        3.9474437708833037     
   3.5048700000000004        3.9476050622394143     
   3.5048800000000004        3.9625822141824836     
   3.5048900000000005        3.9643004443274643     
   3.5049000000000001        3.9739803205831081     
   3.5049100000000002        3.9764417427542549     
   3.5049200000000003        3.9757532289709290     
   3.5049300000000003        3.9744155499099301     
   3.5049400000000004        3.9698435978325972     
   3.5049500000000005        3.9627451129861804     
   3.5049600000000001        3.9726185838646453     
   3.5049700000000001        3.9789729548842541     
   3.5049800000000002        3.9905528730844950     
   3.5049900000000003        3.9963469207886031     
   3.5050000000000003        3.9952729754451650     
   3.5050100000000004        3.9882529121431771     
   3.5050200000000005        3.9749769897205103     
   3.5050300000000001        3.9809527818736701     
   3.5050400000000002        3.9918756571402048     
   3.5050500000000002        4.0009317730683902     
   3.5050600000000003        3.9926456171811608     
   3.5050700000000004        4.0091094389676636     
   3.5050800000000004        4.0059156733285963     
   3.5050900000000005        4.0162386445145186     
   3.5051000000000001        4.0128296397200716     
   3.5051100000000002        4.0101630117638214     
   3.5051200000000002        4.0034652063015272     
   3.5051300000000003        4.0103155882394956     
   3.5051400000000004        4.0272466432381790     
   3.5051500000000004        4.0345215421268916     
   3.5051600000000005        4.0477453528529681     
   3.5051700000000001        4.0518507001787860     
   3.5051800000000002        4.0441285839515464     
   3.5051900000000002        4.0577993309535154     
   3.5052000000000003        4.0408832774783701     
   3.5052100000000004        4.0496265092197863     
   3.5052200000000004        4.0236832523767854     
   3.5052300000000001        4.0172002389243797     
   3.5052400000000001        3.9888678980556418     
   3.5052500000000002        3.9787249010357812     
   3.5052600000000003        3.9589293116746811     
   3.5052700000000003        3.9510497185587985     
   3.5052800000000004        3.9427669891975796     
   3.5052900000000005        3.9367224620794512     
   3.5053000000000001        3.9334253982802982     
   3.5053100000000001        3.9465046139975293     
   3.5053200000000002        3.9575109487226090     
   3.5053300000000003        3.9652046632459297     
   3.5053400000000003        3.9714800576926699     
   3.5053500000000004        3.9721899287749101     
   3.5053600000000005        3.9773613178720115     
   3.5053700000000001        3.9902049422509949     
   3.5053800000000002        3.9789546540075924     
   3.5053900000000002        3.9738978476991282     
   3.5054000000000003        3.9659515169783792     
   3.5054100000000004        3.9569825730537440     
   3.5054200000000004        3.9565959466183931     
   3.5054300000000005        3.9722884213272156     
   3.5054400000000001        3.9925163723436286     
   3.5054500000000002        4.0101801916805426     
   3.5054600000000002        4.0283430453680360     
   3.5054700000000003        4.0574743336880665     
   3.5054800000000004        4.0892737424069754     
   3.5054900000000004        4.1220294288194745     
   3.5055000000000005        4.1369528700888436     
   3.5055100000000001        4.1576459773583760     
   3.5055200000000002        4.1518817362352829     
   3.5055300000000003        4.1526961375418141     
   3.5055400000000003        4.1382025380246326     
   3.5055500000000004        4.1257941713317487     
   3.5055600000000005        4.0924367511306681     
   3.5055700000000001        4.0747940212983185     
   3.5055800000000001        4.0541631719375273     
   3.5055900000000002        4.0403159090560870     
   3.5056000000000003        4.0273203129795716     
   3.5056100000000003        4.0198708707062885     
   3.5056200000000004        4.0231627311411042     
   3.5056300000000005        4.0339157932320244     
   3.5056400000000001        4.0487277109955109     
   3.5056500000000002        4.0633573901936524     
   3.5056600000000002        4.0905293628138928     
   3.5056700000000003        4.1123995851552282     
   3.5056800000000004        4.1472375726478949     
   3.5056900000000004        4.1545466874757775     
   3.5057000000000005        4.1695789526133993     
   3.5057100000000001        4.1754852608273954     
   3.5057200000000002        4.1915462293310917     
   3.5057300000000002        4.1745310136681164     
   3.5057400000000003        4.1724285450124086     
   3.5057500000000004        4.1660035428339492     
   3.5057600000000004        4.1676010117382214     
   3.5057700000000005        4.1420198204835144     
   3.5057800000000001        4.1425109225822467     
   3.5057900000000002        4.1293916016410579     
   3.5058000000000002        4.1292372910500861     
   3.5058100000000003        4.1209664908370325     
   3.5058200000000004        4.1335322214086920     
   3.5058300000000004        4.1386732895569400     
   3.5058400000000001        4.1629331880747511     
   3.5058500000000001        4.1743350904913044     
   3.5058600000000002        4.2087045726746837     
   3.5058700000000003        4.2246839097054130     
   3.5058800000000003        4.2546299271728234     
   3.5058900000000004        4.2555463843975181     
   3.5059000000000005        4.2701976925967919     
   3.5059100000000001        4.2530278102330623     
   3.5059200000000001        4.2427908363449180     
   3.5059300000000002        4.2157655368117872     
   3.5059400000000003        4.1864991581500419     
   3.5059500000000003        4.1438070768650910     
   3.5059600000000004        4.1031503664609534     
   3.5059700000000005        4.0448987837253094     
   3.5059800000000001        3.9959818711532802     
   3.5059900000000002        3.9618090591968516     
   3.5060000000000002        3.9373560047102849     
   3.5060100000000003        3.9167797945933107     
   3.5060200000000004        3.9019885117334461     
   3.5060300000000004        3.9127734249462356     
   3.5060400000000005        3.9344992832776087     
   3.5060500000000001        3.9788744648045391     
   3.5060600000000002        4.0189049698178438     
   3.5060700000000002        4.0687366815899564     
   3.5060800000000003        4.1157455670547947     
   3.5060900000000004        4.1741422206138399     
   3.5061000000000004        4.2194078041097436     
   3.5061100000000005        4.2624528346499204     
   3.5061200000000001        4.2810779887307397     
   3.5061300000000002        4.3060688787578414     
   3.5061400000000003        4.3191011244233364     
   3.5061500000000003        4.3145912461307176     
   3.5061600000000004        4.3004002128718719     
   3.5061700000000005        4.2809200633090345     
   3.5061800000000001        4.2505507662952402     
   3.5061900000000001        4.2113717466026346     
   3.5062000000000002        4.1759457707506140     
   3.5062100000000003        4.1392743859310359     
   3.5062200000000003        4.1021488423369030     
   3.5062300000000004        4.0703778276144700     
   3.5062400000000005        4.0453615456110441     
   3.5062500000000001        4.0438709012637553     
   3.5062600000000002        4.0299439749057724     
   3.5062700000000002        4.0264897495741838     
   3.5062800000000003        4.0383759067281391     
   3.5062900000000004        4.0543645809741626     
   3.5063000000000004        4.0765418187881064     
   3.5063100000000005        4.0842324976102047     
   3.5063200000000001        4.0997382611528046     
   3.5063300000000002        4.1238291078783158     
   3.5063400000000002        4.1379382673763923     
   3.5063500000000003        4.1461884243537597     
   3.5063600000000004        4.1462408313458674     
   3.5063700000000004        4.1526972035730729     
   3.5063800000000005        4.1516896269274675     
   3.5063900000000001        4.1513858322674846     
   3.5064000000000002        4.1598400852087636     
   3.5064100000000002        4.1637096162736817     
   3.5064200000000003        4.1662930237308231     
   3.5064300000000004        4.1541063826447511     
   3.5064400000000004        4.1470015905252717     
   3.5064500000000001        4.1459363879283870     
   3.5064600000000001        4.1424832396505824     
   3.5064700000000002        4.1246642259959980     
   3.5064800000000003        4.1214006922144000     
   3.5064900000000003        4.1075091967785342     
   3.5065000000000004        4.1407074731330038     
   3.5065100000000005        4.1530483536075078     
   3.5065200000000001        4.1946353040883322     
   3.5065300000000001        4.2186068322832933     
   3.5065400000000002        4.2433148769855551     
   3.5065500000000003        4.2617242474014638     
   3.5065600000000003        4.2958852653394306     
   3.5065700000000004        4.3218207227934746     
   3.5065800000000005        4.3520242909631506     
   3.5065900000000001        4.3551396895226731     
   3.5066000000000002        4.3673632042939285     
   3.5066100000000002        4.3486169815211086     
   3.5066200000000003        4.3514636637092989     
   3.5066300000000004        4.3260210951640916     
   3.5066400000000004        4.3040334995416982     
   3.5066500000000005        4.2776049151617572     
   3.5066600000000001        4.2397479261186168     
   3.5066700000000002        4.1976411807389642     
   3.5066800000000002        4.1584187449590821     
   3.5066900000000003        4.1044724980372695     
   3.5067000000000004        4.0643718759421104     
   3.5067100000000004        4.0166904130937819     
   3.5067200000000005        3.9699628004335152     
   3.5067300000000001        3.9416176233202598     
   3.5067400000000002        3.9195303119291798     
   3.5067500000000003        3.9146699148820763     
   3.5067600000000003        3.9138303436769286     
   3.5067700000000004        3.9406253366626096     
   3.5067800000000005        3.9667845508012727     
   3.5067900000000001        4.0239146635299345     
   3.5068000000000001        4.0724423149811440     
   3.5068100000000002        4.1221167996636146     
   3.5068200000000003        4.1903159024503287     
   3.5068300000000003        4.2311845066044995     
   3.5068400000000004        4.2925114173667351     
   3.5068500000000005        4.3381007224603128     
   3.5068600000000001        4.3703352649278475     
   3.5068700000000002        4.3959017581576232     
   3.5068800000000002        4.3862421913377343     
   3.5068900000000003        4.3901351507841451     
   3.5069000000000004        4.3729226010052100     
   3.5069100000000004        4.3568192766356217     
   3.5069200000000005        4.3279154537059163     
   3.5069300000000001        4.2938965624096532     
   3.5069400000000002        4.2536564945341828     
   3.5069500000000002        4.2071554129851343     
   3.5069600000000003        4.1655520613093628     
   3.5069700000000004        4.1173704666348740     
   3.5069800000000004        4.0845345392809493     
   3.5069900000000005        4.0263183480253470     
   3.5070000000000001        4.0043619691653456     
   3.5070100000000002        3.9685910280280190     
   3.5070200000000002        3.9648882816055977     
   3.5070300000000003        3.9447637638221082     
   3.5070400000000004        3.9521706574668163     
   3.5070500000000004        3.9695836183113373     
   3.5070600000000001        3.9897020950811073     
   3.5070700000000001        4.0128335952072840     
   3.5070800000000002        4.0368812474171341     
   3.5070900000000003        4.0750754822650919     
   3.5071000000000003        4.0882730167842700     
   3.5071100000000004        4.1056711550798344     
   3.5071200000000005        4.1050704566550342     
   3.5071300000000001        4.1230350601372363     
   3.5071400000000001        4.1128981351565601     
   3.5071500000000002        4.1150751245219483     
   3.5071600000000003        4.1049341342550667     
   3.5071700000000003        4.0932438152731248     
   3.5071800000000004        4.0934280640901761     
   3.5071900000000005        4.0870179751633753     
   3.5072000000000001        4.0880774796554258     
   3.5072100000000002        4.0844174854751056     
   3.5072200000000002        4.0772841657712604     
   3.5072300000000003        4.0728415630194110     
   3.5072400000000004        4.0661463432901792     
   3.5072500000000004        4.0624149184943956     
   3.5072600000000005        4.0650638656963221     
   3.5072700000000001        4.0681328303695556     
   3.5072800000000002        4.0658309086866247     
   3.5072900000000002        4.0719604248491565     
   3.5073000000000003        4.0842584019146928     
   3.5073100000000004        4.0845164180861957     
   3.5073200000000004        4.0816574456944581     
   3.5073300000000005        4.0929429195134608     
   3.5073400000000001        4.0958705550025050     
   3.5073500000000002        4.0904593304767909     
   3.5073600000000003        4.0897115989630102     
   3.5073700000000003        4.0859752952313197     
   3.5073800000000004        4.0884127617689483     
   3.5073900000000005        4.0894810572537574     
   3.5074000000000001        4.0875417376566139     
   3.5074100000000001        4.0863345236645063     
   3.5074200000000002        4.0718026905880329     
   3.5074300000000003        4.0742650527256794     
   3.5074400000000003        4.0604204746368895     
   3.5074500000000004        4.0761892058476406     
   3.5074600000000005        4.0865515366124630     
   3.5074700000000001        4.1060261583427069     
   3.5074800000000002        4.1238505747998833     
   3.5074900000000002        4.1402258485167325     
   3.5075000000000003        4.1407200283171530     
   3.5075100000000003        4.1583177472571986     
   3.5075200000000004        4.1755845439647166     
   3.5075300000000005        4.1791808436700721     
   3.5075400000000001        4.1766447263599948     
   3.5075500000000002        4.1717063982847273     
   3.5075600000000002        4.1677511312543558     
   3.5075700000000003        4.1627493319850277     
   3.5075800000000004        4.1389746085665928     
   3.5075900000000004        4.1319804704607916     
   3.5076000000000005        4.1059898019977235     
   3.5076100000000001        4.0871285301215785     
   3.5076200000000002        4.0505709355404402     
   3.5076300000000002        4.0282428787386744     
   3.5076400000000003        4.0003006400580405     
   3.5076500000000004        3.9815801767837273     
   3.5076600000000004        3.9574811263707730     
   3.5076700000000001        3.9491683263626358     
   3.5076800000000001        3.9446347706277627     
   3.5076900000000002        3.9526860116948273     
   3.5077000000000003        3.9489002291615036     
   3.5077100000000003        3.9595743425825889     
   3.5077200000000004        3.9622919459716743     
   3.5077300000000005        3.9678631843112355     
   3.5077400000000001        3.9832882026167638     
   3.5077500000000001        3.9931215203997668     
   3.5077600000000002        3.9883832581969516     
   3.5077700000000003        3.9882609223696113     
   3.5077800000000003        3.9876246176081529     
   3.5077900000000004        3.9848558045338573     
   3.5078000000000005        3.9714968692585515     
   3.5078100000000001        3.9621758006858987     
   3.5078200000000002        3.9430512162096960     
   3.5078300000000002        3.9400791234196744     
   3.5078400000000003        3.9149086982543277     
   3.5078500000000004        3.9018299659703786     
   3.5078600000000004        3.8986378983887544     
   3.5078700000000005        3.8943028334099763     
   3.5078800000000001        3.8764945548575667     
   3.5078900000000002        3.8841972855460436     
   3.5079000000000002        3.8996135885439034     
   3.5079100000000003        3.9228891575482723     
   3.5079200000000004        3.9408360119038410     
   3.5079300000000004        3.9760496857158030     
   3.5079400000000005        4.0004940036407781     
   3.5079500000000001        4.0288715533823725     
   3.5079600000000002        4.0613258149878568     
   3.5079700000000003        4.1018352663173756     
   3.5079800000000003        4.1275860592863811     
   3.5079900000000004        4.1572386996865456     
   3.5080000000000005        4.1728942831158466     
   3.5080100000000001        4.1875252521947166     
   3.5080200000000001        4.1950763871835770     
   3.5080300000000002        4.1920429344549559     
   3.5080400000000003        4.1829235477469249     
   3.5080500000000003        4.1589819144521760     
   3.5080600000000004        4.1311241427261916     
   3.5080700000000005        4.0933440624303161     
   3.5080800000000001        4.0636858216916600     
   3.5080900000000002        4.0203403118032766     
   3.5081000000000002        3.9914110178607136     
   3.5081100000000003        3.9603180002821068     
   3.5081200000000003        3.9243209108991866     
   3.5081300000000004        3.8994132506943959     
   3.5081400000000005        3.8690882760235512     
   3.5081500000000001        3.8668016484720318     
   3.5081600000000002        3.8547827557988184     
   3.5081700000000002        3.8562765173415761     
   3.5081800000000003        3.8590383909600812     
   3.5081900000000004        3.8609349553334402     
   3.5082000000000004        3.8718209433194044     
   3.5082100000000005        3.8798560173672900     
   3.5082200000000001        3.9004837887533812     
   3.5082300000000002        3.9132881852571351     
   3.5082400000000002        3.9143383036612822     
   3.5082500000000003        3.9374504636140828     
   3.5082600000000004        3.9444060039032531     
   3.5082700000000004        3.9532185302441030     
   3.5082800000000001        3.9564159924850300     
   3.5082900000000001        3.9535694290530845     
   3.5083000000000002        3.9486143708010775     
   3.5083100000000003        3.9262177405105367     
   3.5083200000000003        3.9117556806868650     
   3.5083300000000004        3.8975963251218069     
   3.5083400000000005        3.8889180070366609     
   3.5083500000000001        3.8683564497620559     
   3.5083600000000001        3.8508928012520474     
   3.5083700000000002        3.8249108543284804     
   3.5083800000000003        3.8127415011375883     
   3.5083900000000003        3.7893476968756890     
   3.5084000000000004        3.7691184652455725     
   3.5084100000000005        3.7540663923070614     
   3.5084200000000001        3.7524228119949812     
   3.5084300000000002        3.7329955522331453     
   3.5084400000000002        3.7287657715111688     
   3.5084500000000003        3.7161426062605689     
   3.5084600000000004        3.7243638383260667     
   3.5084700000000004        3.7223516454093346     
   3.5084800000000005        3.7372709402704607     
   3.5084900000000001        3.7591507284419872     
   3.5085000000000002        3.7791938943653451     
   3.5085100000000002        3.8133848082720263     
   3.5085200000000003        3.8302344389609027     
   3.5085300000000004        3.8585856283178872     
   3.5085400000000004        3.8615177942909540     
   3.5085500000000005        3.8853121470908687     
   3.5085600000000001        3.8815080106979796     
   3.5085700000000002        3.9024279913066309     
   3.5085800000000003        3.9007686837365685     
   3.5085900000000003        3.9147408839774811     
   3.5086000000000004        3.9100522745775961     
   3.5086100000000005        3.9128939670154739     
   3.5086200000000001        3.9112500038827411     
   3.5086300000000001        3.8888548297517507     
   3.5086400000000002        3.8742966219719261     
   3.5086500000000003        3.8558503433306570     
   3.5086600000000003        3.8407195808694952     
   3.5086700000000004        3.8202668260487203     
   3.5086800000000005        3.8100414088044743     
   3.5086900000000001        3.7870775231099323     
   3.5087000000000002        3.7701021811714539     
   3.5087100000000002        3.7486456477158256     
   3.5087200000000003        3.7415125083496079     
   3.5087300000000003        3.7302499067308430     
   3.5087400000000004        3.7275936261009996     
   3.5087500000000005        3.7255036418410099     
   3.5087600000000001        3.7281933869800836     
   3.5087700000000002        3.7160558075741599     
   3.5087800000000002        3.7180520221775750     
   3.5087900000000003        3.7121679067977933     
   3.5088000000000004        3.7084197465697053     
   3.5088100000000004        3.6860270959098655     
   3.5088200000000005        3.6743560382212626     
   3.5088300000000001        3.6440217030266413     
   3.5088400000000002        3.6197976823076461     
   3.5088500000000002        3.5894910928824646     
   3.5088600000000003        3.5622074410375437     
   3.5088700000000004        3.5310429402144949     
   3.5088800000000004        3.5134106936203198     
   3.5088900000000005        3.4924888192647972     
   3.5089000000000001        3.4910383042154516     
   3.5089100000000002        3.4908736702028773     
   3.5089200000000003        3.4953311629698813     
   3.5089300000000003        3.5046421201400118     
   3.5089400000000004        3.5282083315452613     
   3.5089500000000005        3.5509895141642041     
   3.5089600000000001        3.5776817240859313     
   3.5089700000000001        3.6106327348790597     
   3.5089800000000002        3.6493800360829192     
   3.5089900000000003        3.6704971485129478     
   3.5090000000000003        3.6936577314552537     
   3.5090100000000004        3.7047911504982434     
   3.5090200000000005        3.7173410928288924     
   3.5090300000000001        3.7348458243801517     
   3.5090400000000002        3.7364814507960920     
   3.5090500000000002        3.7505631515919351     
   3.5090600000000003        3.7497758947459769     
   3.5090700000000004        3.7527113058146089     
   3.5090800000000004        3.7464401897544373     
   3.5090900000000005        3.7574727528187748     
   3.5091000000000001        3.7469219252345143     
   3.5091100000000002        3.7448367009900565     
   3.5091200000000002        3.7355924295029963     
   3.5091300000000003        3.7317269821320784     
   3.5091400000000004        3.7176492958017295     
   3.5091500000000004        3.7128207969834004     
   3.5091600000000005        3.7027784702335373     
   3.5091700000000001        3.6875557844152045     
   3.5091800000000002        3.6730389327979460     
   3.5091900000000003        3.6454828772709966     
   3.5092000000000003        3.6301838938462532     
   3.5092100000000004        3.5979951578576714     
   3.5092200000000005        3.5808526547119226     
   3.5092300000000001        3.5493882256377578     
   3.5092400000000001        3.5302025355871129     
   3.5092500000000002        3.4988147380230648     
   3.5092600000000003        3.4873325017170882     
   3.5092700000000003        3.4667668074712616     
   3.5092800000000004        3.4681685686383754     
   3.5092900000000005        3.4494375906743744     
   3.5093000000000001        3.4652459250593259     
   3.5093100000000002        3.4779663153417073     
   3.5093200000000002        3.5022878754654960     
   3.5093300000000003        3.5161364330512344     
   3.5093400000000003        3.5405388000612756     
   3.5093500000000004        3.5473962984733500     
   3.5093600000000005        3.5531918978045507     
   3.5093700000000001        3.5607069115520238     
   3.5093800000000002        3.5719512547136358     
   3.5093900000000002        3.5644071483223030     
   3.5094000000000003        3.5732854711333419     
   3.5094100000000004        3.5636798292453866     
   3.5094200000000004        3.5581951913292946     
   3.5094300000000005        3.5462380969221847     
   3.5094400000000001        3.5447855318191950     
   3.5094500000000002        3.5314130918880426     
   3.5094600000000002        3.5161606746322049     
   3.5094700000000003        3.5069509433088721     
   3.5094800000000004        3.4969699813605115     
   3.5094900000000004        3.4781947047291677     
   3.5095000000000005        3.4602618261240181     
   3.5095100000000001        3.4429132163980456     
   3.5095200000000002        3.4279778466188597     
   3.5095300000000003        3.4096151109445145     
   3.5095400000000003        3.3906562049066475     
   3.5095500000000004        3.3761470580680535     
   3.5095600000000005        3.3609279539938970     
   3.5095700000000001        3.3497725256278157     
   3.5095800000000001        3.3422330216349101     
   3.5095900000000002        3.3344196239331496     
   3.5096000000000003        3.3371441174924157     
   3.5096100000000003        3.3454256313198885     
   3.5096200000000004        3.3444012377696914     
   3.5096300000000005        3.3471320975332706     
   3.5096400000000001        3.3495244485169127     
   3.5096500000000002        3.3525509925774748     
   3.5096600000000002        3.3641139835613227     
   3.5096700000000003        3.3647723144652231     
   3.5096800000000004        3.3728768707863770     
   3.5096900000000004        3.3661135733890566     
   3.5097000000000005        3.3681559204572902     
   3.5097100000000001        3.3621545589773314     
   3.5097200000000002        3.3632883889609526     
   3.5097300000000002        3.3587260731018427     
   3.5097400000000003        3.3568807120412161     
   3.5097500000000004        3.3546758046089669     
   3.5097600000000004        3.3471453921325054     
   3.5097700000000005        3.3436097479201607     
   3.5097800000000001        3.3429237071617246     
   3.5097900000000002        3.3376238182426672     
   3.5098000000000003        3.3270550261170739     
   3.5098100000000003        3.3194945483017695     
   3.5098200000000004        3.3080926713206757     
   3.5098300000000004        3.3044717624798965     
   3.5098400000000001        3.2994401172903989     
   3.5098500000000001        3.2990751727483816     
   3.5098600000000002        3.2943234238832910     
   3.5098700000000003        3.2861695642398865     
   3.5098800000000003        3.2771336744946207     
   3.5098900000000004        3.2684676780445261     
   3.5099000000000005        3.2602349106682267     
   3.5099100000000001        3.2490001598984031     
   3.5099200000000002        3.2396810714326723     
   3.5099300000000002        3.2283448854837791     
   3.5099400000000003        3.2217149047177371     
   3.5099500000000003        3.2138420711874551     
   3.5099600000000004        3.2097427279372650     
   3.5099700000000005        3.2076947949334857     
   3.5099800000000001        3.2050418424313678     
   3.5099900000000002        3.2084534147453452     
   3.5100000000000002        3.2106913901383103     
