   1.6500000000000001       0.20417217773620816     
   1.6510000000000002       0.20311945789773966     
   1.6520000000000001       0.21995232731057043     
   1.6530000000000000       0.20581761010421318     
   1.6540000000000001       0.19023427841004451     
   1.6550000000000000       0.14564384042276998     
   1.6560000000000001       0.10707231065335385     
   1.6570000000000000        8.6230986168122206E-002
   1.6580000000000001        6.5648719117163745E-002
   1.6590000000000000        5.6543400143591174E-002
   1.6600000000000001        5.8696924685875729E-002
   1.6610000000000000        6.5590983044824261E-002
   1.6620000000000001        7.9502468670478471E-002
   1.6630000000000000        9.4549949819100171E-002
   1.6640000000000001       0.10437476989229240     
   1.6650000000000000       0.11058683194220668     
   1.6660000000000001       0.12221905410370126     
   1.6670000000000000       0.12550093453127190     
   1.6680000000000001       0.13975437428519866     
   1.6690000000000000       0.13142449285367169     
   1.6700000000000002       0.13579114521373833     
   1.6710000000000000       0.14758716756298143     
   1.6720000000000002       0.14028824134273082     
   1.6730000000000000       0.13150458215447122     
   1.6740000000000002       0.12173477176668702     
   1.6750000000000000       0.11048890202595700     
   1.6760000000000002       0.10519320674055725     
   1.6770000000000000       0.10027705908796923     
   1.6780000000000002        9.9564561598997126E-002
   1.6790000000000000       0.10097579923654811     
   1.6800000000000002       0.10243732580939920     
   1.6810000000000000       0.11091939249014611     
   1.6820000000000002       0.10666779914118420     
   1.6830000000000001       0.10382670855156009     
   1.6840000000000002       0.10912281166738806     
   1.6850000000000001       0.11407544585629369     
   1.6860000000000002       0.11972183606346415     
   1.6870000000000001       0.12936912720529137     
   1.6880000000000002       0.12632544967776005     
   1.6890000000000001       0.12897791262369326     
   1.6900000000000002       0.13016319138043478     
   1.6910000000000001       0.11701080340659188     
   1.6920000000000002       0.11325928744273246     
   1.6930000000000001       0.11454326123277010     
   1.6940000000000002       0.11780143578491474     
   1.6950000000000001       0.10896278574606272     
   1.6960000000000002       0.11002739296854983     
   1.6970000000000001       0.11580755052286008     
   1.6980000000000002       0.12027314388570970     
   1.6990000000000001       0.12441148398976806     
   1.7000000000000002       0.12661362837153203     
   1.7010000000000001       0.11105036783801341     
   1.7020000000000002       0.11418171330950257     
   1.7030000000000001       0.11595398448254463     
   1.7040000000000002       0.11823213787229625     
   1.7050000000000001       0.11562204144597685     
   1.7060000000000002       0.11811814992296561     
   1.7070000000000001       0.11767675325528693     
   1.7080000000000002       0.11937757798020102     
   1.7090000000000001       0.11607810200531084     
   1.7100000000000002       0.11392402804142598     
   1.7110000000000001       0.10970525693677000     
   1.7120000000000002       0.11019421690331352     
   1.7130000000000001       0.11258484423733847     
   1.7140000000000002       0.10699202950232325     
   1.7150000000000001       0.10283305233798427     
   1.7160000000000002       0.10353611446159058     
   1.7170000000000001       0.10198360561891474     
   1.7180000000000002       0.10445677693760495     
   1.7190000000000001       0.10874811277592150     
   1.7200000000000002       0.10413250372149171     
   1.7210000000000001       0.10831370908527942     
   1.7220000000000002       0.11453716542640201     
   1.7230000000000001       0.10493636940667986     
   1.7240000000000002       0.10088662246314514     
   1.7250000000000001       0.10232365900237214     
   1.7260000000000002       0.10251379378581781     
   1.7270000000000001       0.10797107524619819     
   1.7280000000000002       0.10025898034453273     
