   1.6500000000000001        7.7097773132496314E-002
   1.6510000000000002        5.9185405282081549E-002
   1.6520000000000001        5.2262086048398368E-002
   1.6530000000000000        4.0274926018541608E-002
   1.6540000000000001        2.9011916476840809E-002
   1.6550000000000000        1.7746569587108140E-002
   1.6560000000000001        1.4176518293663390E-002
   1.6570000000000000        8.7932038790967098E-003
   1.6580000000000001        7.6215011052908135E-003
   1.6590000000000000        6.9255004289591427E-003
   1.6600000000000001        6.2128499393324004E-003
   1.6610000000000000        8.3461336443880381E-003
   1.6620000000000001        1.1773625115592792E-002
   1.6630000000000000        1.5585440057652328E-002
   1.6640000000000001        2.0291714216536142E-002
   1.6650000000000000        2.5529472312391881E-002
   1.6660000000000001        3.3441565652382620E-002
   1.6670000000000000        3.7265420298288915E-002
   1.6680000000000001        4.5649256459432450E-002
   1.6690000000000000        4.3159516047028335E-002
   1.6700000000000002        3.9901883315611571E-002
   1.6710000000000000        3.1727106142187850E-002
   1.6720000000000002        2.8699027745401742E-002
   1.6730000000000000        2.6517040696277461E-002
   1.6740000000000002        2.0530813066821151E-002
   1.6750000000000000        1.8144997084266087E-002
   1.6760000000000002        1.5279914846769061E-002
   1.6770000000000000        1.5921184816175726E-002
   1.6780000000000002        1.6624427814613551E-002
   1.6790000000000000        1.5128017228170722E-002
   1.6800000000000002        1.7825651700600693E-002
   1.6810000000000000        1.8011563494907339E-002
   1.6820000000000002        2.1560947085485772E-002
   1.6830000000000001        2.2551028516364899E-002
   1.6840000000000002        2.7473674846812152E-002
   1.6850000000000001        2.9508299046276467E-002
   1.6860000000000002        3.1487203788392898E-002
   1.6870000000000001        2.6617072728376243E-002
   1.6880000000000002        3.1415643743633155E-002
   1.6890000000000001        3.3061131329634168E-002
   1.6900000000000002        2.5319039066154420E-002
   1.6910000000000001        2.4757892697005006E-002
   1.6920000000000002        2.4591379177464599E-002
   1.6930000000000001        2.0953155567376241E-002
   1.6940000000000002        2.3207488559254006E-002
   1.6950000000000001        1.9722631298228464E-002
   1.6960000000000002        2.2353778887011726E-002
   1.6970000000000001        2.0332886416464468E-002
   1.6980000000000002        2.3216313007309818E-002
   1.6990000000000001        1.9656142258345027E-002
   1.7000000000000002        2.4275818073593497E-002
   1.7010000000000001        2.2105292156455920E-002
   1.7020000000000002        2.0931083495255017E-002
   1.7030000000000001        2.5505933916846499E-002
   1.7040000000000002        2.6760127986761362E-002
   1.7050000000000001        2.9541339987077645E-002
   1.7060000000000002        3.0603247910196699E-002
   1.7070000000000001        2.5191181056537015E-002
   1.7080000000000002        2.4230455694820040E-002
   1.7090000000000001        2.2977390907271990E-002
   1.7100000000000002        2.3722985976109695E-002
   1.7110000000000001        2.6001556400925479E-002
   1.7120000000000002        2.3659967423758074E-002
   1.7130000000000001        1.9732001592697529E-002
   1.7140000000000002        2.4783831048738925E-002
   1.7150000000000001        2.2489257075973327E-002
   1.7160000000000002        2.0700450746160146E-002
   1.7170000000000001        2.2692262905296870E-002
   1.7180000000000002        2.4382219856833767E-002
   1.7190000000000001        2.2006536648149368E-002
   1.7200000000000002        2.5387137393577272E-002
   1.7210000000000001        2.7697915637784051E-002
   1.7220000000000002        2.3801557215249687E-002
   1.7230000000000001        2.2971152408842552E-002
   1.7240000000000002        2.5745032368551871E-002
   1.7250000000000001        2.0261952864888813E-002
   1.7260000000000002        2.2853493561807794E-002
   1.7270000000000001        2.0083775314376561E-002
   1.7280000000000002        2.4432436923475551E-002
   1.7290000000000001        2.0162932707955505E-002
   1.7300000000000002        2.1184160905808769E-002
   1.7310000000000001        2.1719332626623917E-002
   1.7320000000000002        2.2746803610067107E-002
   1.7330000000000001        2.3655403427906820E-002
   1.7340000000000002        2.5435895820544809E-002
   1.7350000000000001        2.3253371460987843E-002
   1.7360000000000002        2.4618526383750210E-002
   1.7370000000000001        2.4268417547053816E-002
   1.7380000000000002        2.3400700497492315E-002
   1.7390000000000001        2.5828218648583996E-002
   1.7400000000000002        2.4769605124358548E-002
   1.7410000000000001        2.3824165268898433E-002
   1.7420000000000002        2.1030507493306691E-002
   1.7430000000000001        2.4788818387146586E-002
   1.7440000000000002        1.9501784954438731E-002
   1.7450000000000001        1.9162439628725877E-002
   1.7460000000000002        2.2271956164907479E-002
   1.7470000000000001        2.5780796710976987E-002
   1.7480000000000002        2.1018506912953878E-002
   1.7490000000000001        2.5885475208662193E-002
   1.7500000000000002        2.3006804863203639E-002
   1.7510000000000001        2.6024781602416010E-002
   1.7520000000000002        2.4138483968047429E-002
   1.7530000000000001        2.4959905240705384E-002
   1.7540000000000002        2.5005002718887174E-002
   1.7550000000000001        2.3438794062364307E-002
   1.7560000000000002        2.1189231763157734E-002
   1.7570000000000001        1.8443758839995009E-002
   1.7580000000000002        2.5906084134731354E-002
   1.7590000000000001        2.0110563783138014E-002
   1.7600000000000002        2.2857452820574033E-002
   1.7610000000000001        2.1213956537317575E-002
   1.7620000000000002        2.3494090915552799E-002
   1.7630000000000001        2.2212700480908180E-002
   1.7640000000000002        2.3673964103512746E-002
   1.7650000000000001        2.4377449932235853E-002
   1.7660000000000002        2.2333334275171347E-002
   1.7670000000000001        2.7097648792692865E-002
   1.7680000000000002        2.6903496692385266E-002
   1.7690000000000001        2.2927522815370492E-002
   1.7700000000000002        2.7004998567681630E-002
   1.7710000000000001        1.8878536004663243E-002
   1.7720000000000002        2.4616625094756397E-002
   1.7730000000000001        2.0071699804211050E-002
   1.7740000000000002        2.3626047259524992E-002
   1.7750000000000001        2.3520683002268231E-002
   1.7760000000000002        3.0098907056643687E-002
   1.7770000000000001        2.1991514390980609E-002
   1.7780000000000002        2.3480807131832093E-002
   1.7790000000000001        2.5180623204348659E-002
   1.7800000000000002        3.0753766140369579E-002
   1.7810000000000001        1.9844101842788477E-002
   1.7820000000000003        2.4388421735810000E-002
   1.7830000000000001        1.9320342086835935E-002
   1.7840000000000003        1.8689775350941205E-002
   1.7850000000000001        1.8105931768884666E-002
   1.7860000000000003        2.0271657157763332E-002
   1.7870000000000001        2.2314840395347587E-002
   1.7880000000000003        2.0277772615252349E-002
   1.7890000000000001        2.1312594768808923E-002
   1.7900000000000000        2.2413068670143647E-002
   1.7910000000000001        2.2037372042279374E-002
   1.7920000000000000        2.2865430218850177E-002
   1.7930000000000001        2.4761905801351316E-002
   1.7940000000000000        2.5733829159110235E-002
   1.7950000000000002        2.7154856941888909E-002
   1.7960000000000000        2.5109314140683573E-002
   1.7970000000000002        2.7113478844768921E-002
   1.7980000000000000        2.5888702909031260E-002
   1.7990000000000002        2.2928011959782287E-002
   1.8000000000000000        2.1617304195185757E-002
   1.8010000000000002        2.3231078939318334E-002
   1.8020000000000000        2.3815904235616959E-002
   1.8030000000000002        2.2064203516131985E-002
   1.8040000000000000        2.1680259116035629E-002
   1.8050000000000002        2.3943175799812030E-002
   1.8060000000000000        2.2133345559905006E-002
   1.8070000000000002        2.4071553393288564E-002
   1.8080000000000001        2.3720335012691843E-002
   1.8090000000000002        2.4978968686818145E-002
   1.8100000000000001        2.3400381468437446E-002
   1.8110000000000002        2.1361008008480505E-002
   1.8120000000000001        2.6842385413893655E-002
   1.8130000000000002        2.2847096058074706E-002
   1.8140000000000001        2.0465087964376915E-002
   1.8150000000000002        2.2391559030545970E-002
   1.8160000000000001        2.6450233758829537E-002
   1.8170000000000002        2.2799024583486757E-002
   1.8180000000000001        1.9632894221151109E-002
   1.8190000000000002        2.0207998353707870E-002
   1.8200000000000001        2.3570795927269607E-002
   1.8210000000000002        2.0965420505197761E-002
   1.8220000000000001        2.4608375474901620E-002
   1.8230000000000002        2.2859181495326175E-002
   1.8240000000000001        2.1420727540757800E-002
   1.8250000000000002        2.0489475520516387E-002
   1.8260000000000001        2.2282975547433248E-002
   1.8270000000000002        2.2790616057976172E-002
   1.8280000000000001        2.0760381755173127E-002
   1.8290000000000002        1.9222740070782465E-002
   1.8300000000000001        2.0136289462286305E-002
   1.8310000000000002        2.3350794178345145E-002
   1.8320000000000001        1.9073365320635621E-002
   1.8330000000000002        2.1164716517275816E-002
   1.8340000000000001        2.6200456854026652E-002
   1.8350000000000002        2.5585118122477390E-002
   1.8360000000000001        2.5852016914547735E-002
   1.8370000000000002        2.4991625816726690E-002
   1.8380000000000001        2.4410575043069666E-002
   1.8390000000000002        2.5048781590442656E-002
   1.8400000000000001        2.3842744413279382E-002
   1.8410000000000002        2.1211154687740444E-002
   1.8420000000000001        2.0675025294468137E-002
   1.8430000000000002        2.4089583038620702E-002
   1.8440000000000001        2.1829434014925053E-002
   1.8450000000000002        2.3104521201517174E-002
   1.8460000000000001        2.1442586640112588E-002
   1.8470000000000002        2.3416013878110976E-002
   1.8480000000000001        2.5034445289113173E-002
   1.8490000000000002        2.2950966500001731E-002
   1.8500000000000001        2.4037612081277245E-002
   1.8510000000000002        2.3131227114946112E-002
   1.8520000000000001        2.0323852425191698E-002
   1.8530000000000002        2.2076958640261782E-002
   1.8540000000000001        2.2966102590825356E-002
   1.8550000000000002        2.3222569300611697E-002
   1.8560000000000001        2.2181108299950177E-002
   1.8570000000000002        2.1587615116954586E-002
   1.8580000000000001        2.5985272217101719E-002
   1.8590000000000002        2.3355456989208389E-002
   1.8600000000000001        2.0809343618545278E-002
   1.8610000000000002        2.5481564064802707E-002
   1.8620000000000001        2.5078705933508215E-002
   1.8630000000000002        2.3442557816761207E-002
   1.8640000000000001        2.4607080568870225E-002
   1.8650000000000002        2.2273503863178730E-002
   1.8660000000000001        2.6018982899653240E-002
   1.8670000000000002        2.4759642581185855E-002
   1.8680000000000001        2.1231561249734000E-002
   1.8690000000000002        2.5525093120401601E-002
   1.8700000000000001        2.5005413070492630E-002
   1.8710000000000002        2.1187394604247289E-002
   1.8720000000000001        2.1607257389587707E-002
   1.8730000000000002        2.1090118607516868E-002
   1.8740000000000001        2.1111421199775080E-002
   1.8750000000000002        1.9430403020257551E-002
   1.8760000000000001        2.3478719317618288E-002
   1.8770000000000002        2.0935284741747412E-002
   1.8780000000000001        2.3711216856508406E-002
   1.8790000000000002        2.2120374301257639E-002
   1.8800000000000001        2.7343262569776237E-002
   1.8810000000000002        2.5343761034115227E-002
   1.8820000000000001        2.3625446903767059E-002
   1.8830000000000002        2.3116123810950670E-002
   1.8840000000000001        2.2234562552701155E-002
