   3.0000000000000004        2882.7600561862987     
   3.0000100000000001        2882.7600536231575     
   3.0000200000000001        2882.7600506817439     
   3.0000300000000002        2882.7600482111498     
   3.0000400000000003        2882.7600453982436     
   3.0000500000000003        2882.7600428524179     
   3.0000600000000004        2882.7600400288825     
   3.0000700000000005        2882.7600375385709     
   3.0000800000000001        2882.7600347850434     
   3.0000900000000001        2882.7600323660176     
   3.0001000000000002        2882.7600296469882     
   3.0001100000000003        2882.7600274519345     
   3.0001200000000003        2882.7600248525500     
   3.0001300000000004        2882.7600226064806     
   3.0001400000000000        2882.7600199994513     
   3.0001500000000001        2882.7600176867481     
   3.0001600000000002        2882.7600149581422     
   3.0001700000000002        2882.7600125744789     
   3.0001800000000003        2882.7600098307880     
   3.0001900000000004        2882.7600074240067     
   3.0002000000000004        2882.7600047270398     
   3.0002100000000000        2882.7600022626743     
   3.0002200000000001        2882.7599995305322     
   3.0002300000000002        2882.7599971621758     
   3.0002400000000002        2882.7599945188167     
   3.0002500000000003        2882.7599922399581     
   3.0002600000000004        2882.7599896907591     
   3.0002700000000004        2882.7599874105945     
   3.0002800000000001        2882.7599848689056     
   3.0002900000000001        2882.7599827758636     
   3.0003000000000002        2882.7599806265462     
   3.0003100000000003        2882.7599785069883     
   3.0003200000000003        2882.7599762253935     
   3.0003300000000004        2882.7599741508752     
   3.0003400000000005        2882.7599718668625     
   3.0003500000000001        2882.7599697838978     
   3.0003600000000001        2882.7599674172025     
   3.0003700000000002        2882.7599652652229     
   3.0003800000000003        2882.7599629658703     
   3.0003900000000003        2882.7599610336006     
   3.0004000000000004        2882.7599587554478     
   3.0004100000000005        2882.7599566948934     
   3.0004200000000001        2882.7599542521821     
   3.0004300000000002        2882.7599520922149     
   3.0004400000000002        2882.7599495500745     
   3.0004500000000003        2882.7599471784642     
   3.0004600000000003        2882.7599444922034     
   3.0004700000000004        2882.7599421254272     
   3.0004800000000000        2882.7599393300166     
   3.0004900000000001        2882.7599368010829     
   3.0005000000000002        2882.7599338293885     
   3.0005100000000002        2882.7599311002091     
   3.0005200000000003        2882.7599279370124     
   3.0005300000000004        2882.7599249904579     
   3.0005400000000004        2882.7599216012809     
   3.0005500000000001        2882.7599184059445     
   3.0005600000000001        2882.7599147253263     
   3.0005700000000002        2882.7599112596940     
   3.0005800000000002        2882.7599073201159     
   3.0005900000000003        2882.7599037109435     
   3.0006000000000004        2882.7598997724363     
   3.0006100000000004        2882.7598961469084     
   3.0006200000000001        2882.7598919387742     
   3.0006300000000001        2882.7598880652895     
   3.0006400000000002        2882.7598836904581     
   3.0006500000000003        2882.7598797432520     
   3.0006600000000003        2882.7598753691609     
   3.0006700000000004        2882.7598712629347     
   3.0006800000000005        2882.7598666473514     
   3.0006900000000001        2882.7598624247203     
   3.0007000000000001        2882.7598578386569     
   3.0007100000000002        2882.7598537730146     
   3.0007200000000003        2882.7598493637461     
   3.0007300000000003        2882.7598453764890     
   3.0007400000000004        2882.7598411043491     
   3.0007500000000000        2882.7598371984154     
   3.0007600000000001        2882.7598330047349     
   3.0007700000000002        2882.7598289304874     
   3.0007800000000002        2882.7598246722600     
   3.0007900000000003        2882.7598203709599     
   3.0008000000000004        2882.7598160604857     
   3.0008100000000004        2882.7598116017653     
   3.0008200000000000        2882.7598071137609     
   3.0008300000000001        2882.7598027255012     
   3.0008400000000002        2882.7597982141961     
   3.0008500000000002        2882.7597937773598     
   3.0008600000000003        2882.7597893339471     
   3.0008700000000004        2882.7597852658441     
   3.0008800000000004        2882.7597808646965     
   3.0008900000000001        2882.7597768546839     
   3.0009000000000001        2882.7597724428556     
   3.0009100000000002        2882.7597683880963     
   3.0009200000000003        2882.7597640308586     
   3.0009300000000003        2882.7597599897354     
   3.0009400000000004        2882.7597557088138     
   3.0009500000000005        2882.7597516322530     
   3.0009600000000001        2882.7597474179865     
   3.0009700000000001        2882.7597435288967     
   3.0009800000000002        2882.7597393144406     
   3.0009900000000003        2882.7597353797150     
   3.0010000000000003        2882.7597311046666     
   3.0010100000000004        2882.7597272073522     
   3.0010200000000005        2882.7597228697605     
   3.0010300000000001        2882.7597189385456     
   3.0010400000000002        2882.7597145731143     
   3.0010500000000002        2882.7597106409835     
   3.0010600000000003        2882.7597061748502     
   3.0010700000000003        2882.7597021055767     
   3.0010800000000004        2882.7596974042540     
   3.0010900000000000        2882.7596932183756     
   3.0011000000000001        2882.7596885053763     
   3.0011100000000002        2882.7596844335080     
   3.0011200000000002        2882.7596797113911     
   3.0011300000000003        2882.7596755015165     
   3.0011400000000004        2882.7596707021512     
   3.0011500000000004        2882.7596663611293     
   3.0011600000000000        2882.7596613992896     
   3.0011700000000001        2882.7596569138013     
   3.0011800000000002        2882.7596518285404     
   3.0011900000000002        2882.7596472929695     
   3.0012000000000003        2882.7596421663252     
   3.0012100000000004        2882.7596375725634     
   3.0012200000000004        2882.7596324253664     
   3.0012300000000001        2882.7596277414646     
   3.0012400000000001        2882.7596226262417     
   3.0012500000000002        2882.7596179332904     
   3.0012600000000003        2882.7596128112241     
   3.0012700000000003        2882.7596081081806     
   3.0012800000000004        2882.7596029245642     
   3.0012900000000005        2882.7595981798895     
   3.0013000000000001        2882.7595930913931     
   3.0013100000000001        2882.7595884603334     
   3.0013200000000002        2882.7595834865747     
   3.0013300000000003        2882.7595787071200     
   3.0013400000000003        2882.7595737889706     
   3.0013500000000004        2882.7595690620510     
   3.0013600000000000        2882.7595641554130     
   3.0013700000000001        2882.7595594737040     
   3.0013800000000002        2882.7595546624298     
   3.0013900000000002        2882.7595500083353     
   3.0014000000000003        2882.7595452705914     
   3.0014100000000004        2882.7595406365090     
   3.0014200000000004        2882.7595358276180     
   3.0014300000000000        2882.7595311841701     
   3.0014400000000001        2882.7595263380454     
   3.0014500000000002        2882.7595214443040     
   3.0014600000000002        2882.7595164269605     
   3.0014700000000003        2882.7595115354557     
   3.0014800000000004        2882.7595064125521     
   3.0014900000000004        2882.7595014396588     
   3.0015000000000001        2882.7594963562956     
   3.0015100000000001        2882.7594913772800     
   3.0015200000000002        2882.7594862037454     
   3.0015300000000003        2882.7594812146849     
   3.0015400000000003        2882.7594758743189     
   3.0015500000000004        2882.7594707882909     
   3.0015600000000004        2882.7594656374254     
   3.0015700000000001        2882.7594606669891     
   3.0015800000000001        2882.7594556348004     
   3.0015900000000002        2882.7594506856449     
   3.0016000000000003        2882.7594457470477     
   3.0016100000000003        2882.7594408973355     
   3.0016200000000004        2882.7594359066393     
   3.0016300000000005        2882.7594311567877     
   3.0016400000000001        2882.7594261699342     
   3.0016500000000002        2882.7594214453684     
   3.0016600000000002        2882.7594163897411     
   3.0016700000000003        2882.7594117264925     
   3.0016800000000003        2882.7594069060187     
   3.0016900000000004        2882.7594024520099     
   3.0017000000000000        2882.7593976987660     
   3.0017100000000001        2882.7593932986251     
   3.0017200000000002        2882.7593885332121     
   3.0017300000000002        2882.7593840298455     
   3.0017400000000003        2882.7593792649945     
   3.0017500000000004        2882.7593748811560     
   3.0017600000000004        2882.7593700758175     
   3.0017700000000000        2882.7593656407930     
   3.0017800000000001        2882.7593610572062     
   3.0017900000000002        2882.7593567252561     
   3.0018000000000002        2882.7593520518981     
   3.0018100000000003        2882.7593475790177     
   3.0018200000000004        2882.7593425961959     
   3.0018300000000004        2882.7593379355703     
   3.0018400000000001        2882.7593328306352     
   3.0018500000000001        2882.7593280839160     
   3.0018600000000002        2882.7593227995540     
   3.0018700000000003        2882.7593179667479     
   3.0018800000000003        2882.7593126765732     
   3.0018900000000004        2882.7593077209112     
   3.0019000000000005        2882.7593023855111     
   3.0019100000000001        2882.7592972269022     
   3.0019200000000001        2882.7592915204527     
   3.0019300000000002        2882.7592859062970     
   3.0019400000000003        2882.7592797267826     
   3.0019500000000003        2882.7592736277334     
   3.0019600000000004        2882.7592670442532     
   3.0019700000000000        2882.7592605963791     
   3.0019800000000001        2882.7592536104307     
   3.0019900000000002        2882.7592466211108     
   3.0020000000000002        2882.7592390814825     
   3.0020100000000003        2882.7592315773736     
   3.0020200000000004        2882.7592235171960     
   3.0020300000000004        2882.7592154362032     
   3.0020400000000000        2882.7592069812686     
   3.0020500000000001        2882.7591983692519     
   3.0020600000000002        2882.7591896336030     
   3.0020700000000002        2882.7591805258407     
   3.0020800000000003        2882.7591713697552     
   3.0020900000000004        2882.7591620062003     
   3.0021000000000004        2882.7591524965173     
   3.0021100000000001        2882.7591429603640     
   3.0021200000000001        2882.7591333534265     
   3.0021300000000002        2882.7591237178567     
   3.0021400000000003        2882.7591139727365     
   3.0021500000000003        2882.7591041132305     
   3.0021600000000004        2882.7590942536322     
   3.0021700000000004        2882.7590845739401     
   3.0021800000000001        2882.7590748013718     
   3.0021900000000001        2882.7590650778807     
   3.0022000000000002        2882.7590552823062     
   3.0022100000000003        2882.7590457290985     
   3.0022200000000003        2882.7590359949572     
   3.0022300000000004        2882.7590265636723     
   3.0022400000000005        2882.7590168752604     
   3.0022500000000001        2882.7590075201360     
   3.0022600000000002        2882.7589977831540     
   3.0022700000000002        2882.7589884124377     
   3.0022800000000003        2882.7589785385444     
   3.0022900000000003        2882.7589690104892     
   3.0023000000000004        2882.7589591369028     
   3.0023100000000000        2882.7589495691245     
   3.0023200000000001        2882.7589396231870     
   3.0023300000000002        2882.7589296310298     
   3.0023400000000002        2882.7589192927480     
   3.0023500000000003        2882.7589091924406     
   3.0023600000000004        2882.7588987706690     
   3.0023700000000004        2882.7588884955048     
   3.0023800000000000        2882.7588778917357     
   3.0023900000000001        2882.7588674809826     
   3.0024000000000002        2882.7588567591424     
   3.0024100000000002        2882.7588463392949     
   3.0024200000000003        2882.7588354728432     
   3.0024300000000004        2882.7588248647721     
   3.0024400000000004        2882.7588138547562     
   3.0024500000000001        2882.7588031756882     
   3.0024600000000001        2882.7587921098452     
   3.0024700000000002        2882.7587813550704     
   3.0024800000000003        2882.7587702419214     
   3.0024900000000003        2882.7587594772185     
   3.0025000000000004        2882.7587484289297     
   3.0025100000000005        2882.7587376073711     
   3.0025200000000001        2882.7587265975935     
   3.0025300000000001        2882.7587156510035     
   3.0025400000000002        2882.7587045088057     
   3.0025500000000003        2882.7586934421224     
   3.0025600000000003        2882.7586821876339     
   3.0025700000000004        2882.7586709584934     
   3.0025800000000000        2882.7586597068512     
   3.0025900000000001        2882.7586485733864     
   3.0026000000000002        2882.7586372374544     
   3.0026100000000002        2882.7586258609936     
   3.0026200000000003        2882.7586143142144     
   3.0026300000000004        2882.7586027656935     
   3.0026400000000004        2882.7585910548519     
   3.0026500000000000        2882.7585794087058     
   3.0026600000000001        2882.7585677037146     
   3.0026700000000002        2882.7585559153222     
   3.0026800000000002        2882.7585440707844     
   3.0026900000000003        2882.7585323704739     
   3.0027000000000004        2882.7585206726376     
   3.0027100000000004        2882.7585091257511     
   3.0027200000000001        2882.7584975778245     
   3.0027300000000001        2882.7584862054459     
   3.0027400000000002        2882.7584748411532     
   3.0027500000000003        2882.7584635671515     
   3.0027600000000003        2882.7584522299039     
   3.0027700000000004        2882.7584411875760     
   3.0027800000000004        2882.7584300771496     
   3.0027900000000001        2882.7584191544074     
   3.0028000000000001        2882.7584081904979     
   3.0028100000000002        2882.7583971671761     
   3.0028200000000003        2882.7583861387402     
   3.0028300000000003        2882.7583750859371     
   3.0028400000000004        2882.7583641036786     
   3.0028500000000005        2882.7583531257064     
   3.0028600000000001        2882.7583422081238     
   3.0028700000000002        2882.7583314364397     
   3.0028800000000002        2882.7583205852575     
   3.0028900000000003        2882.7583098762188     
   3.0029000000000003        2882.7582992304842     
   3.0029100000000004        2882.7582886861405     
   3.0029200000000000        2882.7582781269380     
   3.0029300000000001        2882.7582676574889     
   3.0029400000000002        2882.7582572500437     
   3.0029500000000002        2882.7582469139811     
   3.0029600000000003        2882.7582366939187     
   3.0029700000000004        2882.7582265837882     
   3.0029800000000004        2882.7582164834139     
   3.0029900000000000        2882.7582064118578     
   3.0030000000000001        2882.7581963381663     
   3.0030100000000002        2882.7581863040768     
   3.0030200000000002        2882.7581762146142     
   3.0030300000000003        2882.7581662353487     
   3.0030400000000004        2882.7581560739718     
   3.0030500000000004        2882.7581463121696     
   3.0030600000000001        2882.7581363121039     
   3.0030700000000001        2882.7581265871895     
   3.0030800000000002        2882.7581165105548     
   3.0030900000000003        2882.7581067191049     
   3.0031000000000003        2882.7580965367247     
   3.0031100000000004        2882.7580865631794     
   3.0031200000000005        2882.7580760821925     
   3.0031300000000001        2882.7580656986711     
   3.0031400000000001        2882.7580548168930     
   3.0031500000000002        2882.7580440814104     
   3.0031600000000003        2882.7580328574027     
   3.0031700000000003        2882.7580217613677     
   3.0031800000000004        2882.7580101782287     
   3.0031900000000000        2882.7579985355901     
   3.0032000000000001        2882.7579864856561     
   3.0032100000000002        2882.7579744097375     
   3.0032200000000002        2882.7579618361219     
   3.0032300000000003        2882.7579491859651     
   3.0032400000000004        2882.7579361063063     
   3.0032500000000004        2882.7579228409963     
   3.0032600000000000        2882.7579092041478     
   3.0032700000000001        2882.7578952871463     
   3.0032800000000002        2882.7578809478318     
   3.0032900000000002        2882.7578663496720     
   3.0033000000000003        2882.7578513462699     
   3.0033100000000004        2882.7578361998972     
   3.0033200000000004        2882.7578207911079     
   3.0033300000000001        2882.7578052468853     
   3.0033400000000001        2882.7577896542684     
   3.0033500000000002        2882.7577738249211     
   3.0033600000000003        2882.7577579616573     
   3.0033700000000003        2882.7577419684503     
   3.0033800000000004        2882.7577259701816     
   3.0033900000000004        2882.7577098932315     
   3.0034000000000001        2882.7576938668858     
   3.0034100000000001        2882.7576775948764     
   3.0034200000000002        2882.7576614397603     
   3.0034300000000003        2882.7576450436241     
   3.0034400000000003        2882.7576287266183     
   3.0034500000000004        2882.7576122770961     
   3.0034600000000005        2882.7575957298718     
   3.0034700000000001        2882.7575792107127     
   3.0034800000000001        2882.7575625304294     
   3.0034900000000002        2882.7575458617202     
   3.0035000000000003        2882.7575291601916     
   3.0035100000000003        2882.7575125866078     
   3.0035200000000004        2882.7574958776700     
   3.0035300000000000        2882.7574793918434     
   3.0035400000000001        2882.7574627736285     
   3.0035500000000002        2882.7574464199670     
   3.0035600000000002        2882.7574298551399     
   3.0035700000000003        2882.7574135786326     
   3.0035800000000004        2882.7573973027074     
   3.0035900000000004        2882.7573812694982     
   3.0036000000000000        2882.7573652771230     
   3.0036100000000001        2882.7573492922729     
   3.0036200000000002        2882.7573334001813     
   3.0036300000000002        2882.7573175929970     
   3.0036400000000003        2882.7573017600284     
   3.0036500000000004        2882.7572861424669     
   3.0036600000000004        2882.7572705237194     
   3.0036700000000001        2882.7572552753822     
   3.0036800000000001        2882.7572401028692     
   3.0036900000000002        2882.7572251760103     
   3.0037000000000003        2882.7572104356595     
   3.0037100000000003        2882.7571958770736     
   3.0037200000000004        2882.7571815082451     
   3.0037300000000005        2882.7571673658285     
   3.0037400000000001        2882.7571534581598     
   3.0037500000000001        2882.7571397316683     
   3.0037600000000002        2882.7571261842654     
   3.0037700000000003        2882.7571128357631     
   3.0037800000000003        2882.7570996538516     
   3.0037900000000004        2882.7570866391479     
   3.0038000000000000        2882.7570736188127     
   3.0038100000000001        2882.7570608481619     
   3.0038200000000002        2882.7570480663485     
   3.0038300000000002        2882.7570354203658     
   3.0038400000000003        2882.7570228510381     
   3.0038500000000004        2882.7570102889722     
   3.0038600000000004        2882.7569979507171     
   3.0038700000000000        2882.7569859419859     
   3.0038800000000001        2882.7569739303499     
   3.0038900000000002        2882.7569620450004     
   3.0039000000000002        2882.7569502505089     
   3.0039100000000003        2882.7569386274586     
   3.0039200000000004        2882.7569269800229     
   3.0039300000000004        2882.7569156525819     
   3.0039400000000001        2882.7569042477676     
   3.0039500000000001        2882.7568930572356     
   3.0039600000000002        2882.7568819567655     
   3.0039700000000003        2882.7568709500179     
   3.0039800000000003        2882.7568600591353     
   3.0039900000000004        2882.7568492235882     
   3.0040000000000004        2882.7568385150935     
   3.0040100000000001        2882.7568278372391     
   3.0040200000000001        2882.7568173298314     
   3.0040300000000002        2882.7568069077333     
   3.0040400000000003        2882.7567966089473     
   3.0040500000000003        2882.7567865279534     
   3.0040600000000004        2882.7567766087418     
   3.0040700000000005        2882.7567667893891     
   3.0040800000000001        2882.7567571215191     
   3.0040900000000001        2882.7567474174011     
   3.0041000000000002        2882.7567379095112     
   3.0041100000000003        2882.7567285653399     
   3.0041200000000003        2882.7567193398640     
   3.0041300000000004        2882.7567100641782     
   3.0041400000000000        2882.7567009428681     
   3.0041500000000001        2882.7566918818388     
   3.0041600000000002        2882.7566829116486     
   3.0041700000000002        2882.7566740461934     
   3.0041800000000003        2882.7566654412567     
   3.0041900000000004        2882.7566569123210     
   3.0042000000000004        2882.7566485333009     
   3.0042100000000000        2882.7566401030676     
   3.0042200000000001        2882.7566318393060     
   3.0042300000000002        2882.7566234637870     
   3.0042400000000002        2882.7566152109061     
   3.0042500000000003        2882.7566068715760     
   3.0042600000000004        2882.7565987786948     
   3.0042700000000004        2882.7565905507718     
   3.0042800000000001        2882.7565824896433     
   3.0042900000000001        2882.7565742434676     
   3.0043000000000002        2882.7565662531510     
   3.0043100000000003        2882.7565579004904     
   3.0043200000000003        2882.7565499027910     
   3.0043300000000004        2882.7565416742518     
   3.0043400000000005        2882.7565337481301     
   3.0043500000000001        2882.7565256351759     
   3.0043600000000001        2882.7565177386755     
   3.0043700000000002        2882.7565096974272     
   3.0043800000000003        2882.7565019758595     
   3.0043900000000003        2882.7564940736224     
   3.0044000000000004        2882.7564865033919     
   3.0044100000000000        2882.7564788671057     
   3.0044200000000001        2882.7564715569501     
   3.0044300000000002        2882.7564641073027     
   3.0044400000000002        2882.7564570713344     
   3.0044500000000003        2882.7564500228705     
   3.0044600000000004        2882.7564433235575     
   3.0044700000000004        2882.7564365725329     
   3.0044800000000000        2882.7564301366233     
   3.0044900000000001        2882.7564239123585     
   3.0045000000000002        2882.7564177029381     
   3.0045100000000002        2882.7564117358684     
   3.0045200000000003        2882.7564059839178     
   3.0045300000000004        2882.7564003167322     
   3.0045400000000004        2882.7563948321199     
   3.0045500000000001        2882.7563894783798     
   3.0045600000000001        2882.7563842689829     
   3.0045700000000002        2882.7563789633828     
   3.0045800000000003        2882.7563739020766     
   3.0045900000000003        2882.7563688429818     
   3.0046000000000004        2882.7563640961012     
   3.0046100000000004        2882.7563592582023     
   3.0046200000000001        2882.7563547438858     
   3.0046300000000001        2882.7563501054451     
   3.0046400000000002        2882.7563457133583     
   3.0046500000000003        2882.7563412031818     
   3.0046600000000003        2882.7563368515835     
   3.0046700000000004        2882.7563324666908     
   3.0046800000000005        2882.7563281444882     
   3.0046900000000001        2882.7563236322412     
   3.0047000000000001        2882.7563192468174     
   3.0047100000000002        2882.7563146577077     
   3.0047200000000003        2882.7563101754267     
   3.0047300000000003        2882.7563055644837     
   3.0047400000000004        2882.7563008773272     
   3.0047500000000000        2882.7562960418754     
   3.0047600000000001        2882.7562910793363     
   3.0047700000000002        2882.7562858384472     
   3.0047800000000002        2882.7562804411086     
   3.0047900000000003        2882.7562747852885     
   3.0048000000000004        2882.7562689493489     
   3.0048100000000004        2882.7562626650297     
   3.0048200000000000        2882.7562561459222     
   3.0048300000000001        2882.7562493498153     
   3.0048400000000002        2882.7562421759221     
   3.0048500000000002        2882.7562346515983     
   3.0048600000000003        2882.7562269090754     
   3.0048700000000004        2882.7562188009028     
   3.0048800000000004        2882.7562105345546     
   3.0048900000000001        2882.7562019980192     
   3.0049000000000001        2882.7561933763395     
   3.0049100000000002        2882.7561844956431     
   3.0049200000000003        2882.7561754564395     
   3.0049300000000003        2882.7561663157562     
   3.0049400000000004        2882.7561570114412     
   3.0049500000000005        2882.7561474945751     
   3.0049600000000001        2882.7561379889776     
   3.0049700000000001        2882.7561282616334     
   3.0049800000000002        2882.7561185022982     
   3.0049900000000003        2882.7561085513248     
   3.0050000000000003        2882.7560986786839     
   3.0050100000000004        2882.7560887074696     
   3.0050200000000000        2882.7560789731065     
   3.0050300000000001        2882.7560688487692     
   3.0050400000000002        2882.7560588158535     
   3.0050500000000002        2882.7560485197127     
   3.0050600000000003        2882.7560383253785     
   3.0050700000000004        2882.7560278100195     
   3.0050800000000004        2882.7560174478094     
   3.0050900000000000        2882.7560069499668     
   3.0051000000000001        2882.7559966846698     
   3.0051100000000002        2882.7559860545148     
   3.0051200000000002        2882.7559756094201     
   3.0051300000000003        2882.7559648539927     
   3.0051400000000004        2882.7559543995349     
   3.0051500000000004        2882.7559437155287     
   3.0051600000000001        2882.7559332872797     
   3.0051700000000001        2882.7559227597885     
   3.0051800000000002        2882.7559124958689     
   3.0051900000000002        2882.7559020210156     
   3.0052000000000003        2882.7558917285264     
   3.0052100000000004        2882.7558814361287     
   3.0052200000000004        2882.7558714269285     
   3.0052300000000001        2882.7558613850711     
   3.0052400000000001        2882.7558515027472     
   3.0052500000000002        2882.7558415772542     
   3.0052600000000003        2882.7558316494301     
   3.0052700000000003        2882.7558216740913     
   3.0052800000000004        2882.7558118099864     
   3.0052900000000005        2882.7558019340954     
   3.0053000000000001        2882.7557923247837     
   3.0053100000000001        2882.7557827330525     
   3.0053200000000002        2882.7557732289047     
   3.0053300000000003        2882.7557637657546     
   3.0053400000000003        2882.7557542475156     
   3.0053500000000004        2882.7557447048439     
   3.0053600000000000        2882.7557349830695     
   3.0053700000000001        2882.7557254590015     
   3.0053800000000002        2882.7557158890272     
   3.0053900000000002        2882.7557062542364     
   3.0054000000000003        2882.7556966120483     
   3.0054100000000004        2882.7556871209254     
   3.0054200000000004        2882.7556772493940     
   3.0054300000000000        2882.7556674339803     
   3.0054400000000001        2882.7556574146711     
   3.0054500000000002        2882.7556474221451     
   3.0054600000000002        2882.7556371806982     
   3.0054700000000003        2882.7556271064491     
   3.0054800000000004        2882.7556166996251     
   3.0054900000000004        2882.7556064438759     
   3.0055000000000001        2882.7555959507927     
   3.0055100000000001        2882.7555856756167     
   3.0055200000000002        2882.7555751517498     
   3.0055300000000003        2882.7555648554362     
   3.0055400000000003        2882.7555543146209     
   3.0055500000000004        2882.7555440008496     
   3.0055600000000005        2882.7555336686928     
   3.0055700000000001        2882.7555234310380     
   3.0055800000000001        2882.7555132887746     
   3.0055900000000002        2882.7555033372569     
   3.0056000000000003        2882.7554932439425     
   3.0056100000000003        2882.7554832820583     
   3.0056200000000004        2882.7554733968473     
   3.0056300000000000        2882.7554636650002     
   3.0056400000000001        2882.7554538111422     
   3.0056500000000002        2882.7554439074261     
   3.0056600000000002        2882.7554340608199     
   3.0056700000000003        2882.7554241522471     
   3.0056800000000004        2882.7554143542066     
   3.0056900000000004        2882.7554045098523     
   3.0057000000000000        2882.7553948014256     
   3.0057100000000001        2882.7553851322004     
   3.0057200000000002        2882.7553755646409     
   3.0057300000000002        2882.7553659060231     
   3.0057400000000003        2882.7553561861328     
   3.0057500000000004        2882.7553464838520     
   3.0057600000000004        2882.7553367952360     
   3.0057700000000001        2882.7553270426729     
   3.0057800000000001        2882.7553172634998     
   3.0057900000000002        2882.7553072109672     
   3.0058000000000002        2882.7552972622229     
   3.0058100000000003        2882.7552869028996     
   3.0058200000000004        2882.7552765381338     
   3.0058300000000004        2882.7552658565792     
   3.0058400000000001        2882.7552552399716     
   3.0058500000000001        2882.7552445823285     
   3.0058600000000002        2882.7552341275687     
   3.0058700000000003        2882.7552234059594     
   3.0058800000000003        2882.7552129135483     
   3.0058900000000004        2882.7552022391214     
   3.0059000000000005        2882.7551918349914     
   3.0059100000000001        2882.7551812455758     
   3.0059200000000001        2882.7551710166535     
   3.0059300000000002        2882.7551606034126     
   3.0059400000000003        2882.7551506125787     
   3.0059500000000003        2882.7551405719942     
   3.0059600000000004        2882.7551309324394     
   3.0059700000000000        2882.7551210766296     
   3.0059800000000001        2882.7551116768782     
   3.0059900000000002        2882.7551021604477     
   3.0060000000000002        2882.7550931605447     
   3.0060100000000003        2882.7550840281606     
   3.0060200000000004        2882.7550753795167     
   3.0060300000000004        2882.7550665733729     
   3.0060400000000000        2882.7550582304739     
   3.0060500000000001        2882.7550497488510     
   3.0060600000000002        2882.7550417375942     
   3.0060700000000002        2882.7550336384406     
   3.0060800000000003        2882.7550259665477     
   3.0060900000000004        2882.7550183508856     
   3.0061000000000004        2882.7550109681956     
   3.0061100000000001        2882.7550035344711     
   3.0061200000000001        2882.7549963023330     
   3.0061300000000002        2882.7549890715127     
   3.0061400000000003        2882.7549820342465     
   3.0061500000000003        2882.7549750748553     
   3.0061600000000004        2882.7549682938525     
   3.0061700000000005        2882.7549616096580     
   3.0061800000000001        2882.7549550107497     
   3.0061900000000001        2882.7549486578432     
   3.0062000000000002        2882.7549423952059     
   3.0062100000000003        2882.7549364154970     
   3.0062200000000003        2882.7549302761549     
   3.0062300000000004        2882.7549242155105     
   3.0062400000000005        2882.7549181648455     
   3.0062500000000001        2882.7549124922352     
   3.0062600000000002        2882.7549068085805     
   3.0062700000000002        2882.7549012170366     
   3.0062800000000003        2882.7548957521085     
   3.0062900000000004        2882.7548903671741     
   3.0063000000000004        2882.7548849764075     
   3.0063100000000000        2882.7548795990151     
   3.0063200000000001        2882.7548742018557     
   3.0063300000000002        2882.7548688931647     
   3.0063400000000002        2882.7548634698110     
   3.0063500000000003        2882.7548581076135     
   3.0063600000000004        2882.7548525722618     
   3.0063700000000004        2882.7548471871910     
   3.0063800000000001        2882.7548416810318     
   3.0063900000000001        2882.7548361759414     
   3.0064000000000002        2882.7548305261180     
   3.0064100000000002        2882.7548250342661     
   3.0064200000000003        2882.7548193947382     
   3.0064300000000004        2882.7548136081373     
   3.0064400000000004        2882.7548077856741     
   3.0064500000000001        2882.7548019522196     
   3.0064600000000001        2882.7547962155963     
   3.0064700000000002        2882.7547902097967     
   3.0064800000000003        2882.7547840567704     
   3.0064900000000003        2882.7547776927540     
   3.0065000000000004        2882.7547712843771     
   3.0065100000000005        2882.7547646708340     
   3.0065200000000001        2882.7547580272853     
   3.0065300000000001        2882.7547513738191     
   3.0065400000000002        2882.7547445548726     
   3.0065500000000003        2882.7547376010511     
   3.0065600000000003        2882.7547304975938     
   3.0065700000000004        2882.7547233554237     
   3.0065800000000000        2882.7547160740478     
   3.0065900000000001        2882.7547086273253     
   3.0066000000000002        2882.7547011482602     
   3.0066100000000002        2882.7546934269417     
   3.0066200000000003        2882.7546858089931     
   3.0066300000000004        2882.7546779487861     
   3.0066400000000004        2882.7546701676715     
   3.0066500000000000        2882.7546622053965     
   3.0066600000000001        2882.7546543286435     
   3.0066700000000002        2882.7546462556707     
   3.0066800000000002        2882.7546382841201     
   3.0066900000000003        2882.7546301039179     
   3.0067000000000004        2882.7546218935449     
   3.0067100000000004        2882.7546137483109     
   3.0067200000000001        2882.7546057274321     
   3.0067300000000001        2882.7545977083437     
   3.0067400000000002        2882.7545897495770     
   3.0067500000000003        2882.7545818383678     
   3.0067600000000003        2882.7545739672796     
   3.0067700000000004        2882.7545661462273     
   3.0067800000000005        2882.7545584035879     
   3.0067900000000001        2882.7545505918024     
   3.0068000000000001        2882.7545431898234     
   3.0068100000000002        2882.7545359573519     
   3.0068200000000003        2882.7545291327301     
   3.0068300000000003        2882.7545223264806     
   3.0068400000000004        2882.7545157786726     
   3.0068500000000005        2882.7545091754100     
   3.0068600000000001        2882.7545030170377     
   3.0068700000000002        2882.7544967410563     
   3.0068800000000002        2882.7544908114828     
   3.0068900000000003        2882.7544846608971     
   3.0069000000000004        2882.7544789680273     
   3.0069100000000004        2882.7544730195959     
   3.0069200000000000        2882.7544672695512     
   3.0069300000000001        2882.7544612402148     
   3.0069400000000002        2882.7544553345224     
   3.0069500000000002        2882.7544492414645     
   3.0069600000000003        2882.7544431142396     
   3.0069700000000004        2882.7544368627496     
   3.0069800000000004        2882.7544306214641     
   3.0069900000000001        2882.7544241868873     
   3.0070000000000001        2882.7544177105588     
   3.0070100000000002        2882.7544111804755     
   3.0070200000000002        2882.7544046576136     
   3.0070300000000003        2882.7543978801364     
   3.0070400000000004        2882.7543909235146     
   3.0070500000000004        2882.7543838455831     
   3.0070600000000001        2882.7543763419089     
   3.0070700000000001        2882.7543688517121     
   3.0070800000000002        2882.7543608934848     
   3.0070900000000003        2882.7543529816735     
   3.0071000000000003        2882.7543448440360     
   3.0071100000000004        2882.7543366174655     
   3.0071200000000005        2882.7543280487535     
   3.0071300000000001        2882.7543194989685     
   3.0071400000000001        2882.7543106514167     
   3.0071500000000002        2882.7543018654078     
   3.0071600000000003        2882.7542928892281     
   3.0071700000000003        2882.7542840271344     
   3.0071800000000004        2882.7542748272112     
   3.0071900000000000        2882.7542657125928     
   3.0072000000000001        2882.7542563693687     
   3.0072100000000002        2882.7542471982006     
   3.0072200000000002        2882.7542377171562     
   3.0072300000000003        2882.7542283271810     
   3.0072400000000004        2882.7542187113904     
   3.0072500000000004        2882.7542090258812     
   3.0072600000000000        2882.7541992330221     
   3.0072700000000001        2882.7541895596346     
   3.0072800000000002        2882.7541796823589     
   3.0072900000000002        2882.7541699365611     
   3.0073000000000003        2882.7541599596170     
   3.0073100000000004        2882.7541500798256     
   3.0073200000000004        2882.7541400578448     
   3.0073300000000001        2882.7541302711247     
   3.0073400000000001        2882.7541202900125     
   3.0073500000000002        2882.7541103740982     
   3.0073600000000003        2882.7541004615600     
   3.0073700000000003        2882.7540906549325     
   3.0073800000000004        2882.7540806966845     
   3.0073900000000005        2882.7540707836001     
   3.0074000000000001        2882.7540606894145     
   3.0074100000000001        2882.7540507190492     
   3.0074200000000002        2882.7540407164884     
   3.0074300000000003        2882.7540308206903     
   3.0074400000000003        2882.7540208300243     
   3.0074500000000004        2882.7540110167629     
   3.0074600000000005        2882.7540009737313     
   3.0074700000000001        2882.7539910277319     
   3.0074800000000002        2882.7539808075121     
   3.0074900000000002        2882.7539705726626     
   3.0075000000000003        2882.7539601281437     
   3.0075100000000003        2882.7539499362856     
   3.0075200000000004        2882.7539395919839     
   3.0075300000000000        2882.7539292863462     
   3.0075400000000001        2882.7539189499685     
   3.0075500000000002        2882.7539086276811     
   3.0075600000000002        2882.7538980620802     
   3.0075700000000003        2882.7538875794148     
   3.0075800000000004        2882.7538768585068     
   3.0075900000000004        2882.7538661995268     
   3.0076000000000001        2882.7538554888638     
   3.0076100000000001        2882.7538446307408     
   3.0076200000000002        2882.7538337682345     
   3.0076300000000002        2882.7538226669649     
   3.0076400000000003        2882.7538116197907     
   3.0076500000000004        2882.7538003665586     
   3.0076600000000004        2882.7537892137739     
   3.0076700000000001        2882.7537778290825     
   3.0076800000000001        2882.7537665843092     
   3.0076900000000002        2882.7537550422840     
   3.0077000000000003        2882.7537437076676     
   3.0077100000000003        2882.7537321290824     
   3.0077200000000004        2882.7537206641728     
   3.0077300000000005        2882.7537089941579     
   3.0077400000000001        2882.7536974736540     
   3.0077500000000001        2882.7536856208044     
   3.0077600000000002        2882.7536741520312     
   3.0077700000000003        2882.7536623276483     
   3.0077800000000003        2882.7536508559488     
   3.0077900000000004        2882.7536390043829     
   3.0078000000000000        2882.7536275208113     
   3.0078100000000001        2882.7536156978213     
   3.0078200000000002        2882.7536042288161     
   3.0078300000000002        2882.7535924754516     
   3.0078400000000003        2882.7535810869254     
   3.0078500000000004        2882.7535693975146     
   3.0078600000000004        2882.7535581693405     
   3.0078700000000000        2882.7535467191133     
   3.0078800000000001        2882.7535356212957     
   3.0078900000000002        2882.7535243588895     
   3.0079000000000002        2882.7535136879173     
   3.0079100000000003        2882.7535027299318     
   3.0079200000000004        2882.7534921788815     
   3.0079300000000004        2882.7534816048910     
   3.0079400000000001        2882.7534715129045     
   3.0079500000000001        2882.7534613282915     
   3.0079600000000002        2882.7534516740925     
   3.0079700000000003        2882.7534419678022     
   3.0079800000000003        2882.7534328500751     
   3.0079900000000004        2882.7534238245835     
   3.0080000000000005        2882.7534151017117     
   3.0080100000000001        2882.7534065914097     
   3.0080200000000001        2882.7533983804201     
   3.0080300000000002        2882.7533904019724     
   3.0080400000000003        2882.7533825979572     
   3.0080500000000003        2882.7533749173881     
   3.0080600000000004        2882.7533673510952     
   3.0080700000000005        2882.7533600814290     
   3.0080800000000001        2882.7533529251295     
   3.0080900000000002        2882.7533460682830     
   3.0081000000000002        2882.7533392272244     
   3.0081100000000003        2882.7533326399366     
   3.0081200000000003        2882.7533262375164     
   3.0081300000000004        2882.7533198797710     
   3.0081400000000000        2882.7533135869980     
   3.0081500000000001        2882.7533074974622     
   3.0081600000000002        2882.7533015085551     
   3.0081700000000002        2882.7532959452728     
   3.0081800000000003        2882.7532902854678     
   3.0081900000000004        2882.7532849396116     
   3.0082000000000004        2882.7532797480067     
   3.0082100000000001        2882.7532747717923     
   3.0082200000000001        2882.7532698447349     
   3.0082300000000002        2882.7532651448464     
   3.0082400000000002        2882.7532603401091     
   3.0082500000000003        2882.7532556558640     
   3.0082600000000004        2882.7532510483202     
   3.0082700000000004        2882.7532463455982     
   3.0082800000000001        2882.7532415585142     
   3.0082900000000001        2882.7532368106522     
   3.0083000000000002        2882.7532320945766     
   3.0083100000000003        2882.7532273955671     
   3.0083200000000003        2882.7532227384918     
   3.0083300000000004        2882.7532181383667     
   3.0083400000000005        2882.7532134905068     
   3.0083500000000001        2882.7532089855958     
   3.0083600000000001        2882.7532043900123     
   3.0083700000000002        2882.7531998426107     
   3.0083800000000003        2882.7531950658690     
   3.0083900000000003        2882.7531905168571     
   3.0084000000000004        2882.7531856969008     
   3.0084100000000000        2882.7531811039626     
   3.0084200000000001        2882.7531763967409     
   3.0084300000000002        2882.7531716744979     
   3.0084400000000002        2882.7531667848498     
   3.0084500000000003        2882.7531619231299     
   3.0084600000000004        2882.7531568971258     
   3.0084700000000004        2882.7531520028538     
   3.0084800000000000        2882.7531469217138     
   3.0084900000000001        2882.7531417426417     
   3.0085000000000002        2882.7531365187224     
   3.0085100000000002        2882.7531313911713     
   3.0085200000000003        2882.7531262443922     
   3.0085300000000004        2882.7531211597911     
   3.0085400000000004        2882.7531160570556     
   3.0085500000000001        2882.7531109591505     
   3.0085600000000001        2882.7531058643681     
   3.0085700000000002        2882.7531009090353     
   3.0085800000000003        2882.7530960086306     
   3.0085900000000003        2882.7530912864891     
   3.0086000000000004        2882.7530866045427     
   3.0086100000000005        2882.7530820475740     
   3.0086200000000001        2882.7530773721642     
   3.0086300000000001        2882.7530728414790     
   3.0086400000000002        2882.7530684050148     
   3.0086500000000003        2882.7530641177050     
   3.0086600000000003        2882.7530596443912     
   3.0086700000000004        2882.7530554514356     
   3.0086800000000005        2882.7530511814639     
   3.0086900000000001        2882.7530469389280     
   3.0087000000000002        2882.7530428007090     
   3.0087100000000002        2882.7530387758707     
   3.0087200000000003        2882.7530346805220     
   3.0087300000000003        2882.7530306981212     
   3.0087400000000004        2882.7530266302406     
   3.0087500000000000        2882.7530227609677     
   3.0087600000000001        2882.7530188639598     
   3.0087700000000002        2882.7530149570821     
   3.0087800000000002        2882.7530111413862     
   3.0087900000000003        2882.7530074113488     
   3.0088000000000004        2882.7530037740289     
   3.0088100000000004        2882.7530003227780     
   3.0088200000000001        2882.7529969350344     
   3.0088300000000001        2882.7529936555416     
   3.0088400000000002        2882.7529903875366     
   3.0088500000000002        2882.7529873662143     
   3.0088600000000003        2882.7529845329777     
   3.0088700000000004        2882.7529819125234     
   3.0088800000000004        2882.7529793995318     
   3.0088900000000001        2882.7529769431603     
   3.0089000000000001        2882.7529744418925     
   3.0089100000000002        2882.7529721488791     
   3.0089200000000003        2882.7529697909672     
   3.0089300000000003        2882.7529671850002     
   3.0089400000000004        2882.7529645853642     
   3.0089500000000005        2882.7529619529214     
   3.0089600000000001        2882.7529593334525     
   3.0089700000000001        2882.7529565794043     
   3.0089800000000002        2882.7529540213941     
   3.0089900000000003        2882.7529514432936     
   3.0090000000000003        2882.7529490246657     
   3.0090100000000004        2882.7529465408957     
   3.0090200000000000        2882.7529441720380     
   3.0090300000000001        2882.7529417697606     
   3.0090400000000002        2882.7529394902895     
   3.0090500000000002        2882.7529370379198     
   3.0090600000000003        2882.7529349554447     
   3.0090700000000004        2882.7529325861201     
   3.0090800000000004        2882.7529304718946     
   3.0090900000000000        2882.7529280368826     
   3.0091000000000001        2882.7529258994323     
   3.0091100000000002        2882.7529237065110     
   3.0091200000000002        2882.7529218563946     
   3.0091300000000003        2882.7529198465577     
   3.0091400000000004        2882.7529181514451     
   3.0091500000000004        2882.7529166287568     
   3.0091600000000001        2882.7529154921467     
   3.0091700000000001        2882.7529143961920     
   3.0091800000000002        2882.7529136232415     
   3.0091900000000003        2882.7529130148187     
   3.0092000000000003        2882.7529127444413     
   3.0092100000000004        2882.7529127688126     
   3.0092200000000005        2882.7529130481280     
   3.0092300000000001        2882.7529135926147     
   3.0092400000000001        2882.7529143062347     
   3.0092500000000002        2882.7529153009132     
   3.0092600000000003        2882.7529163769768     
   3.0092700000000003        2882.7529177430592     
   3.0092800000000004        2882.7529190013965     
   3.0092900000000005        2882.7529206025160     
   3.0093000000000001        2882.7529220741462     
   3.0093100000000002        2882.7529238080811     
   3.0093200000000002        2882.7529253978787     
   3.0093300000000003        2882.7529273262735     
   3.0093400000000003        2882.7529291072783     
   3.0093500000000004        2882.7529311782914     
   3.0093600000000000        2882.7529328915930     
   3.0093700000000001        2882.7529349386405     
   3.0093800000000002        2882.7529367949778     
   3.0093900000000002        2882.7529390509576     
   3.0094000000000003        2882.7529409772474     
   3.0094100000000004        2882.7529432779588     
   3.0094200000000004        2882.7529452023728     
   3.0094300000000000        2882.7529474231474     
   3.0094400000000001        2882.7529493535653     
   3.0094500000000002        2882.7529517280059     
   3.0094600000000002        2882.7529540550258     
   3.0094700000000003        2882.7529564573879     
   3.0094800000000004        2882.7529586806877     
   3.0094900000000004        2882.7529611287691     
   3.0095000000000001        2882.7529634409634     
   3.0095100000000001        2882.7529657469186     
   3.0095200000000002        2882.7529678219043     
   3.0095300000000003        2882.7529699447186     
   3.0095400000000003        2882.7529718935157     
   3.0095500000000004        2882.7529739072479     
   3.0095600000000005        2882.7529757114803     
   3.0095700000000001        2882.7529775707021     
   3.0095800000000001        2882.7529792345335     
   3.0095900000000002        2882.7529808449049     
   3.0096000000000003        2882.7529822073211     
   3.0096100000000003        2882.7529833865078     
   3.0096200000000004        2882.7529844256910     
   3.0096300000000000        2882.7529853028759     
   3.0096400000000001        2882.7529860481504     
   3.0096500000000002        2882.7529865946390     
   3.0096600000000002        2882.7529868915344     
   3.0096700000000003        2882.7529869076834     
   3.0096800000000004        2882.7529868210531     
   3.0096900000000004        2882.7529865319038     
   3.0097000000000000        2882.7529861136468     
   3.0097100000000001        2882.7529857306245     
   3.0097200000000002        2882.7529853144702     
   3.0097300000000002        2882.7529849529533     
   3.0097400000000003        2882.7529844483320     
   3.0097500000000004        2882.7529841846149     
   3.0097600000000004        2882.7529837382244     
   3.0097700000000001        2882.7529833961021     
   3.0097800000000001        2882.7529830770786     
   3.0097900000000002        2882.7529829470650     
   3.0098000000000003        2882.7529828158595     
   3.0098100000000003        2882.7529826529462     
   3.0098200000000004        2882.7529825487054     
   3.0098300000000004        2882.7529824257326     
   3.0098400000000001        2882.7529823302434     
   3.0098500000000001        2882.7529823607229     
   3.0098600000000002        2882.7529823713612     
   3.0098700000000003        2882.7529823959121     
   3.0098800000000003        2882.7529823797049     
   3.0098900000000004        2882.7529822938086     
   3.0099000000000005        2882.7529821491739     
   3.0099100000000001        2882.7529818591684     
   3.0099200000000002        2882.7529814274467     
   3.0099300000000002        2882.7529812631501     
   3.0099400000000003        2882.7529810402084     
   3.0099500000000003        2882.7529808180079     
   3.0099600000000004        2882.7529803347666     
   3.0099700000000000        2882.7529800061070     
   3.0099800000000001        2882.7529797090460     
   3.0099900000000002        2882.7529793887306     
   3.0100000000000002        2882.7529789873224     
