   1.6500000000000001        2885.6554604905741     
   1.6510000000000002        2885.6449998673220     
   1.6520000000000001        2885.6749686125527     
   1.6530000000000000        2885.6806372116498     
   1.6540000000000001        2885.6924891711906     
   1.6550000000000000        2885.6765437982681     
   1.6560000000000001        2885.6681446221114     
   1.6570000000000000        2885.6662549877447     
   1.6580000000000001        2885.6567067242572     
   1.6590000000000000        2885.6470348659377     
   1.6600000000000001        2885.6375464467328     
   1.6610000000000000        2885.6248149200733     
   1.6620000000000001        2885.6114812784231     
   1.6630000000000000        2885.5926439369468     
   1.6640000000000001        2885.5663436960713     
   1.6650000000000000        2885.5377877207984     
   1.6660000000000001        2885.5218606852391     
   1.6670000000000000        2885.5006483302404     
   1.6680000000000001        2885.5031412254425     
   1.6690000000000000        2885.4831933813966     
   1.6700000000000002        2885.4848465536779     
   1.6710000000000000        2885.4964340837387     
   1.6720000000000002        2885.4995675765572     
   1.6730000000000000        2885.5043686813697     
   1.6740000000000002        2885.5040027532154     
   1.6750000000000000        2885.5027441051438     
   1.6760000000000002        2885.5022693459428     
   1.6770000000000000        2885.5001692021424     
   1.6780000000000002        2885.4954263617751     
   1.6790000000000000        2885.4842608253171     
   1.6800000000000002        2885.4726055168317     
   1.6810000000000000        2885.4619447300693     
   1.6820000000000002        2885.4402056313611     
   1.6830000000000001        2885.4167985093236     
   1.6840000000000002        2885.4073167356005     
   1.6850000000000001        2885.3983076744553     
   1.6860000000000002        2885.3938179773204     
   1.6870000000000001        2885.3905341987261     
   1.6880000000000002        2885.3878640431908     
   1.6890000000000001        2885.3907350517920     
   1.6900000000000002        2885.3860190263199     
   1.6910000000000001        2885.3753039021326     
   1.6920000000000002        2885.3738373067681     
   1.6930000000000001        2885.3726420414482     
   1.6940000000000002        2885.3781826048671     
   1.6950000000000001        2885.3638154350729     
   1.6960000000000002        2885.3643611158518     
   1.6970000000000001        2885.3633060341522     
   1.6980000000000002        2885.3636890183725     
   1.6990000000000001        2885.3555224432571     
   1.7000000000000002        2885.3525128830333     
   1.7010000000000001        2885.3250369832663     
   1.7020000000000002        2885.3166421132164     
   1.7030000000000001        2885.3119804702187     
   1.7040000000000002        2885.3044970270639     
   1.7050000000000001        2885.2951456921414     
   1.7060000000000002        2885.2913691242534     
   1.7070000000000001        2885.2795963220578     
   1.7080000000000002        2885.2763534324040     
   1.7090000000000001        2885.2690878060262     
   1.7100000000000002        2885.2642042823354     
   1.7110000000000001        2885.2584812396271     
   1.7120000000000002        2885.2528523515844     
   1.7130000000000001        2885.2472859843797     
   1.7140000000000002        2885.2415448882180     
   1.7150000000000001        2885.2296739206558     
   1.7160000000000002        2885.2226820532101     
   1.7170000000000001        2885.2168733664448     
   1.7180000000000002        2885.2145794022131     
   1.7190000000000001        2885.2098560887630     
   1.7200000000000002        2885.2035728430578     
   1.7210000000000001        2885.2066030365336     
   1.7220000000000002        2885.2065852870132     
   1.7230000000000001        2885.1939887463850     
   1.7240000000000002        2885.1917000214935     
   1.7250000000000001        2885.1873551234426     
   1.7260000000000002        2885.1886226873280     
   1.7270000000000001        2885.1878686318964     
   1.7280000000000002        2885.1802174770037     
   1.7290000000000001        2885.1805097344959     
   1.7300000000000002        2885.1673722124597     
   1.7310000000000001        2885.1593355981827     
   1.7320000000000002        2885.1549251441716     
   1.7330000000000001        2885.1435976370922     
   1.7340000000000002        2885.1389347347381     
   1.7350000000000001        2885.1318181614924     
   1.7360000000000002        2885.1296221310895     
   1.7370000000000001        2885.1240407708424     
   1.7380000000000002        2885.1217039091030     
   1.7390000000000001        2885.1263734249223     
   1.7400000000000002        2885.1249213046262     
   1.7410000000000001        2885.1202279422864     
   1.7420000000000002        2885.1186598644144     
   1.7430000000000001        2885.1058199774370     
   1.7440000000000002        2885.0899601729889     
   1.7450000000000001        2885.0791087420007     
   1.7460000000000002        2885.0701955972536     
   1.7470000000000001        2885.0651505348278     
   1.7480000000000002        2885.0487536164846     
   1.7490000000000001        2885.0513907272602     
   1.7500000000000002        2885.0530160050921     
   1.7510000000000001        2885.0527751865066     
   1.7520000000000002        2885.0496284360747     
   1.7530000000000001        2885.0385520760829     
   1.7540000000000002        2885.0330365544582     
   1.7550000000000001        2885.0293272745580     
   1.7560000000000002        2885.0261013009213     
   1.7570000000000001        2885.0225588108333     
   1.7580000000000002        2885.0241681900434     
   1.7590000000000001        2885.0102211783787     
   1.7600000000000002        2885.0146027221208     
   1.7610000000000001        2885.0009181959476     
   1.7620000000000002        2884.9980109825051     
   1.7630000000000001        2884.9918297822514     
   1.7640000000000002        2884.9845112723656     
   1.7650000000000001        2884.9900744040506     
   1.7660000000000002        2884.9797254578662     
   1.7670000000000001        2884.9814614520892     
   1.7680000000000002        2884.9735657282586     
   1.7690000000000001        2884.9610345893198     
   1.7700000000000002        2884.9650600447067     
   1.7710000000000001        2884.9548535118438     
   1.7720000000000002        2884.9559631087786     
   1.7730000000000001        2884.9518321706455     
   1.7740000000000002        2884.9508846423973     
   1.7750000000000001        2884.9419042044906     
   1.7760000000000002        2884.9447026055986     
   1.7770000000000001        2884.9352057730080     
   1.7780000000000002        2884.9375457566666     
   1.7790000000000001        2884.9439062945448     
   1.7800000000000002        2884.9471873204866     
   1.7810000000000001        2884.9406272640267     
   1.7820000000000003        2884.9353980281207     
   1.7830000000000001        2884.9282713276439     
   1.7840000000000003        2884.9286330301738     
   1.7850000000000001        2884.9296748897473     
   1.7860000000000003        2884.9228100572213     
   1.7870000000000001        2884.9101711275171     
   1.7880000000000003        2884.9107778892635     
   1.7890000000000001        2884.9025279567500     
   1.7900000000000000        2884.8999859272453     
   1.7910000000000001        2884.8831387957962     
   1.7920000000000000        2884.8874584053306     
   1.7930000000000001        2884.8821624704865     
   1.7940000000000000        2884.8803394075840     
   1.7950000000000002        2884.8830933489453     
   1.7960000000000000        2884.8800818240252     
   1.7970000000000002        2884.8705579357566     
   1.7980000000000000        2884.8757070428060     
   1.7990000000000002        2884.8664304507429     
   1.8000000000000000        2884.8598431204819     
   1.8010000000000002        2884.8589615435517     
   1.8020000000000000        2884.8570583569058     
   1.8030000000000002        2884.8544702221161     
   1.8040000000000000        2884.8499422634673     
   1.8050000000000002        2884.8469549607321     
   1.8060000000000000        2884.8440476113292     
   1.8070000000000002        2884.8386798831502     
   1.8080000000000001        2884.8376680920906     
   1.8090000000000002        2884.8346904337573     
   1.8100000000000001        2884.8302331570389     
   1.8110000000000002        2884.8271094796660     
   1.8120000000000001        2884.8239976879327     
   1.8130000000000002        2884.8255580177743     
   1.8140000000000001        2884.8164420493586     
   1.8150000000000002        2884.8131986964663     
   1.8160000000000001        2884.8146810437515     
   1.8170000000000002        2884.8097617762796     
   1.8180000000000001        2884.8083774366032     
   1.8190000000000002        2884.8153430859093     
   1.8200000000000001        2884.8143630494687     
   1.8210000000000002        2884.7954796355211     
   1.8220000000000001        2884.8049303154485     
   1.8230000000000002        2884.7955701260335     
   1.8240000000000001        2884.7858729377581     
   1.8250000000000002        2884.7908560312349     
   1.8260000000000001        2884.7808662816769     
   1.8270000000000002        2884.7794241073989     
   1.8280000000000001        2884.7725527512998     
   1.8290000000000002        2884.7731384152403     
   1.8300000000000001        2884.7676601091243     
   1.8310000000000002        2884.7594142163684     
   1.8320000000000001        2884.7561945554853     
   1.8330000000000002        2884.7572160428736     
   1.8340000000000001        2884.7606924918928     
   1.8350000000000002        2884.7631053953501     
   1.8360000000000001        2884.7519638790609     
   1.8370000000000002        2884.7548578087990     
   1.8380000000000001        2884.7526530968094     
   1.8390000000000002        2884.7571840269020     
   1.8400000000000001        2884.7511766362968     
   1.8410000000000002        2884.7453196675847     
   1.8420000000000001        2884.7409480182746     
   1.8430000000000002        2884.7378162512150     
   1.8440000000000001        2884.7311562278192     
   1.8450000000000002        2884.7298658152808     
   1.8460000000000001        2884.7255509432639     
   1.8470000000000002        2884.7190170864546     
   1.8480000000000001        2884.7130681219583     
   1.8490000000000002        2884.7112384598217     
   1.8500000000000001        2884.7157233812936     
   1.8510000000000002        2884.7083564093650     
   1.8520000000000001        2884.7034818001066     
   1.8530000000000002        2884.7070904798761     
   1.8540000000000001        2884.6969881642485     
   1.8550000000000002        2884.6993477019037     
   1.8560000000000001        2884.6876386229951     
   1.8570000000000002        2884.6888709226205     
   1.8580000000000001        2884.6852758553591     
   1.8590000000000002        2884.6819518111133     
   1.8600000000000001        2884.6728566580191     
   1.8610000000000002        2884.6702324429521     
   1.8620000000000001        2884.6680570944563     
   1.8630000000000002        2884.6646898181853     
   1.8640000000000001        2884.6671057067306     
   1.8650000000000002        2884.6532962622059     
   1.8660000000000001        2884.6476037126040     
   1.8670000000000002        2884.6459451749502     
   1.8680000000000001        2884.6455102318255     
   1.8690000000000002        2884.6417833204096     
   1.8700000000000001        2884.6402624906618     
   1.8710000000000002        2884.6317811937288     
   1.8720000000000001        2884.6301199125060     
   1.8730000000000002        2884.6220481760156     
   1.8740000000000001        2884.6171415910253     
   1.8750000000000002        2884.6121631847031     
   1.8760000000000001        2884.6081278912293     
   1.8770000000000002        2884.6091050429868     
   1.8780000000000001        2884.6113481009920     
   1.8790000000000002        2884.6061854077966     
   1.8800000000000001        2884.6070619953143     
   1.8810000000000002        2884.6010774282086     
   1.8820000000000001        2884.6013340779391     
   1.8830000000000002        2884.5910084455709     
   1.8840000000000001        2884.5921929177384     
