   1.0000000000000000E-002   8309.2179167709019     
   2.0000000000000000E-002   8309.2194190863975     
   3.0000000000000002E-002   8309.2209212795242     
   4.0000000000000001E-002   8309.2224233503603     
   5.0000000000000003E-002   8309.2239252988293     
   6.0000000000000005E-002   8309.2254271249531     
   7.0000000000000007E-002   8309.2269288287280     
   8.0000000000000002E-002   8309.1920964767196     
   9.0000000000000011E-002   8307.9210024931672     
  0.10000000000000001        8307.2000822933842     
  0.11000000000000001        8306.9473050113866     
  0.12000000000000001        8306.9387441295148     
  0.13000000000000000        8306.4545526684615     
  0.14000000000000001        8304.2500457258866     
  0.15000000000000002        8301.6633975974510     
  0.16000000000000000        8301.4493888945817     
  0.17000000000000001        8299.7903643027912     
  0.18000000000000002        8298.1819997666771     
  0.19000000000000000        8296.3220362078300     
  0.20000000000000001        8293.8330801918764     
  0.21000000000000002        8289.6404496884788     
  0.22000000000000003        8285.4651098855902     
  0.23000000000000001        8278.4703986052318     
  0.24000000000000002        8274.9109773337186     
  0.25000000000000000        8269.5393749028335     
  0.26000000000000001        8262.0846829553848     
  0.27000000000000002        8253.6703250078444     
  0.28000000000000003        8245.2624216491822     
  0.29000000000000004        8232.9444777078243     
  0.30000000000000004        8223.0266147764632     
  0.31000000000000000        8211.1238874599094     
  0.32000000000000001        8198.4202808515001     
  0.33000000000000002        8180.0490791578286     
  0.34000000000000002        8166.2558701116686     
  0.35000000000000003        8148.7191205863182     
  0.36000000000000004        8130.1627489391303     
  0.37000000000000005        8111.8585159318909     
  0.38000000000000000        8087.1340332731997     
  0.39000000000000001        8063.2599769930421     
  0.40000000000000002        8036.9947385688438     
  0.41000000000000003        8009.6448218138421     
  0.42000000000000004        7983.1462640790596     
  0.43000000000000005        7951.0991954657411     
  0.44000000000000006        7915.2993349039098     
  0.45000000000000001        7870.9668833706819     
  0.46000000000000002        7833.9980362494061     
  0.47000000000000003        7787.9770518161586     
  0.48000000000000004        7739.0096873031807     
  0.49000000000000005        7692.5440635291015     
  0.50000000000000000        7638.2382435148547     
  0.51000000000000001        7582.8344403012070     
  0.52000000000000002        7536.0910639851136     
  0.53000000000000003        7473.5450150556153     
  0.54000000000000004        7407.4216984117011     
  0.55000000000000004        7336.9459545362197     
  0.56000000000000005        7269.5951857091559     
  0.57000000000000006        7200.8300055243117     
  0.58000000000000007        7109.6651465423556     
  0.59000000000000008        7021.3535552360290     
  0.60000000000000009        6926.7223176384214     
  0.61000000000000010        6835.7155909255162     
  0.62000000000000000        6746.1653800996955     
  0.63000000000000000        6652.6766322662761     
  0.64000000000000001        6535.7625693610271     
  0.65000000000000002        6425.2844122203542     
  0.66000000000000003        6304.3403641984705     
  0.67000000000000004        6180.5986859156656     
  0.68000000000000005        6052.2483787934498     
  0.69000000000000006        5922.3493347309668     
  0.70000000000000007        5791.6460024048556     
  0.71000000000000008        5634.4517605831770     
  0.72000000000000008        5480.9251557269408     
  0.73000000000000009        5325.9622559803902     
  0.74000000000000010        5162.4785129029960     
  0.75000000000000011        4968.5260879400157     
  0.76000000000000001        4800.6730264510188     
  0.77000000000000002        4606.8497523173983     
  0.78000000000000003        4417.0245738358162     
  0.79000000000000004        4212.6750595460744     
  0.80000000000000004        4009.1493659347530     
  0.81000000000000005        3782.0549051586099     
  0.82000000000000006        3577.2455358263846     
  0.83000000000000007        3341.0798914076058     
  0.84000000000000008        3068.0647364585366     
  0.85000000000000009        2906.7613275927206     
  0.86000000000000010        2887.2511648000732     
  0.87000000000000011        2881.1004966317728     
  0.88000000000000012        2878.8009057405193     
  0.89000000000000012        2877.1268105464769     
  0.90000000000000002        2875.4079124882701     
  0.91000000000000003        2873.6443779342512     
  0.92000000000000004        2871.1140183760394     
  0.93000000000000005        2869.1871667476903     
  0.94000000000000006        2868.2503195192380     
  0.95000000000000007        2867.8267832216429     
  0.96000000000000008        2867.2978695342008     
  0.97000000000000008        2866.6034708595589     
  0.98000000000000009        2865.9218341267883     
  0.99000000000000010        2865.3183689755338     
   1.0000000000000000        2864.8018773143517     
   1.0100000000000000        2864.4707091910459     
   1.0200000000000000        2864.1483229897090     
   1.0300000000000000        2863.8905523367375     
   1.0400000000000000        2863.5252375154541     
   1.0500000000000000        2863.2938556914141     
   1.0600000000000001        2862.8915318695749     
   1.0700000000000001        2862.1528196680470     
   1.0800000000000001        2861.7608838910396     
   1.0900000000000001        2861.5924518810775     
   1.1000000000000001        2861.4829182338485     
   1.1100000000000001        2861.3875631594883     
   1.1200000000000001        2861.1937750087172     
   1.1300000000000001        2861.0968192870323     
   1.1400000000000001        2860.9765655976325     
   1.1500000000000001        2860.8686835148269     
   1.1600000000000001        2860.8699233858197     
   1.1700000000000002        2860.7983463682099     
   1.1800000000000002        2860.7144509144487     
   1.1900000000000002        2860.6210606553209     
   1.2000000000000002        2860.5324135828732     
   1.2100000000000002        2860.4766609577823     
   1.2200000000000002        2860.4215599083641     
   1.2300000000000002        2860.3556997729970     
   1.2400000000000000        2860.1903047037217     
   1.2500000000000000        2860.0808335158213     
   1.2600000000000000        2860.0332493270298     
   1.2700000000000000        2859.9968400708494     
   1.2800000000000000        2859.9383693924792     
   1.2900000000000000        2859.8897351082587     
   1.3000000000000000        2859.8351832696594     
   1.3100000000000001        2859.7767817257700     
   1.3200000000000001        2859.7103194410142     
   1.3300000000000001        2859.6266051789412     
   1.3400000000000001        2859.5596432721691     
   1.3500000000000001        2859.5356296622749     
   1.3600000000000001        2859.5104692961354     
   1.3700000000000001        2859.4669025590415     
   1.3800000000000001        2859.4166625657035     
   1.3900000000000001        2859.4190547498688     
   1.4000000000000001        2859.3808761143018     
   1.4100000000000001        2859.3731665410178     
   1.4200000000000002        2859.2629262623573     
   1.4300000000000002        2859.2125917256917     
   1.4400000000000002        2859.1787082373025     
   1.4500000000000002        2859.1479666248470     
   1.4600000000000002        2859.1364385200122     
   1.4700000000000002        2859.1394531199044     
   1.4800000000000002        2859.1038820250424     
   1.4900000000000002        2859.0156436932261     
   1.5000000000000002        2859.0079382402769     
   1.5100000000000002        2858.9755968735690     
   1.5200000000000000        2858.9596813314279     
   1.5300000000000000        2858.9479925032470     
   1.5400000000000000        2858.8676300353832     
   1.5500000000000000        2858.8277115671413     
   1.5600000000000001        2858.7917183086079     
   1.5700000000000001        2858.7894692139030     
   1.5800000000000001        2858.7638612420583     
   1.5900000000000001        2858.6833763693694     
   1.6000000000000001        2858.6492211285263     
   1.6100000000000001        2858.6085136558240     
   1.6200000000000001        2858.6212525982714     
   1.6300000000000001        2858.5663879164381     
   1.6400000000000001        2858.5468033268130     
   1.6500000000000001        2858.5312634117067     
   1.6600000000000001        2858.5050166825436     
   1.6700000000000002        2858.4394936382687     
   1.6800000000000002        2858.4407877779799     
   1.6900000000000002        2858.3846711043443     
   1.7000000000000002        2858.3267688610349     
   1.7100000000000002        2858.2817490196931     
   1.7200000000000002        2858.2843536272130     
   1.7300000000000002        2858.2024257443431     
   1.7400000000000002        2858.1904781378512     
   1.7500000000000002        2858.1553138724203     
   1.7600000000000002        2858.1379493568024     
   1.7700000000000002        2858.1107972132477     
   1.7800000000000002        2858.1245312153487     
   1.7900000000000000        2858.0771209261911     
   1.8000000000000000        2858.0703158407832     
   1.8100000000000001        2858.0844313792823     
   1.8200000000000001        2858.0096243289991     
   1.8300000000000001        2857.9695436094175     
   1.8400000000000001        2857.9521070404967     
   1.8500000000000001        2857.9154592079021     
   1.8600000000000001        2857.9187803056420     
   1.8700000000000001        2857.9014716791053     
   1.8800000000000001        2857.8417003504496     
   1.8900000000000001        2857.8243351250053     
   1.9000000000000001        2857.7797725295295     
   1.9100000000000001        2857.8097176225297     
   1.9200000000000002        2857.8058561056250     
   1.9300000000000002        2857.7751753077773     
   1.9400000000000002        2857.7700878332153     
   1.9500000000000002        2857.6694183137120     
   1.9600000000000002        2857.6525473502084     
   1.9700000000000002        2857.6146283179141     
   1.9800000000000002        2857.6323834089135     
   1.9900000000000002        2857.6241723025510     
   2.0000000000000000        2857.5832555515785     
   2.0100000000000002        2857.5340313786705     
   2.0200000000000000        2857.4724108252326     
   2.0300000000000002        2857.4342206302726     
   2.0400000000000000        2857.4141964166984     
   2.0500000000000003        2857.3928478903781     
   2.0600000000000001        2857.3727656622927     
   2.0700000000000003        2857.3038078337277     
   2.0800000000000001        2857.2626812666458     
   2.0900000000000003        2857.2177158482473     
   2.1000000000000001        2857.1952045123962     
   2.1100000000000003        2857.1572783872775     
   2.1200000000000001        2857.1342741822396     
   2.1300000000000003        2857.0959604305363     
   2.1400000000000001        2857.0261589851161     
   2.1500000000000004        2856.9372959167313     
   2.1600000000000001        2856.9101913949789     
   2.1700000000000004        2856.7852668325618     
   2.1800000000000002        2856.7155765253847     
   2.1900000000000004        2856.7075590094332     
   2.2000000000000002        2856.6464726363497     
   2.2100000000000000        2856.5655405289240     
   2.2200000000000002        2856.5300123995594     
   2.2300000000000000        2856.4265310476744     
   2.2400000000000002        2856.3858954085013     
   2.2500000000000000        2856.3442670593331     
   2.2600000000000002        2856.2832730881223     
   2.2700000000000000        2856.2358841663267     
   2.2800000000000002        2856.1826345087507     
   2.2900000000000000        2856.0831069424107     
   2.3000000000000003        2856.0398471727271     
   2.3100000000000001        2855.9688259747591     
   2.3200000000000003        2855.9500280869943     
   2.3300000000000001        2855.9128843374019     
   2.3400000000000003        2855.8780301959878     
   2.3500000000000001        2855.8064257611036     
   2.3600000000000003        2855.7652483979377     
   2.3700000000000001        2855.7143286791024     
   2.3800000000000003        2855.6757107271264     
   2.3900000000000001        2855.6421787864647     
   2.4000000000000004        2855.6032903808969     
   2.4100000000000001        2855.5792744838718     
   2.4200000000000004        2855.5028679061224     
   2.4300000000000002        2855.4313169494717     
   2.4400000000000004        2855.4123435970928     
   2.4500000000000002        2855.4050334959466     
   2.4600000000000004        2855.3744619408280     
   2.4700000000000002        2855.3476248734601     
   2.4800000000000000        2855.3029667855531     
   2.4900000000000002        2855.2238207104288     
   2.5000000000000000        2855.2022496129480     
   2.5100000000000002        2855.1636168419427     
   2.5200000000000000        2855.1156691977994     
   2.5300000000000002        2855.0803967591014     
   2.5400000000000000        2855.0553915817200     
   2.5500000000000003        2855.0291231769133     
   2.5600000000000001        2854.9739179404032     
   2.5700000000000003        2854.9647130965800     
   2.5800000000000001        2854.9845030667434     
   2.5900000000000003        2854.9568747315698     
   2.6000000000000001        2854.8963073175673     
   2.6100000000000003        2854.8512098294818     
   2.6200000000000001        2854.8466659527780     
   2.6300000000000003        2854.8169121119390     
   2.6400000000000001        2854.8633510047671     
   2.6500000000000004        2854.8420822330718     
   2.6600000000000001        2854.8310379937211     
   2.6700000000000004        2854.7643484033665     
   2.6800000000000002        2854.7200571563717     
   2.6900000000000004        2854.7341471658051     
   2.7000000000000002        2854.7422841836342     
   2.7100000000000004        2854.6873097319262     
   2.7200000000000002        2854.6815563226469     
   2.7300000000000004        2854.6534000200236     
   2.7400000000000002        2854.6750453202826     
   2.7500000000000004        2854.6136029468607     
   2.7600000000000002        2854.5352720779292     
   2.7700000000000000        2854.5815639050256     
   2.7800000000000002        2854.5658632635023     
   2.7900000000000000        2854.5573481857305     
   2.8000000000000003        2854.5129609685891     
   2.8100000000000001        2854.4859993191099     
   2.8200000000000003        2854.5135350109176     
   2.8300000000000001        2854.4994393850502     
   2.8400000000000003        2854.4593931993400     
   2.8500000000000001        2854.4860470576446     
   2.8600000000000003        2854.4718639409930     
   2.8700000000000001        2854.4850867657556     
   2.8800000000000003        2854.3961678469718     
   2.8900000000000001        2854.3440141457322     
   2.9000000000000004        2854.3438922772616     
   2.9100000000000001        2854.3201543748105     
   2.9200000000000004        2854.3527545490142     
   2.9300000000000002        2854.3492788771482     
   2.9400000000000004        2854.3084713807420     
   2.9500000000000002        2854.2772266848301     
   2.9600000000000004        2854.2551897697394     
   2.9700000000000002        2854.2839539045135     
   2.9800000000000004        2854.2485436577203     
   2.9900000000000002        2854.2151895608513     
   3.0000000000000004        2854.2047225403953     
