   3.0000000000000004        10917.885366700424     
   3.0010000000000003        10917.828340190867     
   3.0020000000000002        10917.843676892409     
   3.0030000000000001        10917.932965493583     
   3.0040000000000004        10918.098567495921     
   3.0050000000000003        10918.331401597028     
   3.0060000000000002        10918.626635834293     
   3.0070000000000001        10918.967794953991     
   3.0080000000000005        10919.341352668740     
   3.0090000000000003        10919.723149844898     
   3.0100000000000002        10920.097144012236     
   3.0110000000000001        10920.446394005554     
   3.0120000000000005        10920.757863898609     
   3.0130000000000003        10921.023478064038     
   3.0140000000000002        10921.240685771330     
   3.0150000000000001        10921.403779255290     
   3.0160000000000005        10921.511201896084     
   3.0170000000000003        10921.565282092150     
   3.0180000000000002        10921.567227531525     
   3.0190000000000001        10921.518625119639     
   3.0200000000000005        10921.423074629049     
   3.0210000000000004        10921.284976199968     
   3.0220000000000002        10921.109778494238     
   3.0230000000000001        10920.899946029622     
   3.0240000000000005        10920.661346506948     
   3.0250000000000004        10920.401127448467     
   3.0260000000000002        10920.124891868249     
   3.0270000000000001        10919.840835129093     
   3.0280000000000005        10919.557359530345     
   3.0290000000000004        10919.277678730332     
   3.0300000000000002        10919.012403812010     
   3.0310000000000001        10918.767776811486     
   3.0320000000000000        10918.554930383814     
   3.0330000000000004        10918.380783302760     
   3.0340000000000003        10918.253502423482     
   3.0350000000000001        10918.180388615043     
   3.0360000000000000        10918.162382067043     
   3.0370000000000004        10918.201635440839     
   3.0380000000000003        10918.291252154364     
   3.0390000000000001        10918.429630493072     
   3.0400000000000000        10918.611908992285     
   3.0410000000000004        10918.827797152802     
   3.0420000000000003        10919.067890245164     
   3.0430000000000001        10919.318192938334     
   3.0440000000000000        10919.574373047344     
   3.0450000000000004        10919.823505969578     
   3.0460000000000003        10920.053818144890     
   3.0470000000000002        10920.260551012865     
   3.0480000000000000        10920.433406000691     
   3.0490000000000004        10920.566795682273     
   3.0500000000000003        10920.657664423950     
   3.0510000000000002        10920.706250117977     
   3.0520000000000000        10920.710969218788     
   3.0530000000000004        10920.674738916065     
   3.0540000000000003        10920.599063920306     
   3.0550000000000002        10920.485411279829     
   3.0560000000000000        10920.338059609368     
   3.0570000000000004        10920.159568549885     
   3.0580000000000003        10919.956330261391     
   3.0590000000000002        10919.733293808857     
   3.0600000000000001        10919.495986932066     
   3.0610000000000004        10919.250069964601     
   3.0620000000000003        10919.005329854066     
   3.0630000000000002        10918.769296974004     
   3.0640000000000001        10918.549535071206     
   3.0650000000000004        10918.354771819064     
   3.0660000000000003        10918.193487520375     
   3.0670000000000002        10918.071577511972     
   3.0680000000000001        10917.994420876306     
   3.0690000000000004        10917.970101461315     
   3.0700000000000003        10917.995171272463     
   3.0710000000000002        10918.068649999079     
   3.0720000000000001        10918.187301472657     
   3.0730000000000004        10918.345235247929     
   3.0740000000000003        10918.528080026688     
   3.0750000000000002        10918.732229648507     
   3.0760000000000001        10918.952952342304     
   3.0770000000000004        10919.178949779984     
   3.0780000000000003        10919.398766703061     
   3.0790000000000002        10919.599727056924     
   3.0800000000000001        10919.778972190292     
   3.0810000000000004        10919.928827673062     
   3.0820000000000003        10920.045306454715     
   3.0830000000000002        10920.127304622909     
   3.0840000000000001        10920.173283481636     
   3.0850000000000004        10920.180218086878     
   3.0860000000000003        10920.149276094382     
   3.0870000000000002        10920.082058643229     
   3.0880000000000001        10919.982760936393     
   3.0890000000000004        10919.856081496195     
   3.0900000000000003        10919.705116811399     
   3.0910000000000002        10919.533852099314     
   3.0920000000000001        10919.351220622420     
   3.0930000000000004        10919.163577332192     
   3.0940000000000003        10918.974074022542     
   3.0950000000000002        10918.787949280391     
   3.0960000000000001        10918.611899199044     
   3.0970000000000004        10918.454345543649     
   3.0980000000000003        10918.320888826316     
   3.0990000000000002        10918.215430224518     
   3.1000000000000001        10918.143598255441     
   3.1010000000000004        10918.106278568621     
   3.1020000000000003        10918.103762195060     
   3.1030000000000002        10918.141348990930     
   3.1040000000000001        10918.213619461221     
   3.1050000000000004        10918.317841221915     
   3.1060000000000003        10918.453393257760     
   3.1070000000000002        10918.609130392397     
   3.1080000000000001        10918.775169477709     
   3.1090000000000004        10918.944959383980     
   3.1100000000000003        10919.114918956389     
   3.1110000000000002        10919.277514460242     
   3.1120000000000001        10919.425556507498     
   3.1130000000000004        10919.553817424434     
   3.1140000000000003        10919.660718319370     
   3.1150000000000002        10919.740084900614     
   3.1160000000000001        10919.789431346704     
   3.1170000000000004        10919.806102165710     
   3.1180000000000003        10919.793214449603     
   3.1190000000000002        10919.752194644530     
   3.1200000000000001        10919.684079534416     
   3.1210000000000004        10919.593917076305     
   3.1220000000000003        10919.484648641796     
   3.1230000000000002        10919.361066816205     
   3.1240000000000001        10919.224931578867     
   3.1250000000000004        10919.081854669870     
   3.1260000000000003        10918.936919449119     
   3.1270000000000002        10918.794453056771     
   3.1280000000000001        10918.657550766729     
   3.1290000000000004        10918.531731782145     
   3.1300000000000003        10918.423855132445     
   3.1310000000000002        10918.335568336608     
   3.1320000000000001        10918.274538975873     
   3.1330000000000005        10918.238467428071     
   3.1340000000000003        10918.233611982339     
   3.1350000000000002        10918.259005738564     
   3.1360000000000001        10918.306148236321     
   3.1370000000000005        10918.367981027852     
   3.1380000000000003        10918.443461244375     
   3.1390000000000002        10918.533791979549     
   3.1400000000000001        10918.632960025774     
   3.1410000000000005        10918.741195505112     
   3.1420000000000003        10918.852623416284     
   3.1430000000000002        10918.960928898656     
   3.1440000000000001        10919.060055321510     
   3.1450000000000005        10919.150820668070     
   3.1460000000000004        10919.230488064832     
   3.1470000000000002        10919.296047948330     
   3.1480000000000001        10919.342694928091     
   3.1490000000000005        10919.369384291585     
   3.1500000000000004        10919.373939956022     
   3.1510000000000002        10919.355633088830     
   3.1520000000000001        10919.317151883479     
   3.1530000000000005        10919.258504638505     
   3.1540000000000004        10919.182283092621     
   3.1550000000000002        10919.091100314723     
   3.1560000000000001        10918.985943278389     
   3.1570000000000005        10918.871021317607     
   3.1580000000000004        10918.749788318282     
   3.1590000000000003        10918.627685932781     
   3.1600000000000001        10918.511589240465     
   3.1610000000000005        10918.407150837118     
   3.1620000000000004        10918.315605895938     
   3.1630000000000003        10918.239388614133     
   3.1640000000000001        10918.181528947942     
   3.1650000000000005        10918.144561701209     
   3.1660000000000004        10918.128914911778     
   3.1670000000000003        10918.138261898701     
   3.1680000000000001        10918.167114272617     
   3.1690000000000000        10918.217017653891     
   3.1700000000000004        10918.286291268494     
   3.1710000000000003        10918.368604472615     
   3.1720000000000002        10918.463527665463     
   3.1730000000000000        10918.571620139690     
   3.1740000000000004        10918.685210259084     
   3.1750000000000003        10918.798860777550     
   3.1760000000000002        10918.908350112166     
   3.1770000000000000        10919.003219500913     
   3.1780000000000004        10919.080431083372     
   3.1790000000000003        10919.138721065639     
   3.1800000000000002        10919.173430130304     
   3.1810000000000000        10919.183369176200     
   3.1820000000000004        10919.168081548289     
   3.1830000000000003        10919.130429905224     
   3.1840000000000002        10919.069828422613     
   3.1850000000000001        10918.987662138545     
   3.1860000000000004        10918.886048217422     
   3.1870000000000003        10918.768300990987     
   3.1880000000000002        10918.638642892260     
   3.1890000000000001        10918.499901864772     
   3.1900000000000004        10918.358576478076     
   3.1910000000000003        10918.221838412652     
   3.1920000000000002        10918.096639209309     
   3.1930000000000001        10917.988935811374     
   3.1940000000000004        10917.904860573703     
   3.1950000000000003        10917.846964665207     
   3.1960000000000002        10917.820820699482     
   3.1970000000000001        10917.828435018282     
   3.1980000000000004        10917.865129499944     
   3.1990000000000003        10917.935972910185     
   3.2000000000000002        10918.039202934786     
   3.2010000000000001        10918.171991793912     
   3.2020000000000004        10918.321167273894     
   3.2030000000000003        10918.481108143662     
   3.2040000000000002        10918.639863891489     
   3.2050000000000001        10918.798011547273     
   3.2060000000000004        10918.949050894311     
   3.2070000000000003        10919.085035978616     
   3.2080000000000002        10919.203867991113     
   3.2090000000000001        10919.301724835532     
   3.2100000000000004        10919.371317593361     
   3.2110000000000003        10919.411139329830     
   3.2120000000000002        10919.417698726031     
   3.2130000000000001        10919.390230720641     
   3.2140000000000004        10919.329314006243     
   3.2150000000000003        10919.234932681162     
   3.2160000000000002        10919.109185140225     
   3.2170000000000001        10918.958622286409     
   3.2180000000000004        10918.788239202431     
   3.2190000000000003        10918.602967716930     
   3.2200000000000002        10918.409969649310     
   3.2210000000000001        10918.217754535450     
   3.2220000000000004        10918.035643419269     
   3.2230000000000003        10917.873743464956     
   3.2240000000000002        10917.740396916664     
   3.2250000000000001        10917.640887561074     
   3.2260000000000004        10917.579722504459     
   3.2270000000000003        10917.565423032911     
   3.2280000000000002        10917.597940274552     
   3.2290000000000001        10917.673963579451     
   3.2300000000000004        10917.793467770924     
   3.2310000000000003        10917.950768546010     
   3.2320000000000002        10918.135470082741     
   3.2330000000000001        10918.338813667295     
   3.2340000000000004        10918.548618937190     
   3.2350000000000003        10918.758056261531     
   3.2360000000000002        10918.956801785032     
   3.2370000000000001        10919.137133154280     
   3.2380000000000004        10919.290254651403     
   3.2390000000000003        10919.412975632713     
   3.2400000000000002        10919.501067857518     
   3.2410000000000001        10919.552346094510     
   3.2420000000000004        10919.563896600985     
   3.2430000000000003        10919.534184759226     
   3.2440000000000002        10919.464892572612     
   3.2450000000000001        10919.359027826440     
   3.2460000000000004        10919.219620909735     
   3.2470000000000003        10919.051144546702     
   3.2480000000000002        10918.858192010801     
   3.2490000000000001        10918.645453878002     
   3.2500000000000004        10918.420095975271     
   3.2510000000000003        10918.190172551153     
   3.2520000000000002        10917.968683314135     
   3.2530000000000001        10917.765642748525     
   3.2540000000000004        10917.588622305271     
   3.2550000000000003        10917.451093267340     
   3.2560000000000002        10917.360721995896     
   3.2570000000000001        10917.321677861475     
   3.2580000000000005        10917.340250676203     
   3.2590000000000003        10917.418764858992     
   3.2600000000000002        10917.554251387408     
   3.2610000000000001        10917.740070271984     
   3.2620000000000005        10917.961248782631     
   3.2630000000000003        10918.205587077498     
   3.2640000000000002        10918.463094127153     
   3.2650000000000001        10918.717154195932     
   3.2660000000000005        10918.959264801164     
   3.2670000000000003        10919.181403415452     
   3.2680000000000002        10919.373893588601     
   3.2690000000000001        10919.532338775938     
   3.2700000000000005        10919.652946688380     
   3.2710000000000004        10919.732049146476     
   3.2720000000000002        10919.770268186629     
   3.2730000000000001        10919.765982039538     
   3.2740000000000005        10919.717846690777     
   3.2750000000000004        10919.627446633413     
   3.2760000000000002        10919.497963557107     
   3.2770000000000001        10919.330049576425     
   3.2780000000000005        10919.128552358232     
   3.2790000000000004        10918.900760746945     
   3.2800000000000002        10918.654384447374     
   3.2810000000000001        10918.399886001333     
   3.2820000000000005        10918.144696723428     
   3.2830000000000004        10917.897784397097     
   3.2840000000000003        10917.671262148018     
   3.2850000000000001        10917.474248065104     
   3.2860000000000005        10917.319005487314     
   3.2870000000000004        10917.216128613423     
   3.2880000000000003        10917.170936716833     
   3.2890000000000001        10917.183591535480     
   3.2900000000000005        10917.257267682815     
   3.2910000000000004        10917.388220451125     
   3.2920000000000003        10917.572471110383     
   3.2930000000000001        10917.810921754526     
   3.2940000000000005        10918.080364839845     
   3.2950000000000004        10918.364450118519     
   3.2960000000000003        10918.648877979074     
   3.2970000000000002        10918.927153682027     
   3.2980000000000005        10919.187211603796     
   3.2990000000000004        10919.416777785898     
   3.3000000000000003        10919.609156411330     
   3.3010000000000002        10919.761772398395     
   3.3020000000000005        10919.870384083448     
   3.3030000000000004        10919.933324177025     
   3.3040000000000003        10919.949184297730     
   3.3050000000000002        10919.917490144147     
   3.3060000000000000        10919.838645372400     
   3.3070000000000004        10919.714787350373     
   3.3080000000000003        10919.549084799906     
   3.3090000000000002        10919.348104253662     
   3.3100000000000001        10919.117471906964     
   3.3110000000000004        10918.864624838829     
   3.3120000000000003        10918.596074804449     
   3.3130000000000002        10918.319858313011     
   3.3140000000000001        10918.045475384344     
   3.3150000000000004        10917.785092494651     
   3.3160000000000003        10917.550323837431     
   3.3170000000000002        10917.352027725467     
   3.3180000000000001        10917.199618959623     
   3.3190000000000004        10917.097188647358     
   3.3200000000000003        10917.054075159205     
   3.3210000000000002        10917.075580288660     
   3.3220000000000001        10917.159397784671     
   3.3230000000000004        10917.297718711019     
   3.3240000000000003        10917.488162938678     
   3.3250000000000002        10917.718198923085     
   3.3260000000000001        10917.979882462956     
   3.3270000000000004        10918.260965967944     
   3.3280000000000003        10918.549740687591     
   3.3290000000000002        10918.828360515663     
   3.3300000000000001        10919.091980191115     
   3.3310000000000004        10919.327853570654     
   3.3320000000000003        10919.526206179822     
   3.3330000000000002        10919.683082761077     
   3.3340000000000001        10919.795804473806     
   3.3350000000000004        10919.863740823985     
   3.3360000000000003        10919.886062026400     
   3.3370000000000002        10919.863545288272     
   3.3380000000000001        10919.797102786484     
   3.3390000000000004        10919.688506394472     
   3.3400000000000003        10919.541380880142     
   3.3410000000000002        10919.359546012862     
   3.3420000000000001        10919.149081165504     
   3.3430000000000004        10918.915075581474     
   3.3440000000000003        10918.664767161250     
   3.3450000000000002        10918.407111068669     
   3.3460000000000001        10918.152089795511     
   3.3470000000000004        10917.909557100318     
   3.3480000000000003        10917.688330398278     
   3.3490000000000002        10917.497834014324     
   3.3500000000000001        10917.347333381922     
   3.3510000000000004        10917.242506185790     
   3.3520000000000003        10917.191365951756     
   3.3530000000000002        10917.201835408863     
   3.3540000000000001        10917.271317524703     
   3.3550000000000004        10917.386287158473     
   3.3560000000000003        10917.540632521703     
   3.3570000000000002        10917.734898381423     
   3.3580000000000001        10917.959367156453     
   3.3590000000000004        10918.199610900598     
   3.3600000000000003        10918.444929199890     
   3.3610000000000002        10918.684473607555     
   3.3620000000000001        10918.910845936934     
   3.3630000000000004        10919.118080626547     
   3.3640000000000003        10919.296942649240     
   3.3650000000000002        10919.443293430093     
   3.3660000000000001        10919.549308223426     
   3.3670000000000004        10919.612604174796     
   3.3680000000000003        10919.631134471923     
   3.3690000000000002        10919.604832612085     
   3.3700000000000001        10919.536587381806     
   3.3710000000000004        10919.428059880647     
   3.3720000000000003        10919.282966075825     
   3.3730000000000002        10919.106890495017     
   3.3740000000000001        10918.906340169031     
   3.3750000000000004        10918.688501539480     
   3.3760000000000003        10918.460862830892     
   3.3770000000000002        10918.230769038944     
   3.3780000000000001        10918.007899215361     
   3.3790000000000004        10917.797071952695     
   3.3800000000000003        10917.607442189061     
   3.3810000000000002        10917.446727784452     
   3.3820000000000001        10917.319601322733     
   3.3830000000000005        10917.236607861556     
   3.3840000000000003        10917.201748922966     
   3.3850000000000002        10917.215396918855     
   3.3860000000000001        10917.273942282394     
   3.3870000000000005        10917.371579997936     
   3.3880000000000003        10917.503389263095     
   3.3890000000000002        10917.665284397919     
   3.3900000000000001        10917.849795715698     
   3.3910000000000005        10918.052394712307     
   3.3920000000000003        10918.269413341621     
   3.3930000000000002        10918.488575998354     
   3.3940000000000001        10918.699055485675     
   3.3950000000000005        10918.893428905310     
   3.3960000000000004        10919.064269320364     
   3.3970000000000002        10919.203077128665     
   3.3980000000000001        10919.304067858689     
   3.3990000000000005        10919.363502297954     
   3.4000000000000004        10919.381384640763     
   3.4010000000000002        10919.359312620456     
   3.4020000000000001        10919.297999136208     
   3.4030000000000005        10919.198598823217     
   3.4040000000000004        10919.064808381365     
   3.4050000000000002        10918.901620554467     
   3.4060000000000001        10918.713043186817     
   3.4070000000000005        10918.507177290887     
   3.4080000000000004        10918.292087314925     
   3.4090000000000003        10918.075253550391     
   3.4100000000000001        10917.865263913820     
   3.4110000000000005        10917.667917954284     
   3.4120000000000004        10917.490306254687     
   3.4130000000000003        10917.341655303982     
   3.4140000000000001        10917.233862606110     
   3.4150000000000005        10917.171811126065     
   3.4160000000000004        10917.163059021541     
   3.4170000000000003        10917.207026091404     
   3.4180000000000001        10917.296668109972     
   3.4190000000000005        10917.417732071895     
   3.4200000000000004        10917.564733009312     
   3.4210000000000003        10917.737923255230     
   3.4220000000000002        10917.931918572400     
   3.4230000000000005        10918.135549822811     
   3.4240000000000004        10918.342393416257     
   3.4250000000000003        10918.537709243776     
   3.4260000000000002        10918.716184095425     
   3.4270000000000005        10918.872815638912     
   3.4280000000000004        10919.000020574467     
   3.4290000000000003        10919.092656620929     
   3.4300000000000002        10919.148062497539     
   3.4310000000000005        10919.163331226046     
   3.4320000000000004        10919.140265559712     
   3.4330000000000003        10919.078361842065     
   3.4340000000000002        10918.981225403661     
   3.4350000000000005        10918.852577972741     
   3.4360000000000004        10918.695541049139     
   3.4370000000000003        10918.515929222593     
   3.4380000000000002        10918.322361403611     
   3.4390000000000005        10918.120670448830     
   3.4400000000000004        10917.919169015022     
   3.4410000000000003        10917.725585111948     
   3.4420000000000002        10917.548074653940     
   3.4430000000000001        10917.391483872916     
   3.4440000000000004        10917.261802139297     
   3.4450000000000003        10917.166469543290     
   3.4460000000000002        10917.111897099734     
   3.4470000000000001        10917.101925303370     
   3.4480000000000004        10917.139262021645     
   3.4490000000000003        10917.220226897000     
   3.4500000000000002        10917.339779983724     
   3.4510000000000001        10917.489131569097     
   3.4520000000000004        10917.661228565885     
   3.4530000000000003        10917.844654854916     
   3.4540000000000002        10918.037434575754     
   3.4550000000000001        10918.225436970661     
   3.4560000000000004        10918.402163297327     
   3.4570000000000003        10918.561559783624     
   3.4580000000000002        10918.694148035647     
   3.4590000000000001        10918.796151580656     
   3.4600000000000004        10918.864883714465     
   3.4610000000000003        10918.896957837855     
   3.4620000000000002        10918.894173558201     
   3.4630000000000001        10918.857906766676     
   3.4640000000000004        10918.789360077903     
   3.4650000000000003        10918.689306772878     
   3.4660000000000002        10918.561874245588     
   3.4670000000000001        10918.409473819731     
   3.4680000000000004        10918.237774601457     
   3.4690000000000003        10918.054478050368     
   3.4700000000000002        10917.867419967672     
   3.4710000000000001        10917.682231342918     
   3.4720000000000004        10917.504236582248     
   3.4730000000000003        10917.339491620349     
   3.4740000000000002        10917.195730832618     
   3.4750000000000001        10917.080499644951     
   3.4760000000000004        10916.997765089372     
   3.4770000000000003        10916.958954954640     
   3.4780000000000002        10916.964280522943     
   3.4790000000000001        10917.009238123894     
   3.4800000000000004        10917.088820591585     
   3.4810000000000003        10917.206205812934     
   3.4820000000000002        10917.357402357300     
   3.4830000000000001        10917.534579400635     
   3.4840000000000004        10917.726531361544     
   3.4850000000000003        10917.923668676678     
   3.4860000000000002        10918.114747205651     
   3.4870000000000001        10918.296454787025     
   3.4880000000000004        10918.463908968301     
   3.4890000000000003        10918.609754880490     
   3.4900000000000002        10918.725549488858     
   3.4910000000000001        10918.807886718942     
   3.4920000000000004        10918.856895130646     
   3.4930000000000003        10918.873005992946     
   3.4940000000000002        10918.854513670605     
   3.4950000000000001        10918.802078261342     
   3.4960000000000004        10918.716746762113     
   3.4970000000000003        10918.600592195960     
   3.4980000000000002        10918.456661756622     
   3.4990000000000001        10918.290014491799     
   3.5000000000000004        10918.106399773149     
   3.0000000000000004        10911.300762616405     
   3.0010000000000003        10911.105122860818     
   3.0020000000000002        10910.903406311081     
   3.0030000000000001        10910.702139416208     
   3.0040000000000004        10910.510762163867     
   3.0050000000000003        10910.337172559624     
   3.0060000000000002        10910.188608080480     
   3.0070000000000001        10910.070928891068     
   3.0080000000000005        10909.994581418441     
   3.0090000000000003        10909.964622870060     
   3.0100000000000002        10909.985413528042     
   3.0110000000000001        10910.051336386116     
   3.0120000000000005        10910.160169216313     
   3.0130000000000003        10910.307882514950     
   3.0140000000000002        10910.487699746869     
   3.0150000000000001        10910.687719639183     
   3.0160000000000005        10910.898074637562     
   3.0170000000000003        10911.112431600757     
   3.0180000000000002        10911.322891466392     
   3.0190000000000001        10911.525598195300     
   3.0200000000000005        10911.706979740424     
   3.0210000000000004        10911.859173838402     
   3.0220000000000002        10911.977565164010     
   3.0230000000000001        10912.058657705866     
   3.0240000000000005        10912.102752260913     
   3.0250000000000004        10912.108905420608     
   3.0260000000000002        10912.076115941631     
   3.0270000000000001        10912.006093372187     
   3.0280000000000005        10911.900199390935     
   3.0290000000000004        10911.761473743560     
   3.0300000000000002        10911.593165839202     
   3.0310000000000001        10911.402127530810     
   3.0320000000000000        10911.193919185667     
   3.0330000000000004        10910.975982848706     
   3.0340000000000003        10910.755448248761     
   3.0350000000000001        10910.541387400581     
   3.0360000000000000        10910.342516436902     
   3.0370000000000004        10910.169902186528     
   3.0380000000000003        10910.030288796421     
   3.0390000000000001        10909.931210010274     
   3.0400000000000000        10909.879183836671     
   3.0410000000000004        10909.873377901575     
   3.0420000000000003        10909.918903424219     
   3.0430000000000001        10910.011643199312     
   3.0440000000000000        10910.151685463008     
   3.0450000000000004        10910.331580004036     
   3.0460000000000003        10910.542404052392     
   3.0470000000000002        10910.769990574086     
   3.0480000000000000        10911.005469777352     
   3.0490000000000004        10911.238582502814     
   3.0500000000000003        10911.457834313864     
   3.0510000000000002        10911.655117278617     
   3.0520000000000000        10911.826278615445     
   3.0530000000000004        10911.965284842108     
   3.0540000000000003        10912.066193291301     
   3.0550000000000002        10912.124466453079     
   3.0560000000000000        10912.139286256755     
   3.0570000000000004        10912.110627734168     
   3.0580000000000003        10912.038053573884     
   3.0590000000000002        10911.923360281678     
   3.0600000000000001        10911.769993001617     
   3.0610000000000004        10911.583006563593     
   3.0620000000000003        10911.366604546371     
   3.0630000000000002        10911.128141032686     
   3.0640000000000001        10910.877013170384     
   3.0650000000000004        10910.623421611741     
   3.0660000000000003        10910.374551096775     
   3.0670000000000002        10910.140530173036     
   3.0680000000000001        10909.930623329523     
   3.0690000000000004        10909.757941792586     
   3.0700000000000003        10909.631581416068     
   3.0710000000000002        10909.556514835296     
   3.0720000000000001        10909.539275957537     
   3.0730000000000004        10909.582653200721     
   3.0740000000000003        10909.685416929206     
   3.0750000000000002        10909.841264816596     
   3.0760000000000001        10910.042461353527     
   3.0770000000000004        10910.278135921371     
   3.0780000000000003        10910.536067147335     
   3.0790000000000002        10910.805384249190     
   3.0800000000000001        10911.076256377384     
   3.0810000000000004        10911.337316838977     
   3.0820000000000003        10911.578244276086     
   3.0830000000000002        10911.792873603468     
   3.0840000000000001        10911.971758974043     
   3.0850000000000004        10912.110137424477     
   3.0860000000000003        10912.204729318280     
   3.0870000000000002        10912.253771512656     
   3.0880000000000001        10912.254899816429     
   3.0890000000000004        10912.207900085265     
   3.0900000000000003        10912.117274262773     
   3.0910000000000002        10911.985692390954     
   3.0920000000000001        10911.815522515719     
   3.0930000000000004        10911.611471275606     
   3.0940000000000003        10911.380162989570     
   3.0950000000000002        10911.127261662792     
   3.0960000000000001        10910.860454609841     
   3.0970000000000004        10910.588411392557     
   3.0980000000000003        10910.320248826256     
   3.0990000000000002        10910.068164860148     
   3.1000000000000001        10909.844256745635     
   3.1010000000000004        10909.655987465932     
   3.1020000000000003        10909.513339774301     
   3.1030000000000002        10909.427247325009     
   3.1040000000000001        10909.402831108669     
   3.1050000000000004        10909.440570361858     
   3.1060000000000003        10909.539583755975     
   3.1070000000000002        10909.696164308707     
   3.1080000000000001        10909.903759709690     
   3.1090000000000004        10910.155346681709     
   3.1100000000000003        10910.433132359027     
   3.1110000000000002        10910.724229661837     
   3.1120000000000001        10911.011472499147     
   3.1130000000000004        10911.282546368893     
   3.1140000000000003        10911.530794414251     
   3.1150000000000002        10911.749483860533     
   3.1160000000000001        10911.930205790100     
   3.1170000000000004        10912.071217742350     
   3.1180000000000003        10912.167956792326     
   3.1190000000000002        10912.214563429596     
   3.1200000000000001        10912.211091908930     
   3.1210000000000004        10912.159453282187     
   3.1220000000000003        10912.060486664981     
   3.1230000000000002        10911.917659003042     
   3.1240000000000001        10911.735463109111     
   3.1250000000000004        10911.518163247927     
   3.1260000000000003        10911.272132304373     
   3.1270000000000002        10911.005062964874     
   3.1280000000000001        10910.725096178301     
   3.1290000000000004        10910.442273240622     
   3.1300000000000003        10910.167239112165     
   3.1310000000000002        10909.912792807792     
   3.1320000000000001        10909.687904258266     
   3.1330000000000005        10909.501176954485     
   3.1340000000000003        10909.358673560120     
   3.1350000000000002        10909.267955585085     
   3.1360000000000001        10909.241572774890     
   3.1370000000000005        10909.285777745517     
   3.1380000000000003        10909.395711830250     
   3.1390000000000002        10909.564608880062     
   3.1400000000000001        10909.780250196953     
   3.1410000000000005        10910.037260170810     
   3.1420000000000003        10910.325976096421     
   3.1430000000000002        10910.628430876104     
   3.1440000000000001        10910.929862318442     
   3.1450000000000005        10911.219845511670     
   3.1460000000000004        10911.486805419030     
   3.1470000000000002        10911.721397602463     
   3.1480000000000001        10911.919702547606     
   3.1490000000000005        10912.074151350591     
   3.1500000000000004        10912.181800142569     
   3.1510000000000002        10912.238846641168     
   3.1520000000000001        10912.244487920369     
   3.1530000000000005        10912.200308824853     
   3.1540000000000004        10912.108038589864     
   3.1550000000000002        10911.970705059850     
   3.1560000000000001        10911.792317102823     
   3.1570000000000005        10911.578719349905     
   3.1580000000000004        10911.335796162881     
   3.1590000000000003        10911.069083532850     
   3.1600000000000001        10910.786233298222     
   3.1610000000000005        10910.494945395310     
   3.1620000000000004        10910.206060028593     
   3.1630000000000003        10909.929563356774     
   3.1640000000000001        10909.676890761037     
   3.1650000000000005        10909.458409075785     
   3.1660000000000004        10909.282748324380     
   3.1670000000000003        10909.157677809368     
   3.1680000000000001        10909.090361542776     
   3.1690000000000000        10909.083622753733     
   3.1700000000000004        10909.143043670816     
   3.1710000000000003        10909.271720666711     
   3.1720000000000002        10909.460646608999     
   3.1730000000000000        10909.698985571145     
   3.1740000000000004        10909.975070793145     
   3.1750000000000003        10910.275792413104     
   3.1760000000000002        10910.590097392700     
   3.1770000000000000        10910.898622528635     
   3.1780000000000004        10911.186350118989     
   3.1790000000000003        10911.444440441965     
   3.1800000000000002        10911.668953698032     
   3.1810000000000000        10911.855129377731     
   3.1820000000000004        10911.999999205858     
   3.1830000000000003        10912.097335732788     
   3.1840000000000002        10912.145192582000     
   3.1850000000000001        10912.142599719842     
   3.1860000000000004        10912.089125191696     
   3.1870000000000003        10911.987567215963     
   3.1880000000000002        10911.841521916444     
   3.1890000000000001        10911.654201930623     
   3.1900000000000004        10911.432245796808     
   3.1910000000000003        10911.180069102595     
   3.1920000000000002        10910.905588222449     
   3.1930000000000001        10910.617769357288     
   3.1940000000000004        10910.323862620420     
   3.1950000000000003        10910.032952426956     
   3.1960000000000002        10909.758503316960     
   3.1970000000000001        10909.513300837789     
   3.1980000000000004        10909.307869057406     
   3.1990000000000003        10909.152116987989     
   3.2000000000000002        10909.053349072457     
   3.2010000000000001        10909.021791056732     
   3.2020000000000004        10909.061223244644     
   3.2030000000000003        10909.173223613701     
   3.2040000000000002        10909.348574210568     
   3.2050000000000001        10909.583291212281     
   3.2060000000000004        10909.859933266511     
   3.2070000000000003        10910.165229176077     
   3.2080000000000002        10910.484330122776     
   3.2090000000000001        10910.805786648989     
   3.2100000000000004        10911.112344887941     
   3.2110000000000003        10911.394616846521     
   3.2120000000000002        10911.638239806836     
   3.2130000000000001        10911.839416880292     
   3.2140000000000004        10911.991868247505     
   3.2150000000000003        10912.095489472624     
   3.2160000000000002        10912.150388035992     
   3.2170000000000001        10912.155998690752     
   3.2180000000000004        10912.113098779344     
   3.2190000000000003        10912.023264441978     
   3.2200000000000002        10911.890807930411     
   3.2210000000000001        10911.719893479862     
   3.2220000000000004        10911.515750628614     
   3.2230000000000003        10911.284537673288     
   3.2240000000000002        10911.032053296694     
   3.2250000000000001        10910.766092082675     
   3.2260000000000004        10910.495837758630     
   3.2270000000000003        10910.228887729971     
   3.2280000000000002        10909.971342139259     
   3.2290000000000001        10909.735567147831     
   3.2300000000000004        10909.531462887553     
   3.2310000000000003        10909.366947554443     
   3.2320000000000002        10909.248838236450     
   3.2330000000000001        10909.189815415606     
   3.2340000000000004        10909.194463344385     
   3.2350000000000003        10909.259208470139     
   3.2360000000000002        10909.381972079598     
   3.2370000000000001        10909.555585911496     
   3.2380000000000004        10909.767568076277     
   3.2390000000000003        10910.004047903505     
   3.2400000000000002        10910.256368577580     
   3.2410000000000001        10910.514698652531     
   3.2420000000000004        10910.767281487510     
   3.2430000000000003        10911.002460161897     
   3.2440000000000002        10911.212047701976     
   3.2450000000000001        10911.391037802974     
   3.2460000000000004        10911.535720279788     
   3.2470000000000003        10911.641007906699     
   3.2480000000000002        10911.704829162212     
   3.2490000000000001        10911.723940108388     
   3.2500000000000004        10911.698788383988     
   3.2510000000000003        10911.631108149502     
   3.2520000000000002        10911.524083197968     
   3.2530000000000001        10911.383052355655     
   3.2540000000000004        10911.209755990340     
   3.2550000000000003        10911.008652448008     
   3.2560000000000002        10910.786625245513     
   3.2570000000000001        10910.552340083590     
   3.2580000000000005        10910.313238628312     
   3.2590000000000003        10910.079446251973     
   3.2600000000000002        10909.860400383493     
   3.2610000000000001        10909.663582911695     
   3.2620000000000005        10909.498336762616     
   3.2630000000000003        10909.376199128996     
   3.2640000000000002        10909.298346443518     
   3.2650000000000001        10909.268819324872     
   3.2660000000000005        10909.291143361559     
   3.2670000000000003        10909.360787612330     
   3.2680000000000002        10909.475757370494     
   3.2690000000000001        10909.630971592211     
   3.2700000000000005        10909.810287590577     
   3.2710000000000004        10910.003947062241     
   3.2720000000000002        10910.207680510872     
   3.2730000000000001        10910.408759107875     
   3.2740000000000005        10910.603693333700     
   3.2750000000000004        10910.783267791032     
   3.2760000000000002        10910.941731299108     
   3.2770000000000001        10911.073152499286     
   3.2780000000000005        10911.174331946275     
   3.2790000000000004        10911.243601022292     
   3.2800000000000002        10911.277989770795     
   3.2810000000000001        10911.276073977078     
   3.2820000000000005        10911.239138602292     
   3.2830000000000004        10911.168444777164     
   3.2840000000000003        10911.065283976421     
   3.2850000000000001        10910.931562456066     
   3.2860000000000005        10910.771960385859     
   3.2870000000000004        10910.594908632858     
   3.2880000000000003        10910.406647543294     
   3.2890000000000001        10910.213081683776     
   3.2900000000000005        10910.022157821722     
   3.2910000000000004        10909.839594056350     
   3.2920000000000003        10909.671362328856     
   3.2930000000000001        10909.526428499250     
   3.2940000000000005        10909.418328232234     
   3.2950000000000004        10909.351724894515     
   3.2960000000000003        10909.325729532327     
   3.2970000000000002        10909.341648038879     
   3.2980000000000005        10909.392615081510     
   3.2990000000000004        10909.479337522214     
   3.3000000000000003        10909.598560884215     
   3.3010000000000002        10909.746987752178     
   3.3020000000000005        10909.914479216659     
   3.3030000000000004        10910.090948028657     
   3.3040000000000003        10910.270071551289     
   3.3050000000000002        10910.444400380615     
   3.3060000000000000        10910.608275232493     
   3.3070000000000004        10910.753594551677     
   3.3080000000000003        10910.872515144953     
   3.3090000000000002        10910.963839401549     
   3.3100000000000001        10911.025240096387     
   3.3110000000000004        10911.052849798818     
   3.3120000000000003        10911.047647546055     
   3.3130000000000002        10911.011113723120     
   3.3140000000000001        10910.944527129643     
   3.3150000000000004        10910.847934380205     
   3.3160000000000003        10910.725826126420     
   3.3170000000000002        10910.582907070719     
   3.3180000000000001        10910.424753156170     
   3.3190000000000004        10910.256986245995     
   3.3200000000000003        10910.086235317969     
   3.3210000000000002        10909.917549573305     
   3.3220000000000001        10909.762259243331     
   3.3230000000000004        10909.628840996378     
   3.3240000000000003        10909.521969799298     
   3.3250000000000002        10909.444770036824     
   3.3260000000000001        10909.399969026868     
   3.3270000000000004        10909.389486730979     
   3.3280000000000003        10909.413818550256     
   3.3290000000000002        10909.473141768238     
   3.3300000000000001        10909.557480269377     
   3.3310000000000004        10909.661115865587     
   3.3320000000000003        10909.782570197214     
   3.3330000000000002        10909.919131609582     
   3.3340000000000001        10910.066015284485     
   3.3350000000000004        10910.213839014836     
   3.3360000000000003        10910.353456113740     
   3.3370000000000002        10910.481612024627     
   3.3380000000000001        10910.593017536141     
   3.3390000000000004        10910.683342925371     
   3.3400000000000003        10910.750042376567     
   3.3410000000000002        10910.795042498947     
   3.3420000000000001        10910.814189026971     
   3.3430000000000004        10910.803182369897     
   3.3440000000000003        10910.762026364713     
   3.3450000000000002        10910.693530659511     
   3.3460000000000001        10910.601671538241     
   3.3470000000000004        10910.488527698393     
   3.3480000000000003        10910.358040337514     
   3.3490000000000002        10910.213829766546     
   3.3500000000000001        10910.062639237944     
   3.3510000000000004        10909.908601324849     
   3.3520000000000003        10909.753594673683     
   3.3530000000000002        10909.606732041204     
   3.3540000000000001        10909.477985001391     
   3.3550000000000004        10909.372157385462     
   3.3560000000000003        10909.290815097493     
   3.3570000000000002        10909.239262798825     
   3.3580000000000001        10909.216929112501     
   3.3590000000000004        10909.227059563491     
   3.3600000000000003        10909.266474044900     
   3.3610000000000002        10909.339922186682     
   3.3620000000000001        10909.440823731122     
   3.3630000000000004        10909.571046165436     
   3.3640000000000003        10909.723050957498     
   3.3650000000000002        10909.891803518052     
   3.3660000000000001        10910.068323294836     
   3.3670000000000004        10910.244150184517     
   3.3680000000000003        10910.408843252990     
   3.3690000000000002        10910.555585196633     
   3.3700000000000001        10910.679941391221     
   3.3710000000000004        10910.779298130548     
   3.3720000000000003        10910.851853456965     
   3.3730000000000002        10910.897313739784     
   3.3740000000000001        10910.913524805459     
   3.3750000000000004        10910.898471568225     
   3.3760000000000003        10910.853195204832     
   3.3770000000000002        10910.777047939961     
   3.3780000000000001        10910.671743268404     
   3.3790000000000004        10910.541534645403     
   3.3800000000000003        10910.392034531465     
   3.3810000000000002        10910.227080023375     
   3.3820000000000001        10910.051337082687     
   3.3830000000000005        10909.870672311443     
   3.3840000000000003        10909.691190233676     
   3.3850000000000002        10909.520672374179     
   3.3860000000000001        10909.368598195786     
   3.3870000000000005        10909.241656590792     
   3.3880000000000003        10909.144658661577     
   3.3890000000000002        10909.084524951562     
   3.3900000000000001        10909.062317745491     
   3.3910000000000005        10909.082245441850     
   3.3920000000000003        10909.139657369560     
   3.3930000000000002        10909.228886782661     
   3.3940000000000001        10909.347867572502     
   3.3950000000000005        10909.497179376605     
   3.3960000000000004        10909.672650585571     
   3.3970000000000002        10909.858537583748     
   3.3980000000000001        10910.043652885915     
   3.3990000000000005        10910.223503637515     
   3.4000000000000004        10910.388974753056     
   3.4010000000000002        10910.533891006220     
   3.4020000000000001        10910.656678330861     
   3.4030000000000005        10910.754013402153     
   3.4040000000000004        10910.824105410415     
   3.4050000000000002        10910.860636672804     
   3.4060000000000001        10910.860109173407     
   3.4070000000000005        10910.823336371925     
   3.4080000000000004        10910.750519793268     
   3.4090000000000003        10910.644728926231     
   3.4100000000000001        10910.509734317407     
   3.4110000000000005        10910.348369887231     
   3.4120000000000004        10910.165497773745     
   3.4130000000000003        10909.968047156231     
   3.4140000000000001        10909.763329458512     
   3.4150000000000005        10909.558886941573     
   3.4160000000000004        10909.362531159140     
   3.4170000000000003        10909.184415137135     
   3.4180000000000001        10909.033171775245     
   3.4190000000000005        10908.915166598676     
   3.4200000000000004        10908.834544039219     
   3.4210000000000003        10908.801543858513     
   3.4220000000000002        10908.817459112941     
   3.4230000000000005        10908.876885617676     
   3.4240000000000004        10908.983086246391     
   3.4250000000000003        10909.130544174319     
   3.4260000000000002        10909.313961740330     
   3.4270000000000005        10909.521965002075     
   3.4280000000000004        10909.743452165805     
   3.4290000000000003        10909.968231550003     
   3.4300000000000002        10910.182556983984     
   3.4310000000000005        10910.381676858988     
   3.4320000000000004        10910.563793803363     
   3.4330000000000003        10910.720432250706     
   3.4340000000000002        10910.844987941478     
   3.4350000000000005        10910.931901133350     
   3.4360000000000004        10910.980617608493     
   3.4370000000000003        10910.989429964713     
   3.4380000000000002        10910.957364569260     
   3.4390000000000005        10910.882000470832     
   3.4400000000000004        10910.765696383663     
   3.4410000000000003        10910.614233773575     
   3.4420000000000002        10910.431688921046     
   3.4430000000000001        10910.223322567896     
   3.4440000000000004        10909.995002797126     
   3.4450000000000003        10909.754157490826     
   3.4460000000000002        10909.509369490517     
   3.4470000000000001        10909.271904356079     
   3.4480000000000004        10909.049536272696     
   3.4490000000000003        10908.849861807634     
   3.4500000000000002        10908.685768072286     
   3.4510000000000001        10908.566717639456     
   3.4520000000000004        10908.502808575611     
   3.4530000000000003        10908.496785552616     
   3.4540000000000002        10908.551123634012     
   3.4550000000000001        10908.662584826448     
   3.4560000000000004        10908.822355021748     
   3.4570000000000003        10909.023360935653     
   3.4580000000000002        10909.258303245992     
   3.4590000000000001        10909.518650804870     
   3.4600000000000004        10909.794885984764     
   3.4610000000000003        10910.070682179306     
   3.4620000000000002        10910.337935213120     
   3.4630000000000001        10910.584449036502     
   3.4640000000000004        10910.800202463441     
   3.4650000000000003        10910.977768950026     
   3.4660000000000002        10911.115116759898     
   3.4670000000000001        10911.207500231885     
   3.4680000000000004        10911.252542309234     
   3.4690000000000003        10911.250078468056     
   3.4700000000000002        10911.200248011617     
   3.4710000000000001        10911.104056957061     
   3.4720000000000004        10910.964921101391     
   3.4730000000000003        10910.786269707551     
   3.4740000000000002        10910.573622714332     
   3.4750000000000001        10910.333183167459     
   3.4760000000000004        10910.070824631668     
   3.4770000000000003        10909.794271597049     
   3.4780000000000002        10909.512430041696     
   3.4790000000000001        10909.233820873780     
   3.4800000000000004        10908.969971208795     
   3.4810000000000003        10908.732628329910     
   3.4820000000000002        10908.533734646091     
   3.4830000000000001        10908.386048889910     
   3.4840000000000004        10908.291687104453     
   3.4850000000000003        10908.258727450970     
   3.4860000000000002        10908.292811633508     
   3.4870000000000001        10908.393696773799     
   3.4880000000000004        10908.559285529105     
   3.4890000000000003        10908.779159457099     
   3.4900000000000002        10909.043703941688     
   3.4910000000000001        10909.337404088890     
   3.4920000000000004        10909.647852344382     
   3.4930000000000003        10909.960832546760     
   3.4940000000000002        10910.259550627998     
   3.4950000000000001        10910.539124423953     
   3.4960000000000004        10910.784068127083     
   3.4970000000000003        10910.988529377402     
   3.4980000000000002        10911.150439901081     
   3.4990000000000001        10911.266963217629     
   3.5000000000000004        10911.334107042083     
