   3.0000000000000004        10921.433144759247     
   3.0010000000000003        10921.741681786820     
   3.0020000000000002        10922.252306592078     
   3.0030000000000001        10922.880279662846     
   3.0040000000000004        10923.171548579503     
   3.0050000000000003        10923.511080745953     
   3.0060000000000002        10923.515900097160     
   3.0070000000000001        10923.360927604410     
   3.0080000000000005        10923.242783120244     
   3.0090000000000003        10923.079837050005     
   3.0100000000000002        10922.828962507772     
   3.0110000000000001        10922.659177777590     
   3.0120000000000005        10922.468370183229     
   3.0130000000000003        10922.338326888221     
   3.0140000000000002        10922.202544630916     
   3.0150000000000001        10922.103671467694     
   3.0160000000000005        10922.023162078372     
   3.0170000000000003        10921.970007871587     
   3.0180000000000002        10921.910210652273     
   3.0190000000000001        10921.854315438659     
   3.0200000000000005        10921.809089476415     
   3.0210000000000004        10921.739082441223     
   3.0220000000000002        10921.676993083516     
   3.0230000000000001        10921.606989358581     
   3.0240000000000005        10921.539709838649     
   3.0250000000000004        10921.451323222080     
   3.0260000000000002        10921.373963251075     
   3.0270000000000001        10921.322578043893     
   3.0280000000000005        10921.185175029748     
   3.0290000000000004        10921.123799058796     
   3.0300000000000002        10920.975458719420     
   3.0310000000000001        10920.973624792341     
   3.0320000000000000        10920.963770067901     
   3.0330000000000004        10921.019404321323     
   3.0340000000000003        10921.098423725474     
   3.0350000000000001        10921.354849614250     
   3.0360000000000000        10921.733434451668     
   3.0370000000000004        10921.907996827986     
   3.0380000000000003        10922.261665040556     
   3.0390000000000001        10922.224357648844     
   3.0400000000000000        10922.291343908953     
   3.0410000000000004        10922.223059898388     
   3.0420000000000003        10922.155423796074     
   3.0430000000000001        10922.035409874474     
   3.0440000000000000        10922.185206660650     
   3.0450000000000004        10921.995341003083     
   3.0460000000000003        10921.814993533757     
   3.0470000000000002        10921.659678914353     
   3.0480000000000000        10921.479614193682     
   3.0490000000000004        10921.347524172354     
   3.0500000000000003        10921.222641328895     
   3.0510000000000002        10921.158568320658     
   3.0520000000000000        10921.084903181269     
   3.0530000000000004        10921.041791818016     
   3.0540000000000003        10920.977072386064     
   3.0550000000000002        10920.924518800617     
   3.0560000000000000        10920.859155695272     
   3.0570000000000004        10920.810650506912     
   3.0580000000000003        10920.730748038792     
   3.0590000000000002        10920.674109586009     
   3.0600000000000001        10920.569740761735     
   3.0610000000000004        10920.505186786777     
   3.0620000000000003        10920.371470201708     
   3.0630000000000002        10920.312247887185     
   3.0640000000000001        10920.344094041753     
   3.0650000000000004        10920.364373699364     
   3.0660000000000003        10920.378586553248     
   3.0670000000000002        10920.373605324161     
   3.0680000000000001        10920.503290975084     
   3.0690000000000004        10920.715680524301     
   3.0700000000000003        10920.718256330714     
   3.0710000000000002        10920.933782991749     
   3.0720000000000001        10921.016588220167     
   3.0730000000000004        10921.167105859013     
   3.0740000000000003        10921.463837256810     
   3.0750000000000002        10921.604924722675     
   3.0760000000000001        10921.422448367932     
   3.0770000000000004        10921.352322430792     
   3.0780000000000003        10921.207364525226     
   3.0790000000000002        10921.096597237478     
   3.0800000000000001        10920.989525559149     
   3.0810000000000004        10920.881871104071     
   3.0820000000000003        10920.780912678252     
   3.0830000000000002        10920.700947095274     
   3.0840000000000001        10920.640607238007     
   3.0850000000000004        10920.604341114782     
   3.0860000000000003        10920.563145752429     
   3.0870000000000002        10920.509723694891     
   3.0880000000000001        10920.463680323133     
   3.0890000000000004        10920.406959418693     
   3.0900000000000003        10920.382079279527     
   3.0910000000000002        10920.346262800531     
   3.0920000000000001        10920.340219769414     
   3.0930000000000004        10920.253906626358     
   3.0940000000000003        10920.265865530891     
   3.0950000000000002        10920.180024111405     
   3.0960000000000001        10920.204661054686     
   3.0970000000000004        10920.185408069812     
   3.0980000000000003        10920.217998030890     
   3.0990000000000002        10920.251287947587     
   3.1000000000000001        10920.258464606251     
   3.1010000000000004        10920.294257995896     
   3.1020000000000003        10920.422180250822     
   3.1030000000000002        10920.448587845265     
   3.1040000000000001        10920.877982394617     
   3.1050000000000004        10920.956753073815     
   3.1060000000000003        10920.982039792247     
   3.1070000000000002        10921.048948257014     
   3.1080000000000001        10920.931412796926     
   3.1090000000000004        10921.006113233432     
   3.1100000000000003        10920.920677975288     
   3.1110000000000002        10920.821492745315     
   3.1120000000000001        10920.657454916309     
   3.1130000000000004        10920.620039798841     
   3.1140000000000003        10920.519872873547     
   3.1150000000000002        10920.430422684489     
   3.1160000000000001        10920.350103524743     
   3.1170000000000004        10920.312715983880     
   3.1180000000000003        10920.279063861619     
   3.1190000000000002        10920.251977259531     
   3.1200000000000001        10920.206874145912     
   3.1210000000000004        10920.197909427503     
   3.1220000000000003        10920.198413799419     
   3.1230000000000002        10920.145702098420     
   3.1240000000000001        10920.148483394307     
   3.1250000000000004        10920.077125038870     
   3.1260000000000003        10920.078415145583     
   3.1270000000000002        10920.107642491297     
   3.1280000000000001        10919.952232171596     
   3.1290000000000004        10919.937462346996     
   3.1300000000000003        10919.986249048039     
   3.1310000000000002        10920.060070623891     
   3.1320000000000001        10920.116612303846     
   3.1330000000000005        10920.207800590120     
   3.1340000000000003        10920.177151128468     
   3.1350000000000002        10920.258020781268     
   3.1360000000000001        10920.285885894091     
   3.1370000000000005        10920.266690015163     
   3.1380000000000003        10920.393522992337     
   3.1390000000000002        10920.437549180906     
   3.1400000000000001        10920.520232880501     
   3.1410000000000005        10920.579658499915     
   3.1420000000000003        10920.549163498665     
   3.1430000000000002        10920.415934621005     
   3.1440000000000001        10920.373461220801     
   3.1450000000000005        10920.308298798269     
   3.1460000000000004        10920.262596637258     
   3.1470000000000002        10920.164795327135     
   3.1480000000000001        10920.121916992639     
   3.1490000000000005        10920.056522889199     
   3.1500000000000004        10920.039066414694     
   3.1510000000000002        10919.969898033782     
   3.1520000000000001        10919.919303369419     
   3.1530000000000005        10919.906935686588     
   3.1540000000000004        10919.892913251564     
   3.1550000000000002        10919.861505029754     
   3.1560000000000001        10919.791587851108     
   3.1570000000000005        10919.785854086895     
   3.1580000000000004        10919.718714767379     
   3.1590000000000003        10919.689972776459     
   3.1600000000000001        10919.675787403008     
   3.1610000000000005        10919.743096120083     
   3.1620000000000004        10919.706536366348     
   3.1630000000000003        10919.682649441145     
   3.1640000000000001        10919.694408239728     
   3.1650000000000005        10919.737795741343     
   3.1660000000000004        10919.855649058893     
   3.1670000000000003        10919.822448976145     
   3.1680000000000001        10919.936373187807     
   3.1690000000000000        10920.078477088486     
   3.1700000000000004        10920.140659376779     
   3.1710000000000003        10920.166180942018     
   3.1720000000000002        10920.192953015739     
   3.1730000000000000        10920.264110751245     
   3.1740000000000004        10920.171260438692     
   3.1750000000000003        10920.114526803283     
   3.1760000000000002        10920.049654238135     
   3.1770000000000000        10919.985362122496     
   3.1780000000000004        10919.858471298683     
   3.1790000000000003        10919.844123435063     
   3.1800000000000002        10919.777441231883     
   3.1810000000000000        10919.711021743804     
   3.1820000000000004        10919.663080737762     
   3.1830000000000003        10919.607568855035     
   3.1840000000000002        10919.571513102605     
   3.1850000000000001        10919.512968268999     
   3.1860000000000004        10919.474623007096     
   3.1870000000000003        10919.417337729737     
   3.1880000000000002        10919.360980632036     
   3.1890000000000001        10919.347128813131     
   3.1900000000000004        10919.300167198662     
   3.1910000000000003        10919.322740184449     
   3.1920000000000002        10919.333127317715     
   3.1930000000000001        10919.277175724212     
   3.1940000000000004        10919.434264772084     
   3.1950000000000003        10919.524496600965     
   3.1960000000000002        10919.526354787969     
   3.1970000000000001        10919.681545406531     
   3.1980000000000004        10919.924752531171     
   3.1990000000000003        10920.068253012752     
   3.2000000000000002        10920.283363581491     
   3.2010000000000001        10920.287563205264     
   3.2020000000000004        10920.375045684255     
   3.2030000000000003        10920.349742637836     
   3.2040000000000002        10920.354256278499     
   3.2050000000000001        10920.282352628426     
   3.2060000000000004        10920.236305194931     
   3.2070000000000003        10920.185315875520     
   3.2080000000000002        10920.040983427874     
   3.2090000000000001        10919.960599850625     
   3.2100000000000004        10919.898022166235     
   3.2110000000000003        10919.841135666291     
   3.2120000000000002        10919.792149001167     
   3.2130000000000001        10919.749204926062     
   3.2140000000000004        10919.683997504171     
   3.2150000000000003        10919.628445753702     
   3.2160000000000002        10919.593174103158     
   3.2170000000000001        10919.533591447052     
   3.2180000000000004        10919.445265015982     
   3.2190000000000003        10919.397847671145     
   3.2200000000000002        10919.335824268937     
   3.2210000000000001        10919.291195620815     
   3.2220000000000004        10919.260166801614     
   3.2230000000000003        10919.378386017299     
   3.2240000000000002        10919.437284460228     
   3.2250000000000001        10919.702343875198     
   3.2260000000000004        10919.759925269089     
   3.2270000000000003        10919.922256487107     
   3.2280000000000002        10920.201438600128     
   3.2290000000000001        10920.452293526783     
   3.2300000000000004        10920.441979098032     
   3.2310000000000003        10920.536600563833     
   3.2320000000000002        10920.584276377935     
   3.2330000000000001        10920.481592933620     
   3.2340000000000004        10920.425632302195     
   3.2350000000000003        10920.413321078395     
   3.2360000000000002        10920.312363172547     
   3.2370000000000001        10920.180725194361     
   3.2380000000000004        10920.092464383888     
   3.2390000000000003        10920.028692905167     
   3.2400000000000002        10919.989816079866     
   3.2410000000000001        10919.904927267420     
   3.2420000000000004        10919.865078159446     
   3.2430000000000003        10919.796151432152     
   3.2440000000000002        10919.752763484359     
   3.2450000000000001        10919.702793762272     
   3.2460000000000004        10919.659839712775     
   3.2470000000000003        10919.591834118879     
   3.2480000000000002        10919.508467277179     
   3.2490000000000001        10919.455346980340     
   3.2500000000000004        10919.380456342338     
   3.2510000000000003        10919.324542448181     
   3.2520000000000002        10919.305057083588     
   3.2530000000000001        10919.241157133010     
   3.2540000000000004        10919.377118600523     
   3.2550000000000003        10919.506931571415     
   3.2560000000000002        10919.684632913742     
   3.2570000000000001        10920.125152127284     
   3.2580000000000005        10920.431675286864     
   3.2590000000000003        10920.809925522375     
   3.2600000000000002        10920.810127834964     
   3.2610000000000001        10921.008224250245     
   3.2620000000000005        10920.999346473283     
   3.2630000000000003        10920.827935419495     
   3.2640000000000002        10920.789333523933     
   3.2650000000000001        10920.747865437501     
   3.2660000000000005        10920.629740781182     
   3.2670000000000003        10920.447216453409     
   3.2680000000000002        10920.371552269607     
   3.2690000000000001        10920.271043223325     
   3.2700000000000005        10920.194168903025     
   3.2710000000000004        10920.121700074209     
   3.2720000000000002        10920.084191781974     
   3.2730000000000001        10920.035248113873     
   3.2740000000000005        10919.990992756759     
   3.2750000000000004        10919.937996086692     
   3.2760000000000002        10919.891596624628     
   3.2770000000000001        10919.835123293480     
   3.2780000000000005        10919.770054287059     
   3.2790000000000004        10919.693884076491     
   3.2800000000000002        10919.623785484355     
   3.2810000000000001        10919.518927866064     
   3.2820000000000005        10919.431825111791     
   3.2830000000000004        10919.380565009320     
   3.2840000000000003        10919.363322145065     
   3.2850000000000001        10919.331857145349     
   3.2860000000000005        10919.513232708130     
   3.2870000000000004        10919.688062511241     
   3.2880000000000003        10920.083547387119     
   3.2890000000000001        10920.265947235361     
   3.2900000000000005        10920.551065329657     
   3.2910000000000004        10921.014627804010     
   3.2920000000000003        10921.214308529996     
   3.2930000000000001        10921.188144841322     
   3.2940000000000005        10921.375097282391     
   3.2950000000000004        10921.210743407890     
   3.2960000000000003        10921.111181453176     
   3.2970000000000002        10920.899415562695     
   3.2980000000000005        10920.680198198388     
   3.2990000000000004        10920.538710220606     
   3.3000000000000003        10920.435765604496     
   3.3010000000000002        10920.357189124448     
   3.3020000000000005        10920.286462468575     
   3.3030000000000004        10920.238687408457     
   3.3040000000000003        10920.202889237673     
   3.3050000000000002        10920.165584596045     
   3.3060000000000000        10920.123865775344     
   3.3070000000000004        10920.089537512207     
   3.3080000000000003        10920.031266257056     
   3.3090000000000002        10919.965146535929     
   3.3100000000000001        10919.895425015140     
   3.3110000000000004        10919.801877269443     
   3.3120000000000003        10919.703444961715     
   3.3130000000000002        10919.580510578457     
   3.3140000000000001        10919.501935810398     
   3.3150000000000004        10919.412417452648     
   3.3160000000000003        10919.327631004075     
   3.3170000000000002        10919.345421195925     
   3.3180000000000001        10919.571754559571     
   3.3190000000000004        10919.741982893196     
   3.3200000000000003        10920.075154715156     
   3.3210000000000002        10920.388438188491     
   3.3220000000000001        10920.687912856338     
   3.3230000000000004        10920.880095242699     
   3.3240000000000003        10921.089006216987     
   3.3250000000000002        10921.179008685649     
   3.3260000000000001        10921.348272909065     
   3.3270000000000004        10921.376870559761     
   3.3280000000000003        10921.227901025295     
   3.3290000000000002        10920.911973599001     
   3.3300000000000001        10920.688051542347     
   3.3310000000000004        10920.517565525901     
   3.3320000000000003        10920.420243668297     
   3.3330000000000002        10920.349179282557     
   3.3340000000000001        10920.260903497805     
   3.3350000000000004        10920.200712090358     
   3.3360000000000003        10920.148525422903     
   3.3370000000000002        10920.115733229301     
   3.3380000000000001        10920.074622194603     
   3.3390000000000004        10920.030101290031     
   3.3400000000000003        10920.007821839023     
   3.3410000000000002        10919.943329865528     
   3.3420000000000001        10919.878612713028     
   3.3430000000000004        10919.818094529488     
   3.3440000000000003        10919.722199963351     
   3.3450000000000002        10919.650517785232     
   3.3460000000000001        10919.597088000795     
   3.3470000000000004        10919.605146343543     
   3.3480000000000003        10919.616960369654     
   3.3490000000000002        10919.652014514251     
   3.3500000000000001        10919.787638106063     
   3.3510000000000004        10920.011748480738     
   3.3520000000000003        10920.228619524760     
   3.3530000000000002        10920.322910384775     
   3.3540000000000001        10920.486451248336     
   3.3550000000000004        10920.766121020113     
   3.3560000000000003        10920.772771383139     
   3.3570000000000002        10921.038736361452     
   3.3580000000000001        10921.039559480532     
   3.3590000000000004        10920.829102948461     
   3.3600000000000003        10920.740527960379     
   3.3610000000000002        10920.689853633101     
   3.3620000000000001        10920.521792835460     
   3.3630000000000004        10920.435344186548     
   3.3640000000000003        10920.284582831280     
   3.3650000000000002        10920.172956897115     
   3.3660000000000001        10920.099350454242     
   3.3670000000000004        10920.028061175462     
   3.3680000000000003        10919.981045555571     
   3.3690000000000002        10919.918914198213     
   3.3700000000000001        10919.872681135505     
   3.3710000000000004        10919.804778179896     
   3.3720000000000003        10919.751701537987     
   3.3730000000000002        10919.684562603596     
   3.3740000000000001        10919.641423289069     
   3.3750000000000004        10919.578005071877     
   3.3760000000000003        10919.523731261545     
   3.3770000000000002        10919.389542494218     
   3.3780000000000001        10919.356268670925     
   3.3790000000000004        10919.396817143745     
   3.3800000000000003        10919.410059929191     
   3.3810000000000002        10919.397752887038     
   3.3820000000000001        10919.532169859454     
   3.3830000000000005        10919.586038090561     
   3.3840000000000003        10919.826704110343     
   3.3850000000000002        10919.879629013314     
   3.3860000000000001        10920.024104340962     
   3.3870000000000005        10920.236101771950     
   3.3880000000000003        10920.170603917788     
   3.3890000000000002        10920.422043387791     
   3.3900000000000001        10920.662897894792     
   3.3910000000000005        10920.574092255329     
   3.3920000000000003        10920.521979953583     
   3.3930000000000002        10920.413942322219     
   3.3940000000000001        10920.365903928885     
   3.3950000000000005        10920.182098362931     
   3.3960000000000004        10920.057128014301     
   3.3970000000000002        10919.973323901369     
   3.3980000000000001        10919.881688484338     
   3.3990000000000005        10919.808830010661     
   3.4000000000000004        10919.745284991712     
   3.4010000000000002        10919.690044002968     
   3.4020000000000001        10919.658939354220     
   3.4030000000000005        10919.591767657052     
   3.4040000000000004        10919.545452010459     
   3.4050000000000002        10919.485689353027     
   3.4060000000000001        10919.448884257408     
   3.4070000000000005        10919.422030279078     
   3.4080000000000004        10919.301478484524     
   3.4090000000000003        10919.331409302347     
   3.4100000000000001        10919.229329378435     
   3.4110000000000005        10919.231291241604     
   3.4120000000000004        10919.205945090864     
   3.4130000000000003        10919.330166592606     
   3.4140000000000001        10919.440981617699     
   3.4150000000000005        10919.724069347594     
   3.4160000000000004        10919.868064754095     
   3.4170000000000003        10919.930604606889     
   3.4180000000000001        10920.093178862890     
   3.4190000000000005        10920.285316897964     
   3.4200000000000004        10920.268824917066     
   3.4210000000000003        10920.316573410475     
   3.4220000000000002        10920.394812346749     
   3.4230000000000005        10920.419346115328     
   3.4240000000000004        10920.225174551431     
   3.4250000000000003        10920.146194581297     
   3.4260000000000002        10920.044105437297     
   3.4270000000000005        10919.902762272366     
   3.4280000000000004        10919.790979225312     
   3.4290000000000003        10919.701399744932     
   3.4300000000000002        10919.626069194606     
   3.4310000000000005        10919.559656321471     
   3.4320000000000004        10919.517384125335     
   3.4330000000000003        10919.454660183968     
   3.4340000000000002        10919.409832747424     
   3.4350000000000005        10919.356034865023     
   3.4360000000000004        10919.294194682485     
   3.4370000000000003        10919.237561122030     
   3.4380000000000002        10919.199498757162     
   3.4390000000000005        10919.150269681846     
   3.4400000000000004        10919.095012970867     
   3.4410000000000003        10919.120085645467     
   3.4420000000000002        10919.141053605128     
   3.4430000000000001        10919.198639598060     
   3.4440000000000004        10919.210818320049     
   3.4450000000000003        10919.271180311785     
   3.4460000000000002        10919.384813174716     
   3.4470000000000001        10919.618706617404     
   3.4480000000000004        10919.835482470307     
   3.4490000000000003        10919.889978993917     
   3.4500000000000002        10920.009490233175     
   3.4510000000000001        10920.077467570998     
   3.4520000000000004        10920.186494480327     
   3.4530000000000003        10920.053090306277     
   3.4540000000000002        10919.911605624640     
   3.4550000000000001        10919.882703760302     
   3.4560000000000004        10919.757761718682     
   3.4570000000000003        10919.623459989922     
   3.4580000000000002        10919.538642652082     
   3.4590000000000001        10919.448526839569     
   3.4600000000000004        10919.403896098263     
   3.4610000000000003        10919.334869782640     
   3.4620000000000002        10919.301305163544     
   3.4630000000000001        10919.235469478370     
   3.4640000000000004        10919.201765382501     
   3.4650000000000003        10919.149530815772     
   3.4660000000000002        10919.108410550811     
   3.4670000000000001        10919.043339323724     
   3.4680000000000004        10918.989140925727     
   3.4690000000000003        10918.940106442753     
   3.4700000000000002        10918.901830125173     
   3.4710000000000001        10918.839352171097     
   3.4720000000000004        10918.797650988394     
   3.4730000000000003        10918.748666214544     
   3.4740000000000002        10918.825594269905     
   3.4750000000000001        10918.948471363581     
   3.4760000000000004        10919.093312823064     
   3.4770000000000003        10919.254073048503     
   3.4780000000000002        10919.340794864220     
   3.4790000000000001        10919.520727519137     
   3.4800000000000004        10919.819505370182     
   3.4810000000000003        10920.011270443018     
   3.4820000000000002        10920.097468029884     
   3.4830000000000001        10920.022802285908     
   3.4840000000000004        10919.921664454116     
   3.4850000000000003        10919.933049382735     
   3.4860000000000002        10919.772060215360     
   3.4870000000000001        10919.695035719858     
   3.4880000000000004        10919.571478782609     
   3.4890000000000003        10919.517418024736     
   3.4900000000000002        10919.411127931571     
   3.4910000000000001        10919.357984727018     
   3.4920000000000004        10919.341951376973     
   3.4930000000000003        10919.286404253582     
   3.4940000000000002        10919.248111929872     
   3.4950000000000001        10919.197545854784     
   3.4960000000000004        10919.167316635414     
   3.4970000000000003        10919.110612298404     
   3.4980000000000002        10919.049058050989     
   3.4990000000000001        10919.001549738161     
   3.5000000000000004        10918.920823738817     
   3.0000000000000004        10912.128270717725     
   3.0010000000000003        10912.054177482049     
   3.0020000000000002        10912.000473445556     
   3.0030000000000001        10911.960517786547     
   3.0040000000000004        10911.903806096860     
   3.0050000000000003        10911.850656931181     
   3.0060000000000002        10911.903998075391     
   3.0070000000000001        10912.020594198446     
   3.0080000000000005        10912.171923271660     
   3.0090000000000003        10912.459210401476     
   3.0100000000000002        10912.735326810147     
   3.0110000000000001        10913.017532818529     
   3.0120000000000005        10913.389969188936     
   3.0130000000000003        10913.248203117992     
   3.0140000000000002        10913.360472679675     
   3.0150000000000001        10913.209398752326     
   3.0160000000000005        10913.145464354064     
   3.0170000000000003        10913.080107406642     
   3.0180000000000002        10912.920264438715     
   3.0190000000000001        10912.888460010143     
   3.0200000000000005        10912.729843670284     
   3.0210000000000004        10912.653379254536     
   3.0220000000000002        10912.617601615922     
   3.0230000000000001        10912.533800439882     
   3.0240000000000005        10912.483791321598     
   3.0250000000000004        10912.443273511557     
   3.0260000000000002        10912.386613639401     
   3.0270000000000001        10912.338625375494     
   3.0280000000000005        10912.287016529233     
   3.0290000000000004        10912.229086545498     
   3.0300000000000002        10912.162389872550     
   3.0310000000000001        10912.112959330318     
   3.0320000000000000        10912.022359604927     
   3.0330000000000004        10911.975597353427     
   3.0340000000000003        10911.881037023575     
   3.0350000000000001        10911.814688169745     
   3.0360000000000000        10911.840637627078     
   3.0370000000000004        10911.870696010179     
   3.0380000000000003        10911.878729703820     
   3.0390000000000001        10911.912640766419     
   3.0400000000000000        10912.257308244352     
   3.0410000000000004        10912.419643543462     
   3.0420000000000003        10912.715829106588     
   3.0430000000000001        10912.970488140461     
   3.0440000000000000        10913.243073125112     
   3.0450000000000004        10913.173499448856     
   3.0460000000000003        10913.278636199513     
   3.0470000000000002        10913.245988061377     
   3.0480000000000000        10913.058242063145     
   3.0490000000000004        10912.951472826731     
   3.0500000000000003        10912.918856536022     
   3.0510000000000002        10912.833814455054     
   3.0520000000000000        10912.741211694036     
   3.0530000000000004        10912.633848306541     
   3.0540000000000003        10912.581611982147     
   3.0550000000000002        10912.482179520939     
   3.0560000000000000        10912.441320636533     
   3.0570000000000004        10912.389363234604     
   3.0580000000000003        10912.343539164558     
   3.0590000000000002        10912.288992154179     
   3.0600000000000001        10912.242104665856     
   3.0610000000000004        10912.174665044278     
   3.0620000000000003        10912.104161861485     
   3.0630000000000002        10912.012965527896     
   3.0640000000000001        10911.924850349174     
   3.0650000000000004        10911.823119951703     
   3.0660000000000003        10911.715005331635     
   3.0670000000000002        10911.632150169358     
   3.0680000000000001        10911.672557264885     
   3.0690000000000004        10911.785049886957     
   3.0700000000000003        10911.903524218291     
   3.0710000000000002        10912.171936993465     
   3.0720000000000001        10912.572642985691     
   3.0730000000000004        10912.706329324563     
   3.0740000000000003        10913.026056048466     
   3.0750000000000002        10913.263276273110     
   3.0760000000000001        10913.420581363669     
   3.0770000000000004        10913.528163564926     
   3.0780000000000003        10913.587517126551     
   3.0790000000000002        10913.450973920450     
   3.0800000000000001        10913.269657714105     
   3.0810000000000004        10913.080465520821     
   3.0820000000000003        10912.949622562466     
   3.0830000000000002        10912.832824151321     
   3.0840000000000001        10912.733702787051     
   3.0850000000000004        10912.675252740935     
   3.0860000000000003        10912.629187575061     
   3.0870000000000002        10912.563071396597     
   3.0880000000000001        10912.504410527163     
   3.0890000000000004        10912.462171552961     
   3.0900000000000003        10912.421807858662     
   3.0910000000000002        10912.375791317085     
   3.0920000000000001        10912.310362250588     
   3.0930000000000004        10912.258347831585     
   3.0940000000000003        10912.167656000272     
   3.0950000000000002        10912.091461522372     
   3.0960000000000001        10911.971551170720     
   3.0970000000000004        10911.868422320911     
   3.0980000000000003        10911.780081999856     
   3.0990000000000002        10911.678058493126     
   3.1000000000000001        10911.681735032353     
   3.1010000000000004        10911.674149445111     
   3.1020000000000003        10911.890710808208     
   3.1030000000000002        10912.250961651078     
   3.1040000000000001        10912.336477748791     
   3.1050000000000004        10912.718885945478     
   3.1060000000000003        10913.182971907512     
   3.1070000000000002        10913.395619905683     
   3.1080000000000001        10913.421014073865     
   3.1090000000000004        10913.490550234279     
   3.1100000000000003        10913.405261174752     
   3.1110000000000002        10913.232023895882     
   3.1120000000000001        10913.205183597413     
   3.1130000000000004        10912.994832924525     
   3.1140000000000003        10912.897581585694     
   3.1150000000000002        10912.834469127196     
   3.1160000000000001        10912.729474744887     
   3.1170000000000004        10912.634777547895     
   3.1180000000000003        10912.584449252128     
   3.1190000000000002        10912.525161368956     
   3.1200000000000001        10912.468016495075     
   3.1210000000000004        10912.419141623968     
   3.1220000000000003        10912.365694034934     
   3.1230000000000002        10912.319818276223     
   3.1240000000000001        10912.257698813974     
   3.1250000000000004        10912.192651158814     
   3.1260000000000003        10912.113194792737     
   3.1270000000000002        10912.019640509123     
   3.1280000000000001        10911.973285576829     
   3.1290000000000004        10911.873118108042     
   3.1300000000000003        10911.734890586426     
   3.1310000000000002        10911.707368791145     
   3.1320000000000001        10911.612468810341     
   3.1330000000000005        10911.743228614965     
   3.1340000000000003        10911.731323633063     
   3.1350000000000002        10911.919512833463     
   3.1360000000000001        10912.349934639999     
   3.1370000000000005        10912.633953323601     
   3.1380000000000003        10912.959371132418     
   3.1390000000000002        10913.445535931665     
   3.1400000000000001        10913.435630270980     
   3.1410000000000005        10913.702464641428     
   3.1420000000000003        10913.660974786828     
   3.1430000000000002        10913.577162781119     
   3.1440000000000001        10913.348439320520     
   3.1450000000000005        10913.116013278719     
   3.1460000000000004        10912.974606716904     
   3.1470000000000002        10912.839388230484     
   3.1480000000000001        10912.725707961265     
   3.1490000000000005        10912.627336218211     
   3.1500000000000004        10912.564281962221     
   3.1510000000000002        10912.503083056243     
   3.1520000000000001        10912.463028100810     
   3.1530000000000005        10912.425567480446     
   3.1540000000000004        10912.375589887790     
   3.1550000000000002        10912.332655919246     
   3.1560000000000001        10912.278340329911     
   3.1570000000000005        10912.201276674283     
   3.1580000000000004        10912.146280447683     
   3.1590000000000003        10912.053365372352     
   3.1600000000000001        10911.930861041677     
   3.1610000000000005        10911.860850894465     
   3.1620000000000004        10911.758611866459     
   3.1630000000000003        10911.658984285892     
   3.1640000000000001        10911.638592001384     
   3.1650000000000005        10911.614137149196     
   3.1660000000000004        10911.615647388455     
   3.1670000000000003        10911.869534269887     
   3.1680000000000001        10912.123990562841     
   3.1690000000000000        10912.464291133141     
   3.1700000000000004        10912.809086251693     
   3.1710000000000003        10913.150958625416     
   3.1720000000000002        10913.358492436617     
   3.1730000000000000        10913.347419514032     
   3.1740000000000004        10913.401547810965     
   3.1750000000000003        10913.385328109127     
   3.1760000000000002        10913.280336697817     
   3.1770000000000000        10913.135133612242     
   3.1780000000000004        10913.042615352631     
   3.1790000000000003        10912.874427808181     
   3.1800000000000002        10912.721592465663     
   3.1810000000000000        10912.646284227580     
   3.1820000000000004        10912.563820564566     
   3.1830000000000003        10912.483121784911     
   3.1840000000000002        10912.432230495893     
   3.1850000000000001        10912.378859048504     
   3.1860000000000004        10912.337298080651     
   3.1870000000000003        10912.295593708974     
   3.1880000000000002        10912.235672161389     
   3.1890000000000001        10912.176103492055     
   3.1900000000000004        10912.116557000640     
   3.1910000000000003        10912.015372544703     
   3.1920000000000002        10911.922969471208     
   3.1930000000000001        10911.814775384028     
   3.1940000000000004        10911.709154318478     
   3.1950000000000003        10911.596970524726     
   3.1960000000000002        10911.524895546783     
   3.1970000000000001        10911.540283241497     
   3.1980000000000004        10911.697520618760     
   3.1990000000000003        10911.700141890246     
   3.2000000000000002        10912.058249561192     
   3.2010000000000001        10912.477201337339     
   3.2020000000000004        10912.843002345915     
   3.2030000000000003        10913.157034363076     
   3.2040000000000002        10913.379043583727     
   3.2050000000000001        10913.410772746791     
   3.2060000000000004        10913.681061919451     
   3.2070000000000003        10913.689291792058     
   3.2080000000000002        10913.679391397314     
   3.2090000000000001        10913.401494192654     
   3.2100000000000004        10913.096816066580     
   3.2110000000000003        10912.936222183020     
   3.2120000000000002        10912.787906465193     
   3.2130000000000001        10912.689748245240     
   3.2140000000000004        10912.613544325233     
   3.2150000000000003        10912.529635238461     
   3.2160000000000002        10912.475499587918     
   3.2170000000000001        10912.425680584745     
   3.2180000000000004        10912.380361396381     
   3.2190000000000003        10912.334633402310     
   3.2200000000000002        10912.292910023210     
   3.2210000000000001        10912.243556405734     
   3.2220000000000004        10912.196198814610     
   3.2230000000000003        10912.106063736019     
   3.2240000000000002        10912.006287823046     
   3.2250000000000001        10911.941960298456     
   3.2260000000000004        10911.845369864937     
   3.2270000000000003        10911.777689060589     
   3.2280000000000002        10911.684942658518     
   3.2290000000000001        10911.650379707171     
   3.2300000000000004        10911.730175776811     
   3.2310000000000003        10911.918490025289     
   3.2320000000000002        10911.961216626823     
   3.2330000000000001        10912.377733925267     
   3.2340000000000004        10912.352535508655     
   3.2350000000000003        10912.499095368741     
   3.2360000000000002        10912.569294411776     
   3.2370000000000001        10912.738817894757     
   3.2380000000000004        10912.933619665164     
   3.2390000000000003        10913.006098667820     
   3.2400000000000002        10912.948011129702     
   3.2410000000000001        10912.863936071732     
   3.2420000000000004        10912.780120340967     
   3.2430000000000003        10912.672465277697     
   3.2440000000000002        10912.566309826518     
   3.2450000000000001        10912.447398515727     
   3.2460000000000004        10912.304919604050     
   3.2470000000000003        10912.217008634650     
   3.2480000000000002        10912.154793395615     
   3.2490000000000001        10912.092671256740     
   3.2500000000000004        10912.047421145646     
   3.2510000000000003        10911.996082911764     
   3.2520000000000002        10911.954838530819     
   3.2530000000000001        10911.894090041722     
   3.2540000000000004        10911.833639792509     
   3.2550000000000003        10911.794343849551     
   3.2560000000000002        10911.672349318904     
   3.2570000000000001        10911.603006112166     
   3.2580000000000005        10911.541137656755     
   3.2590000000000003        10911.503461838332     
   3.2600000000000002        10911.516607145968     
   3.2610000000000001        10911.480841057193     
   3.2620000000000005        10911.584021990253     
   3.2630000000000003        10911.687615637658     
   3.2640000000000002        10911.808230610890     
   3.2650000000000001        10911.979573715858     
   3.2660000000000005        10911.921055877621     
   3.2670000000000003        10912.187555016853     
   3.2680000000000002        10912.643038708318     
   3.2690000000000001        10912.489896726445     
   3.2700000000000005        10912.530670917968     
   3.2710000000000004        10912.555587107714     
   3.2720000000000002        10912.528424913680     
   3.2730000000000001        10912.421067627942     
   3.2740000000000005        10912.320751583926     
   3.2750000000000004        10912.153622551041     
   3.2760000000000002        10912.041066100595     
   3.2770000000000001        10911.927355512184     
   3.2780000000000005        10911.851722142419     
   3.2790000000000004        10911.787136764457     
   3.2800000000000002        10911.719575000167     
   3.2810000000000001        10911.673111095541     
   3.2820000000000005        10911.633567056006     
   3.2830000000000004        10911.592396617341     
   3.2840000000000003        10911.545071880111     
   3.2850000000000001        10911.487634679175     
   3.2860000000000005        10911.431144524024     
   3.2870000000000004        10911.366107879840     
   3.2880000000000003        10911.317801937226     
   3.2890000000000001        10911.239248653517     
   3.2900000000000005        10911.200259333695     
   3.2910000000000004        10911.163067265159     
   3.2920000000000003        10911.214777107833     
   3.2930000000000001        10911.297451409398     
   3.2940000000000005        10911.359394323083     
   3.2950000000000004        10911.528915716743     
   3.2960000000000003        10911.642387442207     
   3.2970000000000002        10911.911241513966     
   3.2980000000000005        10911.867628898368     
   3.2990000000000004        10912.011058670596     
   3.3000000000000003        10912.131423363368     
   3.3010000000000002        10912.241440722179     
   3.3020000000000005        10912.106806206628     
   3.3030000000000004        10912.243636577512     
   3.3040000000000003        10912.233071300432     
   3.3050000000000002        10912.104178741209     
   3.3060000000000000        10912.026747178254     
   3.3070000000000004        10911.853007324788     
   3.3080000000000003        10911.753921184007     
   3.3090000000000002        10911.681664696918     
   3.3100000000000001        10911.613763421356     
   3.3110000000000004        10911.541962606154     
   3.3120000000000003        10911.489642194321     
   3.3130000000000002        10911.426236390353     
   3.3140000000000001        10911.383446573547     
   3.3150000000000004        10911.338046486830     
   3.3160000000000003        10911.288065815314     
   3.3170000000000002        10911.222287469574     
   3.3180000000000001        10911.180254577990     
   3.3190000000000004        10911.145875649074     
   3.3200000000000003        10911.133820787909     
   3.3210000000000002        10911.095168499869     
   3.3220000000000001        10911.108303936158     
   3.3230000000000004        10911.119913910072     
   3.3240000000000003        10911.151982578862     
   3.3250000000000002        10911.281929677114     
   3.3260000000000001        10911.369796082607     
   3.3270000000000004        10911.470901096109     
   3.3280000000000003        10911.646202691429     
   3.3290000000000002        10911.793999189209     
   3.3300000000000001        10911.778179883824     
   3.3310000000000004        10911.864647930679     
   3.3320000000000003        10911.866148758603     
   3.3330000000000002        10911.931226110122     
   3.3340000000000001        10911.842991026884     
   3.3350000000000004        10911.832980657280     
   3.3360000000000003        10911.707985813089     
   3.3370000000000002        10911.673103030898     
   3.3380000000000001        10911.623435342686     
   3.3390000000000004        10911.531908073277     
   3.3400000000000003        10911.439335753978     
   3.3410000000000002        10911.379935764127     
   3.3420000000000001        10911.326006531457     
   3.3430000000000004        10911.260899948076     
   3.3440000000000003        10911.210094083062     
   3.3450000000000002        10911.171023870722     
   3.3460000000000001        10911.120322763372     
   3.3470000000000004        10911.090073744857     
   3.3480000000000003        10911.072126373783     
   3.3490000000000002        10911.001386514548     
   3.3500000000000001        10910.950260262256     
   3.3510000000000004        10910.921335323821     
   3.3520000000000003        10910.910283246179     
   3.3530000000000002        10910.867864675649     
   3.3540000000000001        10910.957097457765     
   3.3550000000000004        10910.954419181624     
   3.3560000000000003        10910.985100892653     
   3.3570000000000002        10911.026861421775     
   3.3580000000000001        10911.142493988107     
   3.3590000000000004        10911.291086091067     
   3.3600000000000003        10911.580433793470     
   3.3610000000000002        10911.638553387640     
   3.3620000000000001        10911.964458637060     
   3.3630000000000004        10911.930413901986     
   3.3640000000000003        10911.992475650886     
   3.3650000000000002        10911.937124827913     
   3.3660000000000001        10911.904867411260     
   3.3670000000000004        10911.834751204926     
   3.3680000000000003        10911.710202682076     
   3.3690000000000002        10911.607616343394     
   3.3700000000000001        10911.520201478195     
   3.3710000000000004        10911.503293822057     
   3.3720000000000003        10911.423731359037     
   3.3730000000000002        10911.404410814928     
   3.3740000000000001        10911.398379320090     
   3.3750000000000004        10911.306382228489     
   3.3760000000000003        10911.298752938263     
   3.3770000000000002        10911.242712237268     
   3.3780000000000001        10911.195398130165     
   3.3790000000000004        10911.164794969041     
   3.3800000000000003        10911.117857518242     
   3.3810000000000002        10911.047230414330     
   3.3820000000000001        10910.970956623589     
   3.3830000000000005        10910.921567657415     
   3.3840000000000003        10910.871800561914     
   3.3850000000000002        10910.867028116387     
   3.3860000000000001        10910.875647720357     
   3.3870000000000005        10910.862043199379     
   3.3880000000000003        10911.032328316040     
   3.3890000000000002        10911.003797928970     
   3.3900000000000001        10911.173221489855     
   3.3910000000000005        10911.341084826865     
   3.3920000000000003        10911.639955053126     
   3.3930000000000002        10911.642119888407     
   3.3940000000000001        10911.922682062859     
   3.3950000000000005        10911.921979061028     
   3.3960000000000004        10911.860001998046     
   3.3970000000000002        10911.839652264640     
   3.3980000000000001        10911.787838048067     
   3.3990000000000005        10911.717379466114     
   3.4000000000000004        10911.557574235210     
   3.4010000000000002        10911.472129371343     
   3.4020000000000001        10911.424318408424     
   3.4030000000000005        10911.388777597938     
   3.4040000000000004        10911.331220322672     
   3.4050000000000002        10911.280889351336     
   3.4060000000000001        10911.234377907262     
   3.4070000000000005        10911.184119677118     
   3.4080000000000004        10911.137470765896     
   3.4090000000000003        10911.081007961391     
   3.4100000000000001        10911.035187745138     
   3.4110000000000005        10910.962399408745     
   3.4120000000000004        10910.884829709301     
   3.4130000000000003        10910.826711573982     
   3.4140000000000001        10910.784711680655     
   3.4150000000000005        10910.699353199976     
   3.4160000000000004        10910.661093151386     
   3.4170000000000003        10910.667847976838     
   3.4180000000000001        10910.644400372557     
   3.4190000000000005        10910.712683050127     
   3.4200000000000004        10910.981009819598     
   3.4210000000000003        10911.147160210419     
   3.4220000000000002        10911.290201531912     
   3.4230000000000005        10911.665298153963     
   3.4240000000000004        10911.810277051056     
   3.4250000000000003        10912.119837003715     
   3.4260000000000002        10912.225840861758     
   3.4270000000000005        10912.228531354520     
   3.4280000000000004        10912.024532126803     
   3.4290000000000003        10911.873176967403     
   3.4300000000000002        10911.746659888442     
   3.4310000000000005        10911.643471976486     
   3.4320000000000004        10911.588297951625     
   3.4330000000000003        10911.514860017603     
   3.4340000000000002        10911.482082653425     
   3.4350000000000005        10911.376582847339     
   3.4360000000000004        10911.333896719625     
   3.4370000000000003        10911.288098287785     
   3.4380000000000002        10911.241177026994     
   3.4390000000000005        10911.192753324036     
   3.4400000000000004        10911.141190058752     
   3.4410000000000003        10911.082999444026     
   3.4420000000000002        10911.011265020981     
   3.4430000000000001        10910.922690931107     
   3.4440000000000004        10910.846530065148     
   3.4450000000000003        10910.766709208454     
   3.4460000000000002        10910.667362584954     
   3.4470000000000001        10910.604635725158     
   3.4480000000000004        10910.521891450706     
   3.4490000000000003        10910.593214646751     
   3.4500000000000002        10910.623177393376     
   3.4510000000000001        10910.830116807309     
   3.4520000000000004        10911.269062967933     
   3.4530000000000003        10911.464020688416     
   3.4540000000000002        10911.872585066334     
   3.4550000000000001        10911.991169218993     
   3.4560000000000004        10912.101158036363     
   3.4570000000000003        10912.271565454059     
   3.4580000000000002        10912.345544509597     
   3.4590000000000001        10912.310371007072     
   3.4600000000000004        10912.335486249051     
   3.4610000000000003        10912.228345661688     
   3.4620000000000002        10912.137389979151     
   3.4630000000000001        10912.039835146654     
   3.4640000000000004        10911.922536113094     
   3.4650000000000003        10911.792004774867     
   3.4660000000000002        10911.713992302874     
   3.4670000000000001        10911.631704821977     
   3.4680000000000004        10911.578651728401     
   3.4690000000000003        10911.513645875937     
   3.4700000000000002        10911.465413843775     
   3.4710000000000001        10911.403732362025     
   3.4720000000000004        10911.351705909086     
   3.4730000000000003        10911.283081195377     
   3.4740000000000002        10911.209446040537     
   3.4750000000000001        10911.134117720918     
   3.4760000000000004        10911.050664070555     
   3.4770000000000003        10910.940202559743     
   3.4780000000000002        10910.853028420319     
   3.4790000000000001        10910.768575707605     
   3.4800000000000004        10910.772912098964     
   3.4810000000000003        10910.716386171705     
   3.4820000000000002        10910.738171601959     
   3.4830000000000001        10911.019974684845     
   3.4840000000000004        10911.315506007524     
   3.4850000000000003        10911.436215596845     
   3.4860000000000002        10911.795103616470     
   3.4870000000000001        10912.149925423333     
   3.4880000000000004        10912.204806972111     
   3.4890000000000003        10912.456982788543     
   3.4900000000000002        10912.541132290069     
   3.4910000000000001        10912.618163778699     
   3.4920000000000004        10912.743363312746     
   3.4930000000000003        10912.341271233841     
   3.4940000000000002        10912.192064867537     
   3.4950000000000001        10912.057909618534     
   3.4960000000000004        10911.955359243066     
   3.4970000000000003        10911.839837624699     
   3.4980000000000002        10911.752467970673     
   3.4990000000000001        10911.671592191045     
   3.5000000000000004        10911.626832712311     
