   1.6500000000000001        2885.6554604905741     
   1.6510000000000002        2885.6449998673220     
   1.6520000000000001        2885.6749686125527     
   1.6530000000000000        2885.6806372116498     
   1.6540000000000001        2885.6924891711906     
   1.6550000000000000        2885.6765437982681     
   1.6560000000000001        2885.6681446221114     
   1.6570000000000000        2885.6662549877447     
   1.6580000000000001        2885.6567067242572     
   1.6590000000000000        2885.6470348659377     
   1.6600000000000001        2885.6375464467328     
   1.6610000000000000        2885.6248149200733     
   1.6620000000000001        2885.6114812784231     
   1.6630000000000000        2885.5926439369468     
   1.6640000000000001        2885.5663436960713     
   1.6650000000000000        2885.5377877207984     
   1.6660000000000001        2885.5218606852391     
   1.6670000000000000        2885.5006483302404     
   1.6680000000000001        2885.5031412254425     
   1.6690000000000000        2885.4831933813966     
   1.6700000000000002        2885.4848465536779     
   1.6710000000000000        2885.4964340837387     
   1.6720000000000002        2885.4995675765572     
   1.6730000000000000        2885.5043686813697     
   1.6740000000000002        2885.5040027532154     
   1.6750000000000000        2885.5027441051438     
   1.6760000000000002        2885.5022693459428     
   1.6770000000000000        2885.5001692021424     
   1.6780000000000002        2885.4954263617751     
   1.6790000000000000        2885.4842608253171     
   1.6800000000000002        2885.4726055168317     
   1.6810000000000000        2885.4619447300693     
   1.6820000000000002        2885.4402056313611     
   1.6830000000000001        2885.4167985093236     
   1.6840000000000002        2885.4073167356005     
   1.6850000000000001        2885.3983076744553     
   1.6860000000000002        2885.3938179773204     
   1.6870000000000001        2885.3905341987261     
   1.6880000000000002        2885.3878640431908     
   1.6890000000000001        2885.3907350517920     
   1.6900000000000002        2885.3860190263199     
   1.6910000000000001        2885.3753039021326     
   1.6920000000000002        2885.3738373067681     
   1.6930000000000001        2885.3726420414482     
   1.6940000000000002        2885.3781826048671     
   1.6950000000000001        2885.3638154350729     
   1.6960000000000002        2885.3643611158518     
   1.6970000000000001        2885.3633060341522     
   1.6980000000000002        2885.3636890183725     
   1.6990000000000001        2885.3555224432571     
   1.7000000000000002        2885.3525128830333     
   1.7010000000000001        2885.3250369832663     
   1.7020000000000002        2885.3166421132164     
   1.7030000000000001        2885.3119804702187     
   1.7040000000000002        2885.3044970270639     
   1.7050000000000001        2885.2951456921414     
   1.7060000000000002        2885.2913691242534     
   1.7070000000000001        2885.2795963220578     
   1.7080000000000002        2885.2763534324040     
   1.7090000000000001        2885.2690878060262     
   1.7100000000000002        2885.2642042823354     
   1.7110000000000001        2885.2584812396271     
   1.7120000000000002        2885.2528523515844     
   1.7130000000000001        2885.2472859843797     
   1.7140000000000002        2885.2415448882180     
   1.7150000000000001        2885.2296739206558     
   1.7160000000000002        2885.2226820532101     
   1.7170000000000001        2885.2168733664448     
   1.7180000000000002        2885.2145794022131     
   1.7190000000000001        2885.2098560887630     
   1.7200000000000002        2885.2035728430578     
   1.7210000000000001        2885.2066030365336     
   1.7220000000000002        2885.2065852870132     
   1.7230000000000001        2885.1939887463850     
   1.7240000000000002        2885.1917000214935     
   1.7250000000000001        2885.1873551234426     
   1.7260000000000002        2885.1886226873280     
   1.7270000000000001        2885.1878686318964     
   1.7280000000000002        2885.1802174770037     
   1.7290000000000001        2885.1805097344959     
   1.7300000000000002        2885.1673722124597     
   1.7310000000000001        2885.1593355981827     
   1.7320000000000002        2885.1549251441716     
   1.7330000000000001        2885.1435976370922     
   1.7340000000000002        2885.1389347347381     
   1.7350000000000001        2885.1318181614924     
   1.7360000000000002        2885.1296221310895     
   1.7370000000000001        2885.1240407708424     
   1.7380000000000002        2885.1217039091030     
   1.7390000000000001        2885.1263734249223     
   1.7400000000000002        2885.1249213046262     
   1.7410000000000001        2885.1202279422864     
   1.7420000000000002        2885.1186598644144     
   1.7430000000000001        2885.1058199774370     
   1.7440000000000002        2885.0899601729889     
   1.7450000000000001        2885.0791087420007     
   1.7460000000000002        2885.0701955972536     
   1.7470000000000001        2885.0651505348278     
   1.7480000000000002        2885.0487536164846     
   1.7490000000000001        2885.0513907272602     
   1.7500000000000002        2885.0530160050921     
   1.7510000000000001        2885.0527751865066     
   1.7520000000000002        2885.0496284360747     
   1.7530000000000001        2885.0385520760829     
   1.7540000000000002        2885.0330365544582     
   1.7550000000000001        2885.0293272745580     
   1.7560000000000002        2885.0261013009213     
   1.7570000000000001        2885.0225588108333     
   1.7580000000000002        2885.0241681900434     
   1.7590000000000001        2885.0102211783787     
   1.7600000000000002        2885.0146027221208     
   1.7610000000000001        2885.0009181959476     
   1.7620000000000002        2884.9980109825051     
   1.7630000000000001        2884.9918297822514     
   1.7640000000000002        2884.9845112723656     
   1.7650000000000001        2884.9900744040506     
   1.7660000000000002        2884.9797254578662     
   1.7670000000000001        2884.9814614520892     
   1.7680000000000002        2884.9735657282586     
   1.7690000000000001        2884.9610345893198     
   1.7700000000000002        2884.9650600447067     
   1.7710000000000001        2884.9548535118438     
   1.7720000000000002        2884.9559631087786     
   1.7730000000000001        2884.9518321706455     
   1.7740000000000002        2884.9508846423973     
   1.7750000000000001        2884.9419042044906     
   1.7760000000000002        2884.9447026055986     
   1.7770000000000001        2884.9352057730080     
   1.7780000000000002        2884.9375457566666     
   1.7790000000000001        2884.9439062945448     
   1.7800000000000002        2884.9471873204866     
   1.7810000000000001        2884.9406272640267     
   1.7820000000000003        2884.9353980281207     
   1.7830000000000001        2884.9282713276439     
   1.7840000000000003        2884.9286330301738     
   1.7850000000000001        2884.9296748897473     
   1.7860000000000003        2884.9228100572213     
   1.7870000000000001        2884.9101711275171     
   1.7880000000000003        2884.9107778892635     
   1.7890000000000001        2884.9025279567500     
   1.7900000000000000        2884.8999859272453     
   1.7910000000000001        2884.8831387957962     
   1.7920000000000000        2884.8874584053306     
   1.7930000000000001        2884.8821624704865     
   1.7940000000000000        2884.8803394075840     
   1.7950000000000002        2884.8830933489453     
   1.7960000000000000        2884.8800818240252     
   1.7970000000000002        2884.8705579357566     
   1.7980000000000000        2884.8757070428060     
   1.7990000000000002        2884.8664304507429     
   1.8000000000000000        2884.8598431204819     
   1.8010000000000002        2884.8589615435517     
   1.8020000000000000        2884.8570583569058     
   1.8030000000000002        2884.8544702221161     
   1.8040000000000000        2884.8499422634673     
   1.8050000000000002        2884.8469549607321     
   1.8060000000000000        2884.8440476113292     
   1.8070000000000002        2884.8386798831502     
   1.8080000000000001        2884.8376680920906     
   1.8090000000000002        2884.8346904337573     
   1.8100000000000001        2884.8302331570389     
   1.8110000000000002        2884.8271094796660     
   1.8120000000000001        2884.8239976879327     
   1.8130000000000002        2884.8255580177743     
   1.8140000000000001        2884.8164420493586     
   1.8150000000000002        2884.8131986964663     
   1.8160000000000001        2884.8146810437515     
   1.8170000000000002        2884.8097617762796     
   1.8180000000000001        2884.8083774366032     
   1.8190000000000002        2884.8153430859093     
   1.8200000000000001        2884.8143630494687     
   1.8210000000000002        2884.7954796355211     
   1.8220000000000001        2884.8049303154485     
   1.8230000000000002        2884.7955701260335     
   1.8240000000000001        2884.7858729377581     
   1.8250000000000002        2884.7908560312349     
   1.8260000000000001        2884.7808662816769     
   1.8270000000000002        2884.7794241073989     
   1.8280000000000001        2884.7725527512998     
   1.8290000000000002        2884.7731384152403     
   1.8300000000000001        2884.7676601091243     
   1.8310000000000002        2884.7594142163684     
   1.8320000000000001        2884.7561945554853     
   1.8330000000000002        2884.7572160428736     
   1.8340000000000001        2884.7606924918928     
   1.8350000000000002        2884.7631053953501     
   1.8360000000000001        2884.7519638790609     
   1.8370000000000002        2884.7548578087990     
   1.8380000000000001        2884.7526530968094     
   1.8390000000000002        2884.7571840269020     
   1.8400000000000001        2884.7511766362968     
   1.8410000000000002        2884.7453196675847     
   1.8420000000000001        2884.7409480182746     
   1.8430000000000002        2884.7378162512150     
   1.8440000000000001        2884.7311562278192     
   1.8450000000000002        2884.7298658152808     
   1.8460000000000001        2884.7255509432639     
   1.8470000000000002        2884.7190170864546     
   1.8480000000000001        2884.7130681219583     
   1.8490000000000002        2884.7112384598217     
   1.8500000000000001        2884.7157233812936     
   1.8510000000000002        2884.7083564093650     
   1.8520000000000001        2884.7034818001066     
   1.8530000000000002        2884.7070904798761     
   1.8540000000000001        2884.6969881642485     
   1.8550000000000002        2884.6993477019037     
   1.8560000000000001        2884.6876386229951     
   1.8570000000000002        2884.6888709226205     
   1.8580000000000001        2884.6852758553591     
   1.8590000000000002        2884.6819518111133     
   1.8600000000000001        2884.6728566580191     
   1.8610000000000002        2884.6702324429521     
   1.8620000000000001        2884.6680570944563     
   1.8630000000000002        2884.6646898181853     
   1.8640000000000001        2884.6671057067306     
   1.8650000000000002        2884.6532962622059     
   1.8660000000000001        2884.6476037126040     
   1.8670000000000002        2884.6459451749502     
   1.8680000000000001        2884.6455102318255     
   1.8690000000000002        2884.6417833204096     
   1.8700000000000001        2884.6402624906618     
   1.8710000000000002        2884.6317811937288     
   1.8720000000000001        2884.6301199125060     
   1.8730000000000002        2884.6220481760156     
   1.8740000000000001        2884.6171415910253     
   1.8750000000000002        2884.6121631847031     
   1.8760000000000001        2884.6081278912293     
   1.8770000000000002        2884.6091050429868     
   1.8780000000000001        2884.6113481009920     
   1.8790000000000002        2884.6061854077966     
   1.8800000000000001        2884.6070619953143     
   1.8810000000000002        2884.6010774282086     
   1.8820000000000001        2884.6013340779391     
   1.8830000000000002        2884.5910084455709     
   1.8840000000000001        2884.5921929177384     
   1.8850000000000002        2884.5873623807202     
   1.8860000000000001        2884.5835770275180     
   1.8870000000000002        2884.5857612360114     
   1.8880000000000001        2884.5787808457653     
   1.8890000000000002        2884.5844717356358     
   1.8900000000000001        2884.5850758869210     
   1.8910000000000002        2884.5772843997079     
   1.8920000000000001        2884.5791138842160     
   1.8930000000000002        2884.5840453682031     
   1.8940000000000001        2884.5790597680534     
   1.8950000000000002        2884.5701894844742     
   1.8960000000000001        2884.5694439903627     
   1.8970000000000002        2884.5636030940191     
   1.8980000000000001        2884.5533868305274     
   1.8990000000000002        2884.5559258308804     
   1.9000000000000001        2884.5528792658579     
   1.9010000000000002        2884.5551207759422     
   1.9020000000000001        2884.5455151510155     
   1.9030000000000002        2884.5410699793956     
   1.9040000000000001        2884.5374433692959     
   1.9050000000000002        2884.5416975461021     
   1.9060000000000001        2884.5357405625391     
   1.9070000000000003        2884.5280992949233     
   1.9080000000000001        2884.5286508329709     
   1.9090000000000003        2884.5260565971503     
   1.9100000000000001        2884.5208625680166     
   1.9110000000000003        2884.5205830142563     
   1.9120000000000001        2884.5151494183615     
   1.9130000000000003        2884.5205977393498     
   1.9140000000000001        2884.5225521200919     
   1.9150000000000003        2884.5134909387593     
   1.9160000000000001        2884.5092651467648     
   1.9170000000000003        2884.5096534413492     
   1.9180000000000001        2884.5105495688472     
   1.9190000000000003        2884.5075421391853     
   1.9200000000000002        2884.5035983824323     
   1.9210000000000003        2884.5070329685336     
   1.9220000000000002        2884.4966901609469     
   1.9230000000000003        2884.4885337331862     
   1.9240000000000002        2884.4845651416108     
   1.9250000000000003        2884.4825224579181     
   1.9260000000000002        2884.4745463317809     
   1.9270000000000003        2884.4771599449004     
   1.9280000000000002        2884.4722410034265     
   1.9290000000000000        2884.4734684871200     
   1.9300000000000002        2884.4761730980881     
   1.9310000000000000        2884.4702769336172     
   1.9320000000000002        2884.4629502252392     
   1.9330000000000001        2884.4674988814559     
   1.9340000000000002        2884.4686926902273     
   1.9350000000000001        2884.4708074841219     
   1.9360000000000002        2884.4496389994097     
   1.9370000000000001        2884.4423857978013     
   1.9380000000000002        2884.4355485101596     
   1.9390000000000001        2884.4221201277446     
   1.9400000000000002        2884.4158021660778     
   1.9410000000000001        2884.4104296719061     
   1.9420000000000002        2884.4055087221482     
   1.9430000000000001        2884.4016877056597     
   1.9440000000000002        2884.3953949209126     
   1.9450000000000001        2884.3884465603155     
   1.9460000000000002        2884.3887972162283     
   1.9470000000000001        2884.3860953833218     
   1.9480000000000002        2884.3844631354686     
   1.9490000000000001        2884.3797036664687     
   1.9500000000000002        2884.3693115704182     
   1.9510000000000001        2884.3738867080551     
   1.9520000000000002        2884.3693504233693     
   1.9530000000000001        2884.3682324423517     
   1.9540000000000002        2884.3645893351754     
   1.9550000000000001        2884.3656299184254     
   1.9560000000000002        2884.3650527295458     
   1.9570000000000001        2884.3620552228340     
   1.9580000000000002        2884.3600236853185     
   1.9590000000000001        2884.3650207999476     
   1.9600000000000002        2884.3561965248177     
   1.9610000000000001        2884.3453763776756     
   1.9620000000000002        2884.3479155726350     
   1.9630000000000001        2884.3455955277441     
   1.9640000000000002        2884.3424404744264     
   1.9650000000000001        2884.3399073463347     
   1.9660000000000002        2884.3396920873934     
   1.9670000000000001        2884.3391349946482     
   1.9680000000000002        2884.3333988665950     
   1.9690000000000001        2884.3353864835435     
   1.9700000000000002        2884.3256699959088     
   1.9710000000000001        2884.3276599178166     
   1.9720000000000002        2884.3187817814746     
   1.9730000000000001        2884.3127622176185     
   1.9740000000000002        2884.3123065770815     
   1.9750000000000001        2884.3068251166069     
   1.9760000000000002        2884.3080337749716     
   1.9770000000000001        2884.3027876980564     
   1.9780000000000002        2884.3025496086025     
   1.9790000000000001        2884.2908015071416     
   1.9800000000000002        2884.2922721275027     
   1.9810000000000001        2884.2881751905820     
   1.9820000000000002        2884.2805464653993     
   1.9830000000000001        2884.2792862251667     
   1.9840000000000002        2884.2766427334664     
   1.9850000000000001        2884.2710115198988     
   1.9860000000000002        2884.2662789103347     
   1.9870000000000001        2884.2645206867428     
   1.9880000000000002        2884.2619237442391     
   1.9890000000000001        2884.2653048597590     
   1.9900000000000002        2884.2604559041333     
   1.9910000000000001        2884.2545682402333     
   1.9920000000000002        2884.2565308725016     
   1.9930000000000001        2884.2625285700346     
   1.9940000000000002        2884.2544375637367     
   1.9950000000000001        2884.2567279034056     
   1.9960000000000002        2884.2561211431948     
   1.9970000000000001        2884.2543311793715     
   1.9980000000000002        2884.2495343238838     
   1.9990000000000001        2884.2514824619784     
   2.0000000000000000        2884.2401826719088     
   2.0010000000000003        2884.2418361075397     
   2.0020000000000002        2884.2417962985387     
   2.0030000000000001        2884.2389633812768     
   2.0040000000000000        2884.2299093744577     
   2.0050000000000003        2884.2294487200011     
   2.0060000000000002        2884.2345285075435     
   2.0070000000000001        2884.2256726952419     
   2.0080000000000000        2884.2214571994637     
   2.0090000000000003        2884.2157214219933     
   2.0100000000000002        2884.2186351595396     
   2.0110000000000001        2884.2060689836612     
   2.0120000000000000        2884.2106369704379     
   2.0130000000000003        2884.2059028920548     
   2.0140000000000002        2884.2042838460206     
   2.0150000000000001        2884.2014245014375     
   2.0160000000000000        2884.2001449106756     
   2.0170000000000003        2884.2012848944055     
   2.0180000000000002        2884.1950321521767     
   2.0190000000000001        2884.1905567567169     
   2.0200000000000000        2884.1890154289031     
   2.0210000000000004        2884.1815977697402     
   2.0220000000000002        2884.1768038525224     
   2.0230000000000001        2884.1712418209381     
   2.0240000000000000        2884.1589296857542     
   2.0250000000000004        2884.1617064487459     
   2.0260000000000002        2884.1571525678487     
   2.0270000000000001        2884.1479476738759     
   2.0280000000000000        2884.1528495503067     
   2.0290000000000004        2884.1515099184980     
   2.0300000000000002        2884.1355252324047     
   2.0310000000000001        2884.1437504394535     
   2.0320000000000000        2884.1449434473411     
   2.0330000000000004        2884.1456895608044     
   2.0340000000000003        2884.1341098436255     
   2.0350000000000001        2884.1280316112025     
   2.0360000000000000        2884.1236316310246     
   2.0370000000000004        2884.1256239308454     
   2.0380000000000003        2884.1278001799960     
   2.0390000000000001        2884.1191713785279     
   2.0400000000000000        2884.1211619198934     
   2.0410000000000004        2884.1174326251821     
   2.0420000000000003        2884.1134277918145     
   2.0430000000000001        2884.1071875970538     
   2.0440000000000000        2884.1069113332173     
   2.0450000000000004        2884.0992459079425     
   2.0460000000000003        2884.0986607594000     
   2.0470000000000002        2884.0963178633701     
   2.0480000000000000        2884.0913673163982     
   2.0490000000000004        2884.0861558398628     
   2.0500000000000003        2884.0931265967852     
   2.0510000000000002        2884.0835136737087     
   2.0520000000000000        2884.0841372318960     
   2.0530000000000004        2884.0763818321811     
   2.0540000000000003        2884.0733530470206     
   2.0550000000000002        2884.0678310162139     
   2.0560000000000000        2884.0644323710085     
   2.0570000000000004        2884.0664623077050     
   2.0580000000000003        2884.0710893413730     
   2.0590000000000002        2884.0690159003411     
   2.0600000000000001        2884.0646418511860     
   2.0610000000000004        2884.0684876255432     
   2.0620000000000003        2884.0739714635570     
   2.0630000000000002        2884.0704036936195     
   2.0640000000000001        2884.0629635049490     
   2.0650000000000004        2884.0529878469151     
   2.0660000000000003        2884.0522343132452     
   2.0670000000000002        2884.0457199977814     
   2.0680000000000001        2884.0485635599603     
   2.0690000000000000        2884.0391354332019     
   2.0700000000000003        2884.0383934505358     
   2.0710000000000002        2884.0342919452269     
   2.0720000000000001        2884.0285589178588     
   2.0730000000000000        2884.0289169638263     
   2.0740000000000003        2884.0320325103298     
   2.0750000000000002        2884.0275525923480     
   2.0760000000000001        2884.0241437471755     
   2.0770000000000000        2884.0182201418475     
   2.0780000000000003        2884.0239504840783     
   2.0790000000000002        2884.0272875665160     
   2.0800000000000001        2884.0279579442854     
   2.0810000000000000        2884.0271781636116     
   2.0820000000000003        2884.0202018194786     
   2.0830000000000002        2884.0113996899136     
   2.0840000000000001        2884.0119757605116     
   2.0850000000000000        2884.0070763627373     
   2.0860000000000003        2883.9972959682582     
   2.0870000000000002        2883.9940062822807     
   2.0880000000000001        2883.9894987897933     
   2.0890000000000000        2883.9976946755496     
   2.0900000000000003        2883.9929601887279     
   2.0910000000000002        2883.9945435843088     
   2.0920000000000001        2883.9863811988316     
   2.0930000000000000        2883.9936185697488     
   2.0940000000000003        2883.9939558964370     
   2.0950000000000002        2883.9934159141171     
   2.0960000000000001        2883.9944791945636     
   2.0970000000000000        2883.9906730830239     
   2.0980000000000003        2883.9820930991295     
   2.0990000000000002        2883.9838596546065     
   2.1000000000000001        2883.9871068272610     
   2.1010000000000000        2883.9789781014583     
   2.1020000000000003        2883.9730793078711     
   2.1030000000000002        2883.9664548656774     
   2.1040000000000001        2883.9568766675657     
   2.1050000000000000        2883.9504389152039     
   2.1060000000000003        2883.9473883874325     
   2.1070000000000002        2883.9453091212422     
   2.1080000000000001        2883.9417193594463     
   2.1090000000000000        2883.9335476280066     
   2.1100000000000003        2883.9280501924545     
   2.1110000000000002        2883.9287393481709     
   2.1120000000000001        2883.9270600344739     
   2.1130000000000000        2883.9319297357083     
   2.1140000000000003        2883.9280941161987     
   2.1150000000000002        2883.9372136084457     
   2.1160000000000001        2883.9308001850168     
   2.1170000000000000        2883.9468563293312     
   2.1180000000000003        2883.9404319400437     
   2.1190000000000002        2883.9383864345023     
   2.1200000000000001        2883.9444814952126     
   2.1210000000000000        2883.9393155908065     
   2.1220000000000003        2883.9367425887294     
   2.1230000000000002        2883.9302145220004     
   2.1240000000000001        2883.9232264819252     
   2.1250000000000000        2883.9268374335602     
   2.1260000000000003        2883.9167800994401     
   2.1270000000000002        2883.9170378013255     
   2.1280000000000001        2883.9180903622760     
   2.1290000000000000        2883.9153545057252     
   2.1300000000000003        2883.9163450671381     
   2.1310000000000002        2883.9159095237214     
   2.1320000000000001        2883.9139619206003     
   2.1330000000000000        2883.9046722150042     
   2.1340000000000003        2883.9109562068656     
   2.1350000000000002        2883.9101637173312     
   2.1360000000000001        2883.9102712876429     
   2.1370000000000000        2883.9023424220518     
   2.1380000000000003        2883.9068594436703     
   2.1390000000000002        2883.9075773729096     
   2.1400000000000001        2883.9005798583876     
   2.1410000000000000        2883.9045507184624     
   2.1420000000000003        2883.9044378792960     
   2.1430000000000002        2883.8979327360839     
   2.1440000000000001        2883.8987903234811     
   2.1450000000000000        2883.9043458187371     
   2.1460000000000004        2883.8975544394848     
   2.1470000000000002        2883.8997497177475     
   2.1480000000000001        2883.8958319608869     
   2.1490000000000000        2883.8924475903009     
   2.1500000000000004        2883.8923080090526     
   2.1510000000000002        2883.8989395201302     
   2.1520000000000001        2883.8970301170812     
   2.1530000000000000        2883.8951491193779     
   2.1540000000000004        2883.8929780827120     
   2.1550000000000002        2883.8955554155873     
   2.1560000000000001        2883.8901661843338     
   2.1570000000000000        2883.8857316346439     
   2.1580000000000004        2883.8836402700022     
   2.1590000000000003        2883.8816263635158     
   2.1600000000000001        2883.8782226398971     
   2.1610000000000000        2883.8734034171889     
   2.1620000000000004        2883.8665357685768     
   2.1630000000000003        2883.8640047312429     
   2.1640000000000001        2883.8578306657896     
   2.1650000000000000        2883.8608520382750     
   2.1660000000000004        2883.8660094382235     
   2.1670000000000003        2883.8553830891265     
   2.1680000000000001        2883.8588953794970     
   2.1690000000000000        2883.8587927833842     
   2.1700000000000004        2883.8576006335761     
   2.1710000000000003        2883.8587382089086     
   2.1720000000000002        2883.8528057659937     
   2.1730000000000000        2883.8549663632516     
   2.1740000000000004        2883.8527536024571     
   2.1750000000000003        2883.8492834290673     
   2.1760000000000002        2883.8525344209456     
   2.1770000000000000        2883.8491825177239     
   2.1780000000000004        2883.8485440994473     
   2.1790000000000003        2883.8415941299882     
   2.1800000000000002        2883.8404482839546     
   2.1810000000000000        2883.8296558720499     
   2.1820000000000004        2883.8453916754488     
   2.1830000000000003        2883.8378434291085     
   2.1840000000000002        2883.8376891723215     
   2.1850000000000001        2883.8379466463248     
   2.1860000000000004        2883.8316270207456     
   2.1870000000000003        2883.8394572326033     
   2.1880000000000002        2883.8365194874714     
   2.1890000000000001        2883.8339845434048     
   2.1900000000000004        2883.8350256389472     
   2.1910000000000003        2883.8335280852571     
   2.1920000000000002        2883.8366605362066     
   2.1930000000000001        2883.8297399160256     
   2.1940000000000004        2883.8212279600975     
   2.1950000000000003        2883.8171488067860     
   2.1960000000000002        2883.8129388866564     
   2.1970000000000001        2883.8061737220287     
   2.1980000000000004        2883.8027110582261     
   2.1990000000000003        2883.7981800416792     
   2.2000000000000002        2883.7984237145056     
   2.2010000000000001        2883.8002341587257     
   2.2020000000000004        2883.8005151933608     
   2.2030000000000003        2883.8052091229019     
   2.2040000000000002        2883.7958333485531     
   2.2050000000000001        2883.7998601035529     
   2.2060000000000000        2883.8094216103636     
   2.2070000000000003        2883.7978210222404     
   2.2080000000000002        2883.7982373857117     
   2.2090000000000001        2883.7986098177230     
   2.2100000000000000        2883.7943638789748     
   2.2110000000000003        2883.7918402397727     
   2.2120000000000002        2883.7896215981887     
   2.2130000000000001        2883.7826210547514     
   2.2140000000000000        2883.7787705753940     
   2.2150000000000003        2883.7759743611755     
   2.2160000000000002        2883.7765316293699     
   2.2170000000000001        2883.7747625189695     
   2.2180000000000000        2883.7771506067679     
   2.2190000000000003        2883.7749839644539     
   2.2200000000000002        2883.7829151562869     
   2.2210000000000001        2883.7710361639438     
   2.2220000000000000        2883.7742956992874     
   2.2230000000000003        2883.7751007496786     
   2.2240000000000002        2883.7751053854045     
   2.2250000000000001        2883.7688564209147     
   2.2260000000000000        2883.7725474010940     
   2.2270000000000003        2883.7740588207712     
   2.2280000000000002        2883.7659395568862     
   2.2290000000000001        2883.7644307147634     
   2.2300000000000000        2883.7609191378210     
   2.2310000000000003        2883.7586300709536     
   2.2320000000000002        2883.7555730044069     
   2.2330000000000001        2883.7592754365005     
   2.2340000000000000        2883.7450000754911     
   2.2350000000000003        2883.7423223302690     
   2.2360000000000002        2883.7470315390769     
   2.2370000000000001        2883.7485935359523     
   2.2380000000000000        2883.7455866146861     
   2.2390000000000003        2883.7472494388849     
   2.2400000000000002        2883.7492751044665     
   2.2410000000000001        2883.7478326488999     
   2.2420000000000000        2883.7426511705112     
   2.2430000000000003        2883.7431339750642     
   2.2440000000000002        2883.7388148836058     
   2.2450000000000001        2883.7470341558951     
   2.2460000000000000        2883.7378333345418     
   2.2470000000000003        2883.7468506784890     
   2.2480000000000002        2883.7404629001803     
   2.2490000000000001        2883.7328084433284     
   2.2500000000000000        2883.7306838459090     
   2.2510000000000003        2883.7292668936061     
   2.2520000000000002        2883.7193307852208     
   2.2530000000000001        2883.7149951409610     
   2.2540000000000000        2883.7227741010893     
   2.2550000000000003        2883.7081109013670     
   2.2560000000000002        2883.7154151193354     
   2.2570000000000001        2883.7075115516573     
   2.2580000000000000        2883.7043114526700     
   2.2590000000000003        2883.7063168798368     
   2.2600000000000002        2883.7114089120287     
   2.2610000000000001        2883.7114971115170     
   2.2620000000000000        2883.7096150957063     
   2.2630000000000003        2883.7139366288920     
   2.2640000000000002        2883.7175910673163     
   2.2650000000000001        2883.7058123917350     
   2.2660000000000000        2883.7028641256461     
   2.2670000000000003        2883.6974596078653     
   2.2680000000000002        2883.6943344336360     
   2.2690000000000001        2883.6940113255082     
   2.2700000000000000        2883.6916307685492     
   2.2710000000000004        2883.6837814748224     
   2.2720000000000002        2883.6839486266445     
   2.2730000000000001        2883.6839192774378     
   2.2740000000000000        2883.6902296167805     
   2.2750000000000004        2883.7005415727444     
   2.2760000000000002        2883.6910797948412     
   2.2770000000000001        2883.6806440944415     
   2.2780000000000000        2883.6793749449589     
   2.2790000000000004        2883.6746109963801     
   2.2800000000000002        2883.6802293764863     
   2.2810000000000001        2883.6730675665590     
   2.2820000000000000        2883.6711276389760     
   2.2830000000000004        2883.6721321523937     
   2.2840000000000003        2883.6644516973720     
   2.2850000000000001        2883.6644320182409     
   2.2860000000000000        2883.6557415090156     
   2.2870000000000004        2883.6599765747055     
   2.2880000000000003        2883.6465906412013     
   2.2890000000000001        2883.6452029960546     
   2.2900000000000000        2883.6522712360957     
   2.2910000000000004        2883.6427797317024     
   2.2920000000000003        2883.6410786259580     
   2.2930000000000001        2883.6434843604520     
   2.2940000000000000        2883.6416530565953     
   2.2950000000000004        2883.6396045427891     
   2.2960000000000003        2883.6322344241394     
   2.2970000000000002        2883.6418627715357     
   2.2980000000000000        2883.6389922534117     
   2.2990000000000004        2883.6405938780995     
   2.3000000000000003        2883.6412134524708     
