   1.6500000000000001        2885.6554604905741     
   1.6510000000000002        2885.6773192181604     
   1.6520000000000001        2885.7687923265321     
   1.6530000000000000        2885.8471478956112     
   1.6540000000000001        2885.9513065903752     
   1.6550000000000000        2886.0413838620016     
   1.6560000000000001        2886.1347873850705     
   1.6570000000000000        2886.2333662983692     
   1.6580000000000001        2886.3357689667141     
   1.6590000000000000        2886.4399036628201     
   1.6600000000000001        2886.5439607201770     
   1.6610000000000000        2886.6487918744501     
   1.6620000000000001        2886.7538391176381     
   1.6630000000000000        2886.8593263553216     
   1.6640000000000001        2886.9649025278609     
   1.6650000000000000        2887.0706694765540     
   1.6660000000000001        2887.1763298403553     
   1.6670000000000000        2887.2821200336593     
   1.6680000000000001        2887.3879633570932     
   1.6690000000000000        2887.4936455381130     
   1.6700000000000002        2887.5994358879752     
   1.6710000000000000        2887.7051705790195     
   1.6720000000000002        2887.8108069716341     
   1.6730000000000000        2887.9165522449498     
   1.6740000000000002        2888.0222832237509     
   1.6750000000000000        2888.1280345587447     
   1.6760000000000002        2888.2337458399279     
   1.6770000000000000        2888.3395016098098     
   1.6780000000000002        2888.4452413837703     
   1.6790000000000000        2888.5510724291125     
   1.6800000000000002        2888.6566047937627     
   1.6810000000000000        2888.7623887384984     
   1.6820000000000002        2888.8681528249231     
   1.6830000000000001        2888.9737807166962     
   1.6840000000000002        2889.0791720931252     
   1.6850000000000001        2889.1845637075789     
   1.6860000000000002        2889.2901824849437     
   1.6870000000000001        2889.3956814843855     
   1.6880000000000002        2889.5012829500006     
   1.6890000000000001        2889.6068581831323     
   1.6900000000000002        2889.7124710275443     
   1.6910000000000001        2889.8180667880988     
   1.6920000000000002        2889.9236468098193     
   1.6930000000000001        2890.0292257033047     
   1.6940000000000002        2890.1347391125469     
   1.6950000000000001        2890.2402827440310     
   1.6960000000000002        2890.3458677926174     
   1.6970000000000001        2890.4514341639629     
   1.6980000000000002        2890.5569605085579     
   1.6990000000000001        2890.6624096228393     
   1.7000000000000002        2890.7679266416185     
   1.7010000000000001        2890.8734426179026     
   1.7020000000000002        2890.9789797252993     
   1.7030000000000001        2891.0843915503401     
   1.7040000000000002        2891.1899148922207     
   1.7050000000000001        2891.2938133170078     
   1.7060000000000002        2891.3990499010920     
   1.7070000000000001        2891.5044611724338     
   1.7080000000000002        2891.6099966098200     
   1.7090000000000001        2891.7154988068060     
   1.7100000000000002        2891.8210173106499     
   1.7110000000000001        2891.9264910562201     
   1.7120000000000002        2892.0319745996539     
   1.7130000000000001        2892.1374313473107     
   1.7140000000000002        2892.2429403108008     
   1.7150000000000001        2892.3484623693489     
   1.7160000000000002        2892.4538863841181     
   1.7170000000000001        2892.5592926067375     
   1.7180000000000002        2892.6647746512745     
   1.7190000000000001        2892.7702168362107     
   1.7200000000000002        2892.8756736983114     
   1.7210000000000001        2892.9811798602459     
   1.7220000000000002        2893.0866666747961     
   1.7230000000000001        2893.1921619829704     
   1.7240000000000002        2893.2973484315762     
   1.7250000000000001        2893.4027591207346     
   1.7260000000000002        2893.5082552062531     
   1.7270000000000001        2893.6137380509026     
   1.7280000000000002        2893.7192116002234     
   1.7290000000000001        2893.8244826236510     
   1.7300000000000002        2893.9299258891369     
   1.7310000000000001        2894.0352609014899     
   1.7320000000000002        2894.1406808913212     
   1.7330000000000001        2894.2461656473520     
   1.7340000000000002        2894.3516417377864     
   1.7350000000000001        2894.4571419240297     
   1.7360000000000002        2894.5626305489077     
   1.7370000000000001        2894.6680893876187     
   1.7380000000000002        2894.7735850823456     
   1.7390000000000001        2894.8790703065542     
   1.7400000000000002        2894.9845214213169     
   1.7410000000000001        2895.0899946256732     
   1.7420000000000002        2895.1954591314279     
   1.7430000000000001        2895.3009462405003     
   1.7440000000000002        2895.4064207248280     
   1.7450000000000001        2895.5119144040559     
   1.7460000000000002        2895.6173820454396     
   1.7470000000000001        2895.7228357086456     
   1.7480000000000002        2895.8282823770296     
   1.7490000000000001        2895.9337301881915     
   1.7500000000000002        2896.0390620382732     
   1.7510000000000001        2896.1445092437498     
   1.7520000000000002        2896.2499471250785     
   1.7530000000000001        2896.3554009003069     
   1.7540000000000002        2896.4608451081176     
   1.7550000000000001        2896.5662832384241     
   1.7560000000000002        2896.6717024039363     
   1.7570000000000001        2896.7771429025515     
   1.7580000000000002        2896.8825817157704     
   1.7590000000000001        2896.9879993627346     
   1.7600000000000002        2897.0934504996744     
   1.7610000000000001        2897.1988944830655     
   1.7620000000000002        2897.3043455736602     
   1.7630000000000001        2897.4097937261440     
   1.7640000000000002        2897.5152433035387     
   1.7650000000000001        2897.6206754496461     
   1.7660000000000002        2897.7260964459110     
   1.7670000000000001        2897.8315477237675     
   1.7680000000000002        2897.9369899203175     
   1.7690000000000001        2898.0424297321883     
   1.7700000000000002        2898.1478647026138     
   1.7710000000000001        2898.2533062583366     
   1.7720000000000002        2898.3587503349154     
   1.7730000000000001        2898.4641295253405     
   1.7740000000000002        2898.5695673404725     
   1.7750000000000001        2898.6749956046060     
   1.7760000000000002        2898.7804308452651     
   1.7770000000000001        2898.8858168601387     
   1.7780000000000002        2898.9912199472842     
   1.7790000000000001        2899.0965238627909     
   1.7800000000000002        2899.2019601302914     
   1.7810000000000001        2899.3073927938190     
   1.7820000000000003        2899.4128107203760     
   1.7830000000000001        2899.5182117312652     
   1.7840000000000003        2899.6236237475077     
   1.7850000000000001        2899.7290401576265     
   1.7860000000000003        2899.8342778152050     
   1.7870000000000001        2899.9396970589596     
   1.7880000000000003        2900.0451305063302     
   1.7890000000000001        2900.1505505047976     
   1.7900000000000000        2900.2559559521010     
   1.7910000000000001        2900.3613529537683     
   1.7920000000000000        2900.4667599140294     
   1.7930000000000001        2900.5721863844019     
   1.7940000000000000        2900.6776062492822     
   1.7950000000000002        2900.7830315291021     
   1.7960000000000000        2900.8884489188931     
   1.7970000000000002        2900.9938529070114     
   1.7980000000000000        2901.0992708260828     
   1.7990000000000002        2901.2046796339514     
   1.8000000000000000        2901.3100887725041     
   1.8010000000000002        2901.4155140810653     
   1.8020000000000000        2901.5209291755882     
   1.8030000000000002        2901.6263474258076     
   1.8040000000000000        2901.7317723922301     
   1.8050000000000002        2901.8372019181588     
   1.8060000000000000        2901.9426257175910     
   1.8070000000000002        2902.0480527105660     
   1.8080000000000001        2902.1534749092812     
   1.8090000000000002        2902.2589028535403     
   1.8100000000000001        2902.3643306535400     
   1.8110000000000002        2902.4697608885890     
   1.8120000000000001        2902.5751898267854     
   1.8130000000000002        2902.6806189931967     
   1.8140000000000001        2902.7860490176895     
   1.8150000000000002        2902.8914787594013     
   1.8160000000000001        2902.9969060306908     
   1.8170000000000002        2903.1023193204942     
   1.8180000000000001        2903.2077139611683     
   1.8190000000000002        2903.3130945070611     
   1.8200000000000001        2903.4185103336763     
   1.8210000000000002        2903.5239385052992     
   1.8220000000000001        2903.6293672546967     
   1.8230000000000002        2903.7347889907674     
   1.8240000000000001        2903.8400746775342     
   1.8250000000000002        2903.9454716243499     
   1.8260000000000001        2904.0508789228898     
   1.8270000000000002        2904.1562905486408     
   1.8280000000000001        2904.2617069937555     
   1.8290000000000002        2904.3671153862856     
   1.8300000000000001        2904.4725334051241     
   1.8310000000000002        2904.5779550464363     
   1.8320000000000001        2904.6833800682307     
   1.8330000000000002        2904.7887895828344     
   1.8340000000000001        2904.8941857048280     
   1.8350000000000002        2904.9995854704371     
   1.8360000000000001        2905.1049821904867     
   1.8370000000000002        2905.2103855077908     
   1.8380000000000001        2905.3156314782109     
   1.8390000000000002        2905.4210267259923     
   1.8400000000000001        2905.5263448971850     
   1.8410000000000002        2905.6317069619845     
   1.8420000000000001        2905.7370930865354     
   1.8430000000000002        2905.8424835562032     
   1.8440000000000001        2905.9478683397101     
   1.8450000000000002        2906.0532580781373     
   1.8460000000000001        2906.1586382540031     
   1.8470000000000002        2906.2640253068789     
   1.8480000000000001        2906.3694159378597     
   1.8490000000000002        2906.4748118710372     
   1.8500000000000001        2906.5801982826174     
   1.8510000000000002        2906.6854304776816     
   1.8520000000000001        2906.7905227670990     
   1.8530000000000002        2906.8958685395096     
   1.8540000000000001        2907.0012410753993     
   1.8550000000000002        2907.1066223186185     
   1.8560000000000001        2907.2119759799562     
   1.8570000000000002        2907.3173497943703     
   1.8580000000000001        2907.4227038086524     
   1.8590000000000002        2907.5280921160911     
   1.8600000000000001        2907.6334831516901     
   1.8610000000000002        2907.7388796578266     
   1.8620000000000001        2907.8442609097569     
   1.8630000000000002        2907.9489616488254     
   1.8640000000000001        2908.0543373369114     
   1.8650000000000002        2908.1597287755371     
   1.8660000000000001        2908.2650880935485     
   1.8670000000000002        2908.3704245688341     
   1.8680000000000001        2908.4758044342739     
   1.8690000000000002        2908.5811906911413     
   1.8700000000000001        2908.6865715296285     
   1.8710000000000002        2908.7919590665711     
   1.8720000000000001        2908.8973493173339     
   1.8730000000000002        2909.0027395790630     
   1.8740000000000001        2909.1081310945242     
   1.8750000000000002        2909.2135236412264     
   1.8760000000000001        2909.3189070143612     
   1.8770000000000002        2909.4242909430700     
   1.8780000000000001        2909.5296796460361     
   1.8790000000000002        2909.6350723769897     
   1.8800000000000001        2909.7404644551407     
   1.8810000000000002        2909.8458549186689     
   1.8820000000000001        2909.9512368332685     
   1.8830000000000002        2910.0566183064302     
   1.8840000000000001        2910.1620015249355     
   1.8850000000000002        2910.2673842683362     
   1.8860000000000001        2910.3727704607136     
   1.8870000000000002        2910.4781577736630     
   1.8880000000000001        2910.5835357493438     
   1.8890000000000002        2910.6889162122384     
   1.8900000000000001        2910.7942979843069     
   1.8910000000000002        2910.8996729476075     
   1.8920000000000001        2911.0050427300544     
   1.8930000000000002        2911.1103301920189     
   1.8940000000000001        2911.2156853586680     
   1.8950000000000002        2911.3210541004778     
   1.8960000000000001        2911.4264302806209     
   1.8970000000000002        2911.5318093044302     
   1.8980000000000001        2911.6371912598570     
   1.8990000000000002        2911.7425733801288     
   1.9000000000000001        2911.8479506145177     
   1.9010000000000002        2911.9533311585833     
   1.9020000000000001        2912.0587164033032     
   1.9030000000000002        2912.1641028372201     
   1.9040000000000001        2912.2694900116198     
   1.9050000000000002        2912.3748746010710     
   1.9060000000000001        2912.4802602125369     
   1.9070000000000003        2912.5856226280116     
   1.9080000000000001        2912.6909739253101     
   1.9090000000000003        2912.7963413970760     
   1.9100000000000001        2912.9017208718869     
   1.9110000000000003        2913.0070977764731     
   1.9120000000000001        2913.1124531388095     
   1.9130000000000003        2913.2178179539360     
   1.9140000000000001        2913.3231936728921     
   1.9150000000000003        2913.4285625027242     
   1.9160000000000001        2913.5339419869115     
   1.9170000000000003        2913.6393210485180     
   1.9180000000000001        2913.7446908815577     
   1.9190000000000003        2913.8500737273930     
   1.9200000000000002        2913.9554549836325     
   1.9210000000000003        2914.0608330209934     
   1.9220000000000002        2914.1661931681479     
   1.9230000000000003        2914.2715631880087     
   1.9240000000000002        2914.3769387450684     
   1.9250000000000003        2914.4823029556160     
   1.9260000000000002        2914.5876737424892     
   1.9270000000000003        2914.6930420914723     
   1.9280000000000002        2914.7983995752161     
   1.9290000000000000        2914.9037729146644     
   1.9300000000000002        2915.0091435332133     
   1.9310000000000000        2915.1145201468862     
   1.9320000000000002        2915.2198849721349     
   1.9330000000000001        2915.3252622793202     
   1.9340000000000002        2915.4306213298341     
   1.9350000000000001        2915.5359753029879     
   1.9360000000000002        2915.6413333748096     
   1.9370000000000001        2915.7466982048900     
   1.9380000000000002        2915.8520597433162     
   1.9390000000000001        2915.9574281673636     
   1.9400000000000002        2916.0627965576809     
   1.9410000000000001        2916.1681669735635     
   1.9420000000000002        2916.2735362031312     
   1.9430000000000001        2916.3789027251782     
   1.9440000000000002        2916.4842548617353     
   1.9450000000000001        2916.5896237265356     
   1.9460000000000002        2916.6949886430634     
   1.9470000000000001        2916.8003521435230     
   1.9480000000000002        2916.9057166213511     
   1.9490000000000001        2917.0110800273319     
   1.9500000000000002        2917.1164273706386     
   1.9510000000000001        2917.2217797105855     
   1.9520000000000002        2917.3271367413990     
   1.9530000000000001        2917.4324966835870     
   1.9540000000000002        2917.5378613843268     
   1.9550000000000001        2917.6432223042448     
   1.9560000000000002        2917.7485896164440     
   1.9570000000000001        2917.8539556038199     
   1.9580000000000002        2917.9593248621877     
   1.9590000000000001        2918.0646896526764     
   1.9600000000000002        2918.1700555198236     
   1.9610000000000001        2918.2754239926198     
   1.9620000000000002        2918.3807909730053     
   1.9630000000000001        2918.4861494764327     
   1.9640000000000002        2918.5915024105529     
   1.9650000000000001        2918.6968543661278     
   1.9660000000000002        2918.8022119177872     
   1.9670000000000001        2918.9075474820147     
   1.9680000000000002        2919.0128861534859     
   1.9690000000000001        2919.1182179996308     
   1.9700000000000002        2919.2235513386254     
   1.9710000000000001        2919.3288764514050     
   1.9720000000000002        2919.4342049805969     
   1.9730000000000001        2919.5395360005209     
   1.9740000000000002        2919.6448610295861     
   1.9750000000000001        2919.7501857059251     
   1.9760000000000002        2919.8554867132693     
   1.9770000000000001        2919.9607670983319     
   1.9780000000000002        2920.0660623154295     
   1.9790000000000001        2920.1713566051158     
   1.9800000000000002        2920.2766468036602     
   1.9810000000000001        2920.3819326339290     
   1.9820000000000002        2920.4872099070840     
   1.9830000000000001        2920.5924905401512     
   1.9840000000000002        2920.6977724209305     
   1.9850000000000001        2920.8030551248294     
   1.9860000000000002        2920.9083322792349     
   1.9870000000000001        2921.0136078140008     
   1.9880000000000002        2921.1188692332239     
   1.9890000000000001        2921.2241478278588     
   1.9900000000000002        2921.3294164525446     
   1.9910000000000001        2921.4346842145596     
   1.9920000000000002        2921.5399484126451     
   1.9930000000000001        2921.6452096064504     
   1.9940000000000002        2921.7504789796571     
   1.9950000000000001        2921.8557416594408     
   1.9960000000000002        2921.9610013109605     
   1.9970000000000001        2922.0662722499555     
   1.9980000000000002        2922.1715424509212     
   1.9990000000000001        2922.2768125014095     
   2.0000000000000000        2922.3820812074500     
   2.0010000000000003        2922.4873493658565     
   2.0020000000000002        2922.5925960212203     
   2.0030000000000001        2922.6978578941921     
   2.0040000000000000        2922.8031263633252     
   2.0050000000000003        2922.9083964960282     
   2.0060000000000002        2923.0136622182908     
   2.0070000000000001        2923.1189287809325     
   2.0080000000000000        2923.2241526325120     
   2.0090000000000003        2923.3294167600889     
   2.0100000000000002        2923.4346758661832     
   2.0110000000000001        2923.5399380638487     
   2.0120000000000000        2923.6452016340941     
   2.0130000000000003        2923.7504677113129     
   2.0140000000000002        2923.8557333729045     
   2.0150000000000001        2923.9610017109640     
   2.0160000000000000        2924.0662704050801     
   2.0170000000000003        2924.1715404995180     
   2.0180000000000002        2924.2768097838070     
   2.0190000000000001        2924.3820704646237     
   2.0200000000000000        2924.4873353507601     
   2.0210000000000004        2924.5926004941603     
   2.0220000000000002        2924.6978673614035     
   2.0230000000000001        2924.8031335261653     
   2.0240000000000000        2924.9083839436989     
   2.0250000000000004        2925.0136119305921     
   2.0260000000000002        2925.1188627038255     
   2.0270000000000001        2925.2241222222515     
   2.0280000000000000        2925.3293869285158     
   2.0290000000000004        2925.4346532522236     
   2.0300000000000002        2925.5399217549825     
   2.0310000000000001        2925.6451835894122     
   2.0320000000000000        2925.7504422684174     
   2.0330000000000004        2925.8557050686595     
   2.0340000000000003        2925.9609683137965     
   2.0350000000000001        2926.0662089988114     
   2.0360000000000000        2926.1714518528770     
   2.0370000000000004        2926.2766756443366     
   2.0380000000000003        2926.3819435147470     
   2.0390000000000001        2926.4872133340909     
   2.0400000000000000        2926.5924722329141     
   2.0410000000000004        2926.6977407114864     
   2.0420000000000003        2926.8029050762016     
   2.0430000000000001        2926.9081315010835     
   2.0440000000000000        2927.0133897033934     
   2.0450000000000004        2927.1186536492805     
   2.0460000000000003        2927.2239126756667     
   2.0470000000000002        2927.3291781731018     
   2.0480000000000000        2927.4344453515432     
   2.0490000000000004        2927.5397151384846     
   2.0500000000000003        2927.6449823838580     
   2.0510000000000002        2927.7502496844299     
   2.0520000000000000        2927.8555149513199     
   2.0530000000000004        2927.9607580590387     
   2.0540000000000003        2928.0660066850096     
   2.0550000000000002        2928.1712709630851     
   2.0560000000000000        2928.2765419280763     
   2.0570000000000004        2928.3818097185203     
   2.0580000000000003        2928.4870742727539     
   2.0590000000000002        2928.5923393708313     
   2.0600000000000001        2928.6976044494704     
   2.0610000000000004        2928.8028693841134     
   2.0620000000000003        2928.9081273395427     
   2.0630000000000002        2929.0133939298694     
   2.0640000000000001        2929.1186584606321     
   2.0650000000000004        2929.2239234044910     
   2.0660000000000003        2929.3291874993347     
   2.0670000000000002        2929.4344522018214     
   2.0680000000000001        2929.5396872113133     
   2.0690000000000000        2929.6448483836289     
   2.0700000000000003        2929.7500817266468     
   2.0710000000000002        2929.8553353901038     
   2.0720000000000001        2929.9606016233229     
   2.0730000000000000        2930.0658653846190     
   2.0740000000000003        2930.1711143545904     
   2.0750000000000002        2930.2763271040571     
   2.0760000000000001        2930.3815944281096     
   2.0770000000000000        2930.4868585198797     
   2.0780000000000003        2930.5921271635102     
   2.0790000000000002        2930.6973976506815     
   2.0800000000000001        2930.8026679547484     
   2.0810000000000000        2930.9079375634419     
   2.0820000000000003        2931.0132061495674     
   2.0830000000000002        2931.1184722445537     
   2.0840000000000001        2931.2237420553297     
   2.0850000000000000        2931.3290059447390     
   2.0860000000000003        2931.4342638055023     
   2.0870000000000002        2931.5395203802873     
   2.0880000000000001        2931.6447811427238     
   2.0890000000000000        2931.7500395376537     
   2.0900000000000003        2931.8553014943741     
   2.0910000000000002        2931.9605621755081     
   2.0920000000000001        2932.0658151097782     
   2.0930000000000000        2932.1710742006726     
   2.0940000000000003        2932.2763417254969     
   2.0950000000000002        2932.3815888724862     
   2.0960000000000001        2932.4868532755786     
   2.0970000000000000        2932.5921186992241     
   2.0980000000000003        2932.6973822992695     
   2.0990000000000002        2932.8026461243226     
   2.1000000000000001        2932.9079088047447     
   2.1010000000000000        2933.0131710593701     
   2.1020000000000003        2933.1184320646403     
   2.1030000000000002        2933.2236965413663     
   2.1040000000000001        2933.3289592967890     
   2.1050000000000000        2933.4342236619409     
   2.1060000000000003        2933.5394874048625     
   2.1070000000000002        2933.6447496841629     
   2.1080000000000001        2933.7500149296538     
   2.1090000000000000        2933.8552791042157     
   2.1100000000000003        2933.9605445698203     
   2.1110000000000002        2934.0658056103161     
   2.1120000000000001        2934.1710623793979     
   2.1130000000000000        2934.2763265105050     
   2.1140000000000003        2934.3815922572535     
   2.1150000000000002        2934.4868540890538     
   2.1160000000000001        2934.5921145804509     
   2.1170000000000000        2934.6973728452099     
   2.1180000000000003        2934.8026245734541     
   2.1190000000000002        2934.9078811152726     
   2.1200000000000001        2935.0131380692083     
   2.1210000000000000        2935.1183859776693     
   2.1220000000000003        2935.2236240984134     
   2.1230000000000002        2935.3288683471874     
   2.1240000000000001        2935.4341155137490     
   2.1250000000000000        2935.5393656090378     
   2.1260000000000003        2935.6446169055694     
   2.1270000000000002        2935.7498671749827     
   2.1280000000000001        2935.8551187163539     
   2.1290000000000000        2935.9603702093791     
   2.1300000000000003        2936.0656212269614     
   2.1310000000000002        2936.1708689247753     
   2.1320000000000001        2936.2761163174519     
   2.1330000000000000        2936.3813604631237     
   2.1340000000000003        2936.4866048923236     
   2.1350000000000002        2936.5918500465764     
   2.1360000000000001        2936.6970931763703     
   2.1370000000000000        2936.8023349826576     
   2.1380000000000003        2936.9075792580502     
   2.1390000000000002        2937.0128216394000     
   2.1400000000000001        2937.1180638679498     
   2.1410000000000000        2937.2233030206894     
   2.1420000000000003        2937.3285410677340     
   2.1430000000000002        2937.4337820884375     
   2.1440000000000001        2937.5390229182522     
   2.1450000000000000        2937.6442642736693     
   2.1460000000000004        2937.7495042992332     
   2.1470000000000002        2937.8547412568400     
   2.1480000000000001        2937.9599813272548     
   2.1490000000000000        2938.0652157792088     
   2.1500000000000004        2938.1704524057195     
   2.1510000000000002        2938.2756877258007     
   2.1520000000000001        2938.3809167502313     
   2.1530000000000000        2938.4861465224940     
   2.1540000000000004        2938.5913739214648     
   2.1550000000000002        2938.6966025519105     
   2.1560000000000001        2938.8018290341352     
   2.1570000000000000        2938.9070574011948     
   2.1580000000000004        2939.0122860281654     
   2.1590000000000003        2939.1175140471300     
   2.1600000000000001        2939.2227412310535     
   2.1610000000000000        2939.3279662813557     
   2.1620000000000004        2939.4331928054703     
   2.1630000000000003        2939.5384202580008     
   2.1640000000000001        2939.6436475360360     
   2.1650000000000000        2939.7488747603688     
   2.1660000000000004        2939.8541015072601     
   2.1670000000000003        2939.9593253274456     
   2.1680000000000001        2940.0645484554020     
   2.1690000000000000        2940.1697666530613     
   2.1700000000000004        2940.2749873512603     
   2.1710000000000003        2940.3802090426489     
   2.1720000000000002        2940.4854290629605     
   2.1730000000000000        2940.5906418730997     
   2.1740000000000004        2940.6958514606272     
   2.1750000000000003        2940.8010631590523     
   2.1760000000000002        2940.9062729003244     
   2.1770000000000000        2941.0114801353870     
   2.1780000000000004        2941.1166867235420     
   2.1790000000000003        2941.2218888584525     
   2.1800000000000002        2941.3270907862066     
   2.1810000000000000        2941.4322838300641     
   2.1820000000000004        2941.5374806069217     
   2.1830000000000003        2941.6426610977528     
   2.1840000000000002        2941.7478414101211     
   2.1850000000000001        2941.8530230861929     
   2.1860000000000004        2941.9582001400072     
   2.1870000000000003        2942.0633817349435     
   2.1880000000000002        2942.1685569627093     
   2.1890000000000001        2942.2737318916156     
   2.1900000000000004        2942.3789089757215     
   2.1910000000000003        2942.4840852341908     
   2.1920000000000002        2942.5892609202565     
   2.1930000000000001        2942.6944413508409     
   2.1940000000000004        2942.7996255995599     
   2.1950000000000003        2942.9048085887521     
   2.1960000000000002        2943.0099871981943     
   2.1970000000000001        2943.1151585811044     
   2.1980000000000004        2943.2203362418650     
   2.1990000000000003        2943.3255092234531     
   2.2000000000000002        2943.4306798982966     
   2.2010000000000001        2943.5358524785911     
   2.2020000000000004        2943.6410220279586     
   2.2030000000000003        2943.7461904428437     
   2.2040000000000002        2943.8513566009842     
   2.2050000000000001        2943.9565232868672     
   2.2060000000000000        2944.0616901086810     
   2.2070000000000003        2944.1668565484815     
   2.2080000000000002        2944.2720226587826     
   2.2090000000000001        2944.3771874939271     
   2.2100000000000000        2944.4823508132372     
   2.2110000000000003        2944.5875126277156     
   2.2120000000000002        2944.6926738886227     
   2.2130000000000001        2944.7978378919879     
   2.2140000000000000        2944.9029875973833     
   2.2150000000000003        2945.0081464321543     
   2.2160000000000002        2945.1133047085978     
   2.2170000000000001        2945.2184611540238     
   2.2180000000000000        2945.3236189773843     
   2.2190000000000003        2945.4287741105591     
   2.2200000000000002        2945.5339270030927     
   2.2210000000000001        2945.6390723177274     
   2.2220000000000000        2945.7442279516226     
   2.2230000000000003        2945.8493845661769     
   2.2240000000000002        2945.9545384331732     
   2.2250000000000001        2946.0596784085765     
   2.2260000000000000        2946.1648143006605     
   2.2270000000000003        2946.2699467836619     
   2.2280000000000002        2946.3750716438253     
   2.2290000000000001        2946.4801984611590     
   2.2300000000000000        2946.5853336517780     
   2.2310000000000003        2946.6904684689930     
   2.2320000000000002        2946.7955974960896     
   2.2330000000000001        2946.9007273478328     
   2.2340000000000000        2947.0058635635341     
   2.2350000000000003        2947.1109972305408     
   2.2360000000000002        2947.2161237197088     
   2.2370000000000001        2947.3212435395849     
   2.2380000000000000        2947.4263543568090     
   2.2390000000000003        2947.5314616448209     
   2.2400000000000002        2947.6365669489915     
   2.2410000000000001        2947.7416733469786     
   2.2420000000000000        2947.8467800930716     
   2.2430000000000003        2947.9518727250861     
   2.2440000000000002        2948.0569656053799     
   2.2450000000000001        2948.1620548603441     
   2.2460000000000000        2948.2671448833507     
   2.2470000000000003        2948.3722327015021     
   2.2480000000000002        2948.4773208696001     
   2.2490000000000001        2948.5824106019036     
   2.2500000000000000        2948.6875038480653     
   2.2510000000000003        2948.7925971902382     
   2.2520000000000002        2948.8976901198521     
   2.2530000000000001        2949.0027805018317     
   2.2540000000000000        2949.1078711015521     
   2.2550000000000003        2949.2129642990508     
   2.2560000000000002        2949.3180542259547     
   2.2570000000000001        2949.4231470474251     
   2.2580000000000000        2949.5282343025187     
   2.2590000000000003        2949.6333238001621     
   2.2600000000000002        2949.7384178241732     
   2.2610000000000001        2949.8435115463230     
   2.2620000000000000        2949.9486032996674     
   2.2630000000000003        2950.0536705792256     
   2.2640000000000002        2950.1587614053115     
   2.2650000000000001        2950.2638564041049     
   2.2660000000000000        2950.3689457823893     
   2.2670000000000003        2950.4740333982145     
   2.2680000000000002        2950.5791260674760     
   2.2690000000000001        2950.6842191868959     
   2.2700000000000000        2950.7893117488929     
   2.2710000000000004        2950.8944055868915     
   2.2720000000000002        2950.9994870729265     
   2.2730000000000001        2951.1045775476273     
   2.2740000000000000        2951.2096701939372     
   2.2750000000000004        2951.3147624392832     
   2.2760000000000002        2951.4198532718274     
   2.2770000000000001        2951.5249380282376     
   2.2780000000000000        2951.6300294031439     
   2.2790000000000004        2951.7351167285242     
   2.2800000000000002        2951.8402068625041     
   2.2810000000000001        2951.9452938944937     
   2.2820000000000000        2952.0503855083248     
   2.2830000000000004        2952.1554773597791     
   2.2840000000000003        2952.2605671661663     
   2.2850000000000001        2952.3656596533920     
   2.2860000000000000        2952.4707497534714     
   2.2870000000000004        2952.5758411151992     
   2.2880000000000003        2952.6809326718667     
   2.2890000000000001        2952.7860252110750     
   2.2900000000000000        2952.8911181101198     
   2.2910000000000004        2952.9962096627692     
   2.2920000000000003        2953.1013011476975     
   2.2930000000000001        2953.2063888844841     
   2.2940000000000000        2953.3114773068860     
   2.2950000000000004        2953.4165621585394     
   2.2960000000000003        2953.5216465930939     
   2.2970000000000002        2953.6267272400300     
   2.2980000000000000        2953.7318092508576     
   2.2990000000000004        2953.8368931533710     
   2.3000000000000003        2953.9419717573314     
   2.3010000000000002        2954.0470492916647     
   2.3020000000000000        2954.1521290681726     
   2.3030000000000004        2954.2572097294956     
   2.3040000000000003        2954.3622909205528     
   2.3050000000000002        2954.4673596282764     
   2.3060000000000000        2954.5724292157529     
   2.3070000000000004        2954.6775112022369     
   2.3080000000000003        2954.7825929136338     
   2.3090000000000002        2954.8876752228198     
   2.3100000000000001        2954.9927525267531     
   2.3110000000000004        2955.0978321365128     
   2.3120000000000003        2955.2029081913574     
   2.3130000000000002        2955.3079843674477     
   2.3140000000000001        2955.4130624339628     
   2.3150000000000004        2955.5181283588245     
   2.3160000000000003        2955.6231951683135     
   2.3170000000000002        2955.7282730091210     
   2.3180000000000001        2955.8333531441863     
   2.3190000000000004        2955.9384329180289     
   2.3200000000000003        2956.0435109228715     
   2.3210000000000002        2956.1485606798565     
   2.3220000000000001        2956.2536558387401     
   2.3230000000000004        2956.3587359742069     
   2.3240000000000003        2956.4638173688395     
   2.3250000000000002        2956.5688996148888     
   2.3260000000000001        2956.6739828802033     
   2.3270000000000004        2956.7790649267499     
   2.3280000000000003        2956.8841429810600     
   2.3290000000000002        2956.9892228671638     
   2.3300000000000001        2957.0943044375249     
   2.3310000000000004        2957.1993882412576     
   2.3320000000000003        2957.3044722752525     
   2.3330000000000002        2957.4095546620192     
   2.3340000000000001        2957.5146378172567     
   2.3350000000000004        2957.6197216488399     
   2.3360000000000003        2957.7248030055075     
   2.3370000000000002        2957.8298858806297     
   2.3380000000000001        2957.9349658644446     
   2.3390000000000004        2958.0400442509008     
   2.3400000000000003        2958.1451240423694     
   2.3410000000000002        2958.2502057999882     
   2.3420000000000001        2958.3552850068772     
   2.3430000000000000        2958.4603630179645     
   2.3440000000000003        2958.5654417121450     
   2.3450000000000002        2958.6705218492489     
   2.3460000000000001        2958.7756028148465     
   2.3470000000000000        2958.8806838730229     
   2.3480000000000003        2958.9857671871059     
   2.3490000000000002        2959.0908339659350     
   2.3500000000000001        2959.1959085607837     
   2.3510000000000000        2959.3009852233108     
   2.3520000000000003        2959.4060628740622     
   2.3530000000000002        2959.5111413354480     
   2.3540000000000001        2959.6162214688538     
   2.3550000000000000        2959.7213013491996     
   2.3560000000000003        2959.8263787204060     
   2.3570000000000002        2959.9314508377615     
   2.3580000000000001        2960.0365328582038     
   2.3590000000000000        2960.1416138367749     
   2.3600000000000003        2960.2466916902486     
   2.3610000000000002        2960.3517698350556     
   2.3620000000000001        2960.4568477311686     
   2.3630000000000000        2960.5619273239122     
   2.3640000000000003        2960.6670102482535     
   2.3650000000000002        2960.7720917551396     
   2.3660000000000001        2960.8771728559768     
   2.3670000000000000        2960.9822479670324     
   2.3680000000000003        2961.0873258894280     
   2.3690000000000002        2961.1924073742562     
   2.3700000000000001        2961.2974895570942     
   2.3710000000000000        2961.4025726967043     
   2.3720000000000003        2961.5076546724345     
   2.3730000000000002        2961.6127267795605     
   2.3740000000000001        2961.7177932865484     
   2.3750000000000000        2961.8228670960771     
   2.3760000000000003        2961.9279473060628     
   2.3770000000000002        2962.0330295785784     
   2.3780000000000001        2962.1381128718340     
   2.3790000000000000        2962.2431956118135     
   2.3800000000000003        2962.3482779337783     
   2.3810000000000002        2962.4533526063969     
   2.3820000000000001        2962.5584333491524     
   2.3830000000000000        2962.6635185032446     
   2.3840000000000003        2962.7685930571920     
   2.3850000000000002        2962.8736523098792     
   2.3860000000000001        2962.9787247263771     
   2.3870000000000000        2963.0837982438202     
   2.3880000000000003        2963.1888797482197     
   2.3890000000000002        2963.2939479974580     
   2.3900000000000001        2963.3990181795921     
   2.3910000000000000        2963.5040932756051     
   2.3920000000000003        2963.6091733201724     
   2.3930000000000002        2963.7142573228548     
   2.3940000000000001        2963.8193414105867     
   2.3950000000000000        2963.9244248982404     
   2.3960000000000004        2964.0295067556103     
   2.3970000000000002        2964.1345865324602     
   2.3980000000000001        2964.2396681972773     
   2.3990000000000000        2964.3447441210178     
   2.4000000000000004        2964.4498242184791     
   2.4010000000000002        2964.5549075544486     
   2.4020000000000001        2964.6599899645425     
   2.4030000000000000        2964.7650681860500     
   2.4040000000000004        2964.8701515184739     
   2.4050000000000002        2964.9752345243473     
   2.4060000000000001        2965.0803186179924     
   2.4070000000000000        2965.1854013103584     
   2.4080000000000004        2965.2904854846197     
   2.4090000000000003        2965.3955685376118     
   2.4100000000000001        2965.5006492851990     
   2.4110000000000000        2965.6057309510302     
   2.4120000000000004        2965.7108054026776     
   2.4130000000000003        2965.8158875845329     
   2.4140000000000001        2965.9209667471964     
   2.4150000000000000        2966.0260477228026     
   2.4160000000000004        2966.1311340220745     
   2.4170000000000003        2966.2362091784921     
   2.4180000000000001        2966.3412821895035     
   2.4190000000000000        2966.4463612911263     
   2.4200000000000004        2966.5514423631321     
   2.4210000000000003        2966.6565234673244     
   2.4220000000000002        2966.7616044431038     
   2.4230000000000000        2966.8666750436646     
   2.4240000000000004        2966.9717476927167     
   2.4250000000000003        2967.0768259996039     
   2.4260000000000002        2967.1819037859541     
   2.4270000000000000        2967.2869787931368     
   2.4280000000000004        2967.3920580042241     
   2.4290000000000003        2967.4971380970937     
   2.4300000000000002        2967.6021999495401     
   2.4310000000000000        2967.7072759499997     
   2.4320000000000004        2967.8123505921026     
   2.4330000000000003        2967.9174225426586     
   2.4340000000000002        2968.0224925258408     
   2.4350000000000001        2968.1275604081943     
   2.4360000000000004        2968.2326278373821     
   2.4370000000000003        2968.3376953133406     
   2.4380000000000002        2968.4427643508525     
   2.4390000000000001        2968.5478325585636     
   2.4400000000000004        2968.6528981982406     
   2.4410000000000003        2968.7579639779633     
   2.4420000000000002        2968.8630290835267     
   2.4430000000000001        2968.9680920251208     
   2.4440000000000004        2969.0731439321280     
   2.4450000000000003        2969.1782036715654     
   2.4460000000000002        2969.2832643052297     
   2.4470000000000001        2969.3883250313443     
   2.4480000000000004        2969.4933824086056     
   2.4490000000000003        2969.5984352372689     
   2.4500000000000002        2969.7034934446592     
   2.4510000000000001        2969.8085508462700     
   2.4520000000000004        2969.9136005655546     
   2.4530000000000003        2970.0186585165643     
   2.4540000000000002        2970.1237168412081     
   2.4550000000000001        2970.2287569530204     
   2.4560000000000004        2970.3338128308960     
   2.4570000000000003        2970.4388727649271     
   2.4580000000000002        2970.5439336872500     
   2.4590000000000001        2970.6489895844988     
   2.4600000000000004        2970.7540483648427     
   2.4610000000000003        2970.8591068955475     
   2.4620000000000002        2970.9641657089614     
   2.4630000000000001        2971.0692240435483     
   2.4640000000000004        2971.1742834499328     
   2.4650000000000003        2971.2793418493588     
   2.4660000000000002        2971.3844002879750     
   2.4670000000000001        2971.4894585733527     
   2.4680000000000004        2971.5945166636589     
   2.4690000000000003        2971.6995746801113     
   2.4700000000000002        2971.8046332432946     
   2.4710000000000001        2971.9096919753320     
   2.4720000000000004        2972.0147437020487     
   2.4730000000000003        2972.1198023402717     
   2.4740000000000002        2972.2248613731995     
   2.4750000000000001        2972.3299194263527     
   2.4760000000000004        2972.4349707904976     
   2.4770000000000003        2972.5400279757127     
   2.4780000000000002        2972.6450858288867     
   2.4790000000000001        2972.7501436810135     
   2.4800000000000000        2972.8552018914179     
   2.4810000000000003        2972.9602586498013     
   2.4820000000000002        2973.0653152790424     
   2.4830000000000001        2973.1703746864710     
   2.4840000000000000        2973.2754326638146     
   2.4850000000000003        2973.3804904464737     
   2.4860000000000002        2973.4855466672066     
   2.4870000000000001        2973.5906026587322     
   2.4880000000000000        2973.6956593353175     
   2.4890000000000003        2973.8007138146672     
   2.4900000000000002        2973.9057670671268     
   2.4910000000000001        2974.0108048244683     
   2.4920000000000000        2974.1158518143661     
   2.4930000000000003        2974.2209020913556     
   2.4940000000000002        2974.3259522069848     
   2.4950000000000001        2974.4310006644419     
   2.4960000000000000        2974.5360489074269     
   2.4970000000000003        2974.6410906063861     
   2.4980000000000002        2974.7461256845368     
   2.4990000000000001        2974.8511729059874     
   2.5000000000000000        2974.9562193912861     
   2.5010000000000003        2975.0612661055193     
   2.5020000000000002        2975.1663115251313     
   2.5030000000000001        2975.2713571744957     
   2.5040000000000000        2975.3764025993564     
   2.5050000000000003        2975.4814488355119     
   2.5060000000000002        2975.5864950940390     
   2.5070000000000001        2975.6915376144675     
   2.5080000000000000        2975.7965823998834     
   2.5090000000000003        2975.9016281077229     
   2.5100000000000002        2976.0066668940326     
   2.5110000000000001        2976.1117037893769     
   2.5120000000000000        2976.2167465331408     
   2.5130000000000003        2976.3217909431933     
   2.5140000000000002        2976.4268349069484     
   2.5150000000000001        2976.5318798834955     
   2.5160000000000000        2976.6369247132016     
   2.5170000000000003        2976.7419707068921     
   2.5180000000000002        2976.8470169818524     
   2.5190000000000001        2976.9520551685728     
   2.5200000000000000        2977.0570862432683     
   2.5210000000000004        2977.1621089769756     
   2.5220000000000002        2977.2671282653560     
   2.5230000000000001        2977.3721447992893     
   2.5240000000000000        2977.4771609226773     
   2.5250000000000004        2977.5821696987819     
   2.5260000000000002        2977.6871756341052     
   2.5270000000000001        2977.7921779323460     
   2.5280000000000000        2977.8971013422361     
   2.5290000000000004        2978.0020699348670     
   2.5300000000000002        2978.1070708672696     
   2.5310000000000001        2978.2120760029397     
   2.5320000000000000        2978.3170787596400     
   2.5330000000000004        2978.4220843884086     
   2.5340000000000003        2978.5270912478277     
   2.5350000000000001        2978.6320978963399     
   2.5360000000000000        2978.7371002212194     
   2.5370000000000004        2978.8421037647859     
   2.5380000000000003        2978.9471105274929     
   2.5390000000000001        2979.0521180486471     
   2.5400000000000000        2979.1571240437975     
   2.5410000000000004        2979.2621309652714     
   2.5420000000000003        2979.3671388194352     
   2.5430000000000001        2979.4721435535871     
   2.5440000000000000        2979.5771472347374     
   2.5450000000000004        2979.6821511096878     
   2.5460000000000003        2979.7871468401859     
   2.5470000000000002        2979.8921530993034     
   2.5480000000000000        2979.9971593257110     
   2.5490000000000004        2980.1021677090762     
   2.5500000000000003        2980.2071754590838     
   2.5510000000000002        2980.3121828010057     
   2.5520000000000000        2980.4171899238968     
   2.5530000000000004        2980.5221971719202     
   2.5540000000000003        2980.6272045222213     
   2.5550000000000002        2980.7322108640369     
   2.5560000000000000        2980.8372167567059     
   2.5570000000000004        2980.9422156264704     
   2.5580000000000003        2981.0472176904941     
   2.5590000000000002        2981.1522222062999     
   2.5600000000000001        2981.2572195914295     
   2.5610000000000004        2981.3622172874489     
   2.5620000000000003        2981.4672141302817     
   2.5630000000000002        2981.5722088068351     
   2.5640000000000001        2981.6772029512936     
   2.5650000000000004        2981.7821997926849     
   2.5660000000000003        2981.8871963201209     
   2.5670000000000002        2981.9921923928264     
   2.5680000000000001        2982.0971882224108     
   2.5690000000000004        2982.2021833189374     
   2.5700000000000003        2982.3071744037470     
   2.5710000000000002        2982.4121639759614     
   2.5720000000000001        2982.5171565224559     
   2.5730000000000004        2982.6221470591158     
   2.5740000000000003        2982.7271400453701     
   2.5750000000000002        2982.8321330697445     
   2.5760000000000001        2982.9371222908762     
   2.5770000000000004        2983.0421053414925     
   2.5780000000000003        2983.1470953273811     
   2.5790000000000002        2983.2520871124443     
   2.5800000000000001        2983.3570786379973     
   2.5810000000000004        2983.4620703742971     
   2.5820000000000003        2983.5670606529288     
   2.5830000000000002        2983.6720412804125     
   2.5840000000000001        2983.7770303816869     
   2.5850000000000004        2983.8820218467363     
   2.5860000000000003        2983.9870052938595     
   2.5870000000000002        2984.0919875339528     
   2.5880000000000001        2984.1969778582047     
   2.5890000000000004        2984.3019660862842     
   2.5900000000000003        2984.4069535488943     
   2.5910000000000002        2984.5119446734366     
   2.5920000000000001        2984.6169364958214     
   2.5930000000000004        2984.7219197991535     
   2.5940000000000003        2984.8269026898911     
   2.5950000000000002        2984.9318845392559     
   2.5960000000000001        2985.0368650997793     
   2.5970000000000004        2985.1418459747824     
   2.5980000000000003        2985.2468287669562     
   2.5990000000000002        2985.3518021235263     
   2.6000000000000001        2985.4567317312249     
   2.6010000000000004        2985.5617099853102     
   2.6020000000000003        2985.6666875294595     
   2.6030000000000002        2985.7716651724481     
   2.6040000000000001        2985.8766433445189     
   2.6050000000000004        2985.9816204754484     
   2.6060000000000003        2986.0865985048554     
   2.6070000000000002        2986.1915751595575     
   2.6080000000000001        2986.2965491102968     
   2.6090000000000004        2986.4015248180808     
   2.6100000000000003        2986.5065020746688     
   2.6110000000000002        2986.6114761322697     
   2.6120000000000001        2986.7164507268531     
   2.6130000000000004        2986.8214271118477     
   2.6140000000000003        2986.9264038323327     
   2.6150000000000002        2987.0313803900276     
   2.6160000000000001        2987.1363574466682     
   2.6170000000000000        2987.2413328444036     
   2.6180000000000003        2987.3463095517272     
   2.6190000000000002        2987.4512857281516     
   2.6200000000000001        2987.5562621168187     
   2.6210000000000000        2987.6612380326587     
   2.6220000000000003        2987.7662109360840     
   2.6230000000000002        2987.8711894725302     
   2.6240000000000001        2987.9761658840421     
   2.6250000000000000        2988.0811419533948     
   2.6260000000000003        2988.1861183073916     
   2.6270000000000002        2988.2910932352670     
   2.6280000000000001        2988.3960694796101     
   2.6290000000000000        2988.5010449108327     
   2.6300000000000003        2988.6060195529581     
   2.6310000000000002        2988.7109939239526     
   2.6320000000000001        2988.8159654249193     
   2.6330000000000000        2988.9209401395137     
   2.6340000000000003        2989.0259116904112     
   2.6350000000000002        2989.1308792222903     
   2.6360000000000001        2989.2358458555295     
   2.6370000000000000        2989.3408120713552     
   2.6380000000000003        2989.4457786195189     
   2.6390000000000002        2989.5507505819933     
   2.6400000000000001        2989.6557209236576     
   2.6410000000000000        2989.7606918744755     
   2.6420000000000003        2989.8656647300531     
   2.6430000000000002        2989.9706291289085     
   2.6440000000000001        2990.0755890497730     
   2.6450000000000000        2990.1805438616157     
   2.6460000000000004        2990.2855024087658     
   2.6470000000000002        2990.3904579353020     
   2.6480000000000001        2990.4954134097170     
   2.6490000000000000        2990.6003572508571     
   2.6500000000000004        2990.7052981720244     
   2.6510000000000002        2990.8102421746376     
   2.6520000000000001        2990.9151855139726     
   2.6530000000000000        2991.0201279735566     
   2.6540000000000004        2991.1250705670409     
   2.6550000000000002        2991.2299556849348     
   2.6560000000000001        2991.3348785004750     
   2.6570000000000000        2991.4398162116076     
   2.6580000000000004        2991.5447557829571     
   2.6590000000000003        2991.6496963437680     
   2.6600000000000001        2991.7546343595213     
   2.6610000000000000        2991.8595713459163     
   2.6620000000000004        2991.9645064841106     
   2.6630000000000003        2992.0694395426422     
   2.6640000000000001        2992.1743685526262     
   2.6650000000000000        2992.2791325212270     
   2.6660000000000004        2992.3839888211583     
   2.6670000000000003        2992.4888453992730     
   2.6680000000000001        2992.5937011347628     
   2.6690000000000000        2992.6985549906854     
   2.6700000000000004        2992.8034084614201     
   2.6710000000000003        2992.9082619478827     
   2.6720000000000002        2993.0131142173973     
   2.6730000000000000        2993.1179672548737     
   2.6740000000000004        2993.2228171800371     
   2.6750000000000003        2993.3276665688577     
   2.6760000000000002        2993.4325138133768     
   2.6770000000000000        2993.5373642496988     
   2.6780000000000004        2993.6422173040219     
   2.6790000000000003        2993.7470683260885     
   2.6800000000000002        2993.8519201005824     
   2.6810000000000000        2993.9567693882536     
   2.6820000000000004        2994.0616037232044     
   2.6830000000000003        2994.1664556359892     
   2.6840000000000002        2994.2713061378186     
   2.6850000000000001        2994.3761586409992     
   2.6860000000000004        2994.4810088284817     
   2.6870000000000003        2994.5858612015422     
   2.6880000000000002        2994.6906857217286     
   2.6890000000000001        2994.7955075476884     
   2.6900000000000004        2994.9003502802566     
   2.6910000000000003        2995.0051947896159     
   2.6920000000000002        2995.1100408626926     
   2.6930000000000001        2995.2148873418801     
   2.6940000000000004        2995.3197276065562     
   2.6950000000000003        2995.4245677101949     
   2.6960000000000002        2995.5294121549377     
   2.6970000000000001        2995.6342445886889     
   2.6980000000000004        2995.7390887761558     
   2.6990000000000003        2995.8439321012816     
   2.7000000000000002        2995.9487759220156     
   2.7010000000000001        2996.0536193538678     
   2.7020000000000004        2996.1584613249584     
   2.7030000000000003        2996.2633046843557     
   2.7040000000000002        2996.3681483848459     
   2.7050000000000001        2996.4729923112664     
   2.7060000000000004        2996.5778365499523     
   2.7070000000000003        2996.6826815828649     
   2.7080000000000002        2996.7875272236915     
   2.7090000000000001        2996.8923735134049     
   2.7100000000000004        2996.9972187452454     
   2.7110000000000003        2997.1020644199843     
   2.7120000000000002        2997.2069090803429     
   2.7130000000000001        2997.3117544420979     
   2.7140000000000004        2997.4165983517942     
   2.7150000000000003        2997.5214431194527     
   2.7160000000000002        2997.6262855336581     
   2.7170000000000001        2997.7311300873730     
   2.7180000000000004        2997.8359754070630     
   2.7190000000000003        2997.9408207296187     
   2.7200000000000002        2998.0456663694895     
   2.7210000000000001        2998.1505132070884     
   2.7220000000000004        2998.2553595057830     
   2.7230000000000003        2998.3602051337593     
   2.7240000000000002        2998.4650521145754     
   2.7250000000000001        2998.5698986978305     
   2.7260000000000004        2998.6747456766757     
   2.7270000000000003        2998.7795920826170     
   2.7280000000000002        2998.8844389706319     
   2.7290000000000001        2998.9892841984311     
   2.7300000000000004        2999.0941274519446     
   2.7310000000000003        2999.1989720613606     
   2.7320000000000002        2999.3038163300071     
   2.7330000000000001        2999.4086625473651     
   2.7340000000000004        2999.5134877519617     
   2.7350000000000003        2999.6183270920196     
   2.7360000000000002        2999.7231709277880     
   2.7370000000000001        2999.8280182258554     
   2.7380000000000004        2999.9328663647188     
   2.7390000000000003        3000.0377124845022     
   2.7400000000000002        3000.1425561509000     
   2.7410000000000001        3000.2474015145031     
   2.7420000000000004        3000.3522437645679     
   2.7430000000000003        3000.4570895046577     
   2.7440000000000002        3000.5619329368865     
   2.7450000000000001        3000.6667766514784     
   2.7460000000000004        3000.7716222493773     
   2.7470000000000003        3000.8764672229872     
   2.7480000000000002        3000.9813098736486     
   2.7490000000000001        3001.0861494350675     
   2.7500000000000004        3001.1909908743087     
   2.7510000000000003        3001.2958317965763     
   2.7520000000000002        3001.4006563314651     
   2.7530000000000001        3001.5054807099323     
   2.7540000000000000        3001.6102896875836     
   2.7550000000000003        3001.7151194654907     
   2.7560000000000002        3001.8199514190233     
   2.7570000000000001        3001.9247820273154     
   2.7580000000000000        3002.0296082983191     
   2.7590000000000003        3002.1344407098163     
   2.7600000000000002        3002.2392715793762     
   2.7610000000000001        3002.3441015287331     
   2.7620000000000000        3002.4489294052246     
   2.7630000000000003        3002.5537578033545     
   2.7640000000000002        3002.6585900578029     
   2.7650000000000001        3002.7634207839596     
   2.7660000000000000        3002.8682534388008     
   2.7670000000000003        3002.9730336961074     
   2.7680000000000002        3003.0778488410106     
   2.7690000000000001        3003.1826734578626     
   2.7700000000000000        3003.2874997705917     
   2.7710000000000004        3003.3923211076749     
   2.7720000000000002        3003.4971473575115     
   2.7730000000000001        3003.6019738535592     
   2.7740000000000000        3003.7067987729633     
   2.7750000000000004        3003.8116229741449     
   2.7760000000000002        3003.9164371791089     
   2.7770000000000001        3004.0212602451402     
   2.7780000000000000        3004.1260870789874     
   2.7790000000000004        3004.2309116570464     
   2.7800000000000002        3004.3357385522231     
   2.7810000000000001        3004.4405641963408     
   2.7820000000000000        3004.5453888621660     
   2.7830000000000004        3004.6502131112220     
   2.7840000000000003        3004.7550357352147     
   2.7850000000000001        3004.8598534980715     
   2.7860000000000000        3004.9646685547291     
   2.7870000000000004        3005.0694833866919     
   2.7880000000000003        3005.1742976336113     
   2.7890000000000001        3005.2791144069884     
   2.7900000000000000        3005.3839301878515     
   2.7910000000000004        3005.4887457158188     
   2.7920000000000003        3005.5935615098219     
   2.7930000000000001        3005.6983767358911     
   2.7940000000000000        3005.8031914465746     
   2.7950000000000004        3005.9080054340275     
   2.7960000000000003        3006.0128181988462     
   2.7970000000000002        3006.1176307302208     
   2.7980000000000000        3006.2224430274946     
   2.7990000000000004        3006.3272522509342     
   2.8000000000000003        3006.4320613562945     
   2.8010000000000002        3006.5368726209963     
   2.8020000000000000        3006.6416818817352     
   2.8030000000000004        3006.7464918590049     
   2.8040000000000003        3006.8513029960009     
   2.8050000000000002        3006.9561133715497     
   2.8060000000000000        3007.0609205132464     
   2.8070000000000004        3007.1657283632271     
   2.8080000000000003        3007.2705363637433     
   2.8090000000000002        3007.3753461518218     
   2.8100000000000001        3007.4801553078369     
   2.8110000000000004        3007.5849625778783     
   2.8120000000000003        3007.6897714233924     
   2.8130000000000002        3007.7945805400877     
   2.8140000000000001        3007.8993898744602     
   2.8150000000000004        3008.0041990604359     
   2.8160000000000003        3008.1090080242125     
   2.8170000000000002        3008.2138167383014     
   2.8180000000000001        3008.3186254386778     
   2.8190000000000004        3008.4234343166850     
   2.8200000000000003        3008.5282410723853     
   2.8210000000000002        3008.6330486214770     
   2.8220000000000001        3008.7378562435883     
   2.8230000000000004        3008.8426640572311     
   2.8240000000000003        3008.9474703498017     
   2.8250000000000002        3009.0522779170524     
   2.8260000000000001        3009.1570867644527     
   2.8270000000000004        3009.2618942395470     
   2.8280000000000003        3009.3666983504854     
   2.8290000000000002        3009.4715018219163     
   2.8300000000000001        3009.5763042192375     
   2.8310000000000004        3009.6810961458186     
   2.8320000000000003        3009.7858876708360     
   2.8330000000000002        3009.8906864868650     
   2.8340000000000001        3009.9954869679900     
   2.8350000000000004        3010.1002868630844     
   2.8360000000000003        3010.2050871129245     
   2.8370000000000002        3010.3098872386640     
   2.8380000000000001        3010.4146869805168     
   2.8390000000000004        3010.5194870911218     
   2.8400000000000003        3010.6242876597657     
   2.8410000000000002        3010.7290870659585     
   2.8420000000000001        3010.8338872620734     
   2.8430000000000004        3010.9386875717878     
   2.8440000000000003        3011.0434876072022     
   2.8450000000000002        3011.1482875220763     
   2.8460000000000001        3011.2530806154718     
   2.8470000000000004        3011.3578782475083     
   2.8480000000000003        3011.4626625644746     
   2.8490000000000002        3011.5674546481569     
   2.8500000000000001        3011.6722522775299     
   2.8510000000000004        3011.7770497469373     
   2.8520000000000003        3011.8818487417957     
   2.8530000000000002        3011.9866475091135     
   2.8540000000000001        3012.0914458975294     
   2.8550000000000004        3012.1962445375034     
   2.8560000000000003        3012.3010433812819     
   2.8570000000000002        3012.4058419812927     
   2.8580000000000001        3012.5106406221498     
   2.8590000000000004        3012.6154374541552     
   2.8600000000000003        3012.7202352956215     
   2.8610000000000002        3012.8250320873412     
   2.8620000000000001        3012.9298289366930     
   2.8630000000000004        3013.0346252933232     
   2.8640000000000003        3013.1394220144898     
   2.8650000000000002        3013.2442192584026     
   2.8660000000000001        3013.3490142470005     
   2.8670000000000004        3013.4538124215810     
   2.8680000000000003        3013.5586085457549     
   2.8690000000000002        3013.6634051984702     
   2.8700000000000001        3013.7682023750067     
   2.8710000000000004        3013.8729992897161     
   2.8720000000000003        3013.9777964589489     
   2.8730000000000002        3014.0825935173116     
   2.8740000000000001        3014.1873910041395     
   2.8750000000000004        3014.2921881960738     
   2.8760000000000003        3014.3969849107284     
   2.8770000000000002        3014.5017819653208     
   2.8780000000000001        3014.6065774120734     
   2.8790000000000004        3014.7113724484911     
   2.8800000000000003        3014.8161686556091     
   2.8810000000000002        3014.9209653008388     
   2.8820000000000001        3015.0257620853540     
   2.8830000000000005        3015.1305578241490     
   2.8840000000000003        3015.2353543717709     
   2.8850000000000002        3015.3401500936470     
   2.8860000000000001        3015.4449465622370     
   2.8870000000000005        3015.5497429915317     
   2.8880000000000003        3015.6545389056587     
   2.8890000000000002        3015.7593350779771     
   2.8900000000000001        3015.8641028368515     
   2.8910000000000005        3015.9688807439757     
   2.8920000000000003        3016.0736532433602     
   2.8930000000000002        3016.1784178808020     
   2.8940000000000001        3016.2831797079143     
   2.8950000000000000        3016.3879415221536     
   2.8960000000000004        3016.4927039587346     
   2.8970000000000002        3016.5974642334618     
   2.8980000000000001        3016.7022272959507     
   2.8990000000000000        3016.8069891956352     
   2.9000000000000004        3016.9117486019400     
   2.9010000000000002        3017.0165084901796     
   2.9020000000000001        3017.1212692640233     
   2.9030000000000000        3017.2260306914627     
   2.9040000000000004        3017.3307932741041     
   2.9050000000000002        3017.4355560716858     
   2.9060000000000001        3017.5403195233116     
   2.9070000000000000        3017.6450812682792     
   2.9080000000000004        3017.7498408076017     
   2.9090000000000003        3017.8546039129824     
   2.9100000000000001        3017.9593671876050     
   2.9110000000000000        3018.0641298150690     
   2.9120000000000004        3018.1688937457984     
   2.9130000000000003        3018.2736574156761     
   2.9140000000000001        3018.3784212918431     
   2.9150000000000000        3018.4831852196317     
   2.9160000000000004        3018.5879489974132     
   2.9170000000000003        3018.6927126024179     
   2.9180000000000001        3018.7974763282446     
   2.9190000000000000        3018.9022400438716     
   2.9200000000000004        3019.0070046289238     
   2.9210000000000003        3019.1117701014423     
   2.9220000000000002        3019.2165341752552     
   2.9230000000000000        3019.3212981263350     
   2.9240000000000004        3019.4260623656392     
   2.9250000000000003        3019.5308260369525     
   2.9260000000000002        3019.6355886132415     
   2.9270000000000000        3019.7403524921642     
   2.9280000000000004        3019.8451163931168     
   2.9290000000000003        3019.9498805877151     
   2.9300000000000002        3020.0546445967448     
   2.9310000000000000        3020.1594085673473     
   2.9320000000000004        3020.2641723937118     
   2.9330000000000003        3020.3689357372318     
   2.9340000000000002        3020.4736994592126     
   2.9350000000000001        3020.5784631843562     
   2.9360000000000004        3020.6832122208280     
   2.9370000000000003        3020.7879736447640     
   2.9380000000000002        3020.8927216799470     
   2.9390000000000001        3020.9974952228395     
   2.9400000000000004        3021.1022695002871     
   2.9410000000000003        3021.2070438934134     
   2.9420000000000002        3021.3118183083175     
   2.9430000000000001        3021.4165927566287     
   2.9440000000000004        3021.5213669411110     
   2.9450000000000003        3021.6261409543276     
   2.9460000000000002        3021.7309148895142     
   2.9470000000000001        3021.8356887356144     
   2.9480000000000004        3021.9404627729609     
   2.9490000000000003        3022.0452324945495     
   2.9500000000000002        3022.1499798071809     
   2.9510000000000001        3022.2547271590406     
   2.9520000000000004        3022.3594745135501     
   2.9530000000000003        3022.4642222046587     
   2.9540000000000002        3022.5689699892073     
   2.9550000000000001        3022.6737173476904     
   2.9560000000000004        3022.7784647455360     
   2.9570000000000003        3022.8832117977613     
   2.9580000000000002        3022.9879591620411     
   2.9590000000000001        3023.0927067748926     
   2.9600000000000004        3023.1974506799033     
   2.9610000000000003        3023.3021964659624     
   2.9620000000000002        3023.4069428818138     
   2.9630000000000001        3023.5116894976404     
   2.9640000000000004        3023.6164373849115     
   2.9650000000000003        3023.7211851292655     
   2.9660000000000002        3023.8259330102605     
   2.9670000000000001        3023.9306809543973     
   2.9680000000000004        3024.0354291278309     
   2.9690000000000003        3024.1401773013454     
   2.9700000000000002        3024.2449252443294     
   2.9710000000000001        3024.3496714901521     
   2.9720000000000004        3024.4544149451108     
   2.9730000000000003        3024.5591490405545     
   2.9740000000000002        3024.6638942156646     
   2.9750000000000001        3024.7686400581920     
   2.9760000000000004        3024.8733866666421     
   2.9770000000000003        3024.9781329940679     
   2.9780000000000002        3025.0828795346974     
   2.9790000000000001        3025.1876260882691     
   2.9800000000000004        3025.2923728834771     
   2.9810000000000003        3025.3971196277321     
   2.9820000000000002        3025.5018662642970     
   2.9830000000000001        3025.6066128724851     
   2.9840000000000004        3025.7113595633641     
   2.9850000000000003        3025.8161051145921     
   2.9860000000000002        3025.9208454622690     
   2.9870000000000001        3026.0255903619463     
   2.9880000000000004        3026.1303305807050     
   2.9890000000000003        3026.2350716572055     
   2.9900000000000002        3026.3398184158377     
   2.9910000000000001        3026.4445651340948     
   2.9920000000000004        3026.5493118679628     
   2.9930000000000003        3026.6540584332852     
   2.9940000000000002        3026.7588050454578     
   2.9950000000000001        3026.8635515890946     
   2.9960000000000004        3026.9682977909692     
   2.9970000000000003        3027.0730442998706     
   2.9980000000000002        3027.1777883483305     
   2.9990000000000001        3027.2825349329628     
   3.0000000000000004        3027.3872812900863     
