   1.6500000000000001        7.7097773132496314E-002
   1.6510000000000002        5.9185405282081549E-002
   1.6520000000000001        5.2262086048398368E-002
   1.6530000000000000        4.0274926018541608E-002
   1.6540000000000001        2.9011916476840809E-002
   1.6550000000000000        1.7746569587108140E-002
   1.6560000000000001        1.4176518293663390E-002
   1.6570000000000000        8.7932038790967098E-003
   1.6580000000000001        7.6215011052908135E-003
   1.6590000000000000        6.9255004289591427E-003
   1.6600000000000001        6.2128499393324004E-003
   1.6610000000000000        8.3461336443880381E-003
   1.6620000000000001        1.1773625115592792E-002
   1.6630000000000000        1.5585440057652328E-002
   1.6640000000000001        2.0291714216536142E-002
   1.6650000000000000        2.5529472312391881E-002
   1.6660000000000001        3.3441565652382620E-002
   1.6670000000000000        3.7265420298288915E-002
   1.6680000000000001        4.5649256459432450E-002
   1.6690000000000000        4.3159516047028335E-002
   1.6700000000000002        3.9901883315611571E-002
   1.6710000000000000        3.1727106142187850E-002
   1.6720000000000002        2.8699027745401742E-002
   1.6730000000000000        2.6517040696277461E-002
   1.6740000000000002        2.0530813066821151E-002
   1.6750000000000000        1.8144997084266087E-002
   1.6760000000000002        1.5279914846769061E-002
   1.6770000000000000        1.5921184816175726E-002
   1.6780000000000002        1.6624427814613551E-002
   1.6790000000000000        1.5128017228170722E-002
   1.6800000000000002        1.7825651700600693E-002
   1.6810000000000000        1.8011563494907339E-002
   1.6820000000000002        2.1560947085485772E-002
   1.6830000000000001        2.2551028516364899E-002
   1.6840000000000002        2.7473674846812152E-002
   1.6850000000000001        2.9508299046276467E-002
   1.6860000000000002        3.1487203788392898E-002
   1.6870000000000001        2.6617072728376243E-002
   1.6880000000000002        3.1415643743633155E-002
   1.6890000000000001        3.3061131329634168E-002
   1.6900000000000002        2.5319039066154420E-002
   1.6910000000000001        2.4757892697005006E-002
   1.6920000000000002        2.4591379177464599E-002
   1.6930000000000001        2.0953155567376241E-002
   1.6940000000000002        2.3207488559254006E-002
   1.6950000000000001        1.9722631298228464E-002
   1.6960000000000002        2.2353778887011726E-002
   1.6970000000000001        2.0332886416464468E-002
   1.6980000000000002        2.3216313007309818E-002
   1.6990000000000001        1.9656142258345027E-002
   1.7000000000000002        2.4275818073593497E-002
   1.7010000000000001        2.2105292156455920E-002
   1.7020000000000002        2.0931083495255017E-002
   1.7030000000000001        2.5505933916846499E-002
   1.7040000000000002        2.6760127986761362E-002
   1.7050000000000001        2.9541339987077645E-002
   1.7060000000000002        3.0603247910196699E-002
   1.7070000000000001        2.5191181056537015E-002
   1.7080000000000002        2.4230455694820040E-002
   1.7090000000000001        2.2977390907271990E-002
   1.7100000000000002        2.3722985976109695E-002
   1.7110000000000001        2.6001556400925479E-002
   1.7120000000000002        2.3659967423758074E-002
   1.7130000000000001        1.9732001592697529E-002
   1.7140000000000002        2.4783831048738925E-002
   1.7150000000000001        2.2489257075973327E-002
   1.7160000000000002        2.0700450746160146E-002
   1.7170000000000001        2.2692262905296870E-002
   1.7180000000000002        2.4382219856833767E-002
   1.7190000000000001        2.2006536648149368E-002
   1.7200000000000002        2.5387137393577272E-002
   1.7210000000000001        2.7697915637784051E-002
   1.7220000000000002        2.3801557215249687E-002
   1.7230000000000001        2.2971152408842552E-002
   1.7240000000000002        2.5745032368551871E-002
   1.7250000000000001        2.0261952864888813E-002
   1.7260000000000002        2.2853493561807794E-002
   1.7270000000000001        2.0083775314376561E-002
   1.7280000000000002        2.4432436923475551E-002
   1.7290000000000001        2.0162932707955505E-002
   1.7300000000000002        2.1184160905808769E-002
   1.7310000000000001        2.1719332626623917E-002
   1.7320000000000002        2.2746803610067107E-002
   1.7330000000000001        2.3655403427906820E-002
   1.7340000000000002        2.5435895820544809E-002
   1.7350000000000001        2.3253371460987843E-002
   1.7360000000000002        2.4618526383750210E-002
   1.7370000000000001        2.4268417547053816E-002
   1.7380000000000002        2.3400700497492315E-002
   1.7390000000000001        2.5828218648583996E-002
   1.7400000000000002        2.4769605124358548E-002
   1.7410000000000001        2.3824165268898433E-002
   1.7420000000000002        2.1030507493306691E-002
   1.7430000000000001        2.4788818387146586E-002
   1.7440000000000002        1.9501784954438731E-002
   1.7450000000000001        1.9162439628725877E-002
   1.7460000000000002        2.2271956164907479E-002
   1.7470000000000001        2.5780796710976987E-002
   1.7480000000000002        2.1018506912953878E-002
   1.7490000000000001        2.5885475208662193E-002
   1.7500000000000002        2.3006804863203639E-002
   1.7510000000000001        2.6024781602416010E-002
   1.7520000000000002        2.4138483968047429E-002
   1.7530000000000001        2.4959905240705384E-002
   1.7540000000000002        2.5005002718887174E-002
   1.7550000000000001        2.3438794062364307E-002
   1.7560000000000002        2.1189231763157734E-002
   1.7570000000000001        1.8443758839995009E-002
   1.7580000000000002        2.5906084134731354E-002
   1.7590000000000001        2.0110563783138014E-002
   1.7600000000000002        2.2857452820574033E-002
   1.7610000000000001        2.1213956537317575E-002
   1.7620000000000002        2.3494090915552799E-002
   1.7630000000000001        2.2212700480908180E-002
   1.7640000000000002        2.3673964103512746E-002
   1.7650000000000001        2.4377449932235853E-002
   1.7660000000000002        2.2333334275171347E-002
   1.7670000000000001        2.7097648792692865E-002
   1.7680000000000002        2.6903496692385266E-002
   1.7690000000000001        2.2927522815370492E-002
   1.7700000000000002        2.7004998567681630E-002
   1.7710000000000001        1.8878536004663243E-002
   1.7720000000000002        2.4616625094756397E-002
   1.7730000000000001        2.0071699804211050E-002
   1.7740000000000002        2.3626047259524992E-002
   1.7750000000000001        2.3520683002268231E-002
   1.7760000000000002        3.0098907056643687E-002
   1.7770000000000001        2.1991514390980609E-002
   1.7780000000000002        2.3480807131832093E-002
   1.7790000000000001        2.5180623204348659E-002
   1.7800000000000002        3.0753766140369579E-002
   1.7810000000000001        1.9844101842788477E-002
   1.7820000000000003        2.4388421735810000E-002
   1.7830000000000001        1.9320342086835935E-002
   1.7840000000000003        1.8689775350941205E-002
   1.7850000000000001        1.8105931768884666E-002
   1.7860000000000003        2.0271657157763332E-002
   1.7870000000000001        2.2314840395347587E-002
   1.7880000000000003        2.0277772615252349E-002
   1.7890000000000001        2.1312594768808923E-002
   1.7900000000000000        2.2413068670143647E-002
   1.7910000000000001        2.2037372042279374E-002
   1.7920000000000000        2.2865430218850177E-002
   1.7930000000000001        2.4761905801351316E-002
   1.7940000000000000        2.5733829159110235E-002
   1.7950000000000002        2.7154856941888909E-002
   1.7960000000000000        2.5109314140683573E-002
   1.7970000000000002        2.7113478844768921E-002
   1.7980000000000000        2.5888702909031260E-002
   1.7990000000000002        2.2928011959782287E-002
   1.8000000000000000        2.1617304195185757E-002
   1.8010000000000002        2.3231078939318334E-002
   1.8020000000000000        2.3815904235616959E-002
   1.8030000000000002        2.2064203516131985E-002
   1.8040000000000000        2.1680259116035629E-002
   1.8050000000000002        2.3943175799812030E-002
   1.8060000000000000        2.2133345559905006E-002
   1.8070000000000002        2.4071553393288564E-002
   1.8080000000000001        2.3720335012691843E-002
   1.8090000000000002        2.4978968686818145E-002
   1.8100000000000001        2.3400381468437446E-002
   1.8110000000000002        2.1361008008480505E-002
   1.8120000000000001        2.6842385413893655E-002
   1.8130000000000002        2.2847096058074706E-002
   1.8140000000000001        2.0465087964376915E-002
   1.8150000000000002        2.2391559030545970E-002
   1.8160000000000001        2.6450233758829537E-002
   1.8170000000000002        2.2799024583486757E-002
   1.8180000000000001        1.9632894221151109E-002
   1.8190000000000002        2.0207998353707870E-002
   1.8200000000000001        2.3570795927269607E-002
   1.8210000000000002        2.0965420505197761E-002
   1.8220000000000001        2.4608375474901620E-002
   1.8230000000000002        2.2859181495326175E-002
   1.8240000000000001        2.1420727540757800E-002
   1.8250000000000002        2.0489475520516387E-002
   1.8260000000000001        2.2282975547433248E-002
   1.8270000000000002        2.2790616057976172E-002
   1.8280000000000001        2.0760381755173127E-002
   1.8290000000000002        1.9222740070782465E-002
   1.8300000000000001        2.0136289462286305E-002
   1.8310000000000002        2.3350794178345145E-002
   1.8320000000000001        1.9073365320635621E-002
   1.8330000000000002        2.1164716517275816E-002
   1.8340000000000001        2.6200456854026652E-002
   1.8350000000000002        2.5585118122477390E-002
   1.8360000000000001        2.5852016914547735E-002
   1.8370000000000002        2.4991625816726690E-002
   1.8380000000000001        2.4410575043069666E-002
   1.8390000000000002        2.5048781590442656E-002
   1.8400000000000001        2.3842744413279382E-002
   1.8410000000000002        2.1211154687740444E-002
   1.8420000000000001        2.0675025294468137E-002
   1.8430000000000002        2.4089583038620702E-002
   1.8440000000000001        2.1829434014925053E-002
   1.8450000000000002        2.3104521201517174E-002
   1.8460000000000001        2.1442586640112588E-002
   1.8470000000000002        2.3416013878110976E-002
   1.8480000000000001        2.5034445289113173E-002
   1.8490000000000002        2.2950966500001731E-002
   1.8500000000000001        2.4037612081277245E-002
   1.8510000000000002        2.3131227114946112E-002
   1.8520000000000001        2.0323852425191698E-002
   1.8530000000000002        2.2076958640261782E-002
   1.8540000000000001        2.2966102590825356E-002
   1.8550000000000002        2.3222569300611697E-002
   1.8560000000000001        2.2181108299950177E-002
   1.8570000000000002        2.1587615116954586E-002
   1.8580000000000001        2.5985272217101719E-002
   1.8590000000000002        2.3355456989208389E-002
   1.8600000000000001        2.0809343618545278E-002
   1.8610000000000002        2.5481564064802707E-002
   1.8620000000000001        2.5078705933508215E-002
   1.8630000000000002        2.3442557816761207E-002
   1.8640000000000001        2.4607080568870225E-002
   1.8650000000000002        2.2273503863178730E-002
   1.8660000000000001        2.6018982899653240E-002
   1.8670000000000002        2.4759642581185855E-002
   1.8680000000000001        2.1231561249734000E-002
   1.8690000000000002        2.5525093120401601E-002
   1.8700000000000001        2.5005413070492630E-002
   1.8710000000000002        2.1187394604247289E-002
   1.8720000000000001        2.1607257389587707E-002
   1.8730000000000002        2.1090118607516868E-002
   1.8740000000000001        2.1111421199775080E-002
   1.8750000000000002        1.9430403020257551E-002
   1.8760000000000001        2.3478719317618288E-002
   1.8770000000000002        2.0935284741747412E-002
   1.8780000000000001        2.3711216856508406E-002
   1.8790000000000002        2.2120374301257639E-002
   1.8800000000000001        2.7343262569776237E-002
   1.8810000000000002        2.5343761034115227E-002
   1.8820000000000001        2.3625446903767059E-002
   1.8830000000000002        2.3116123810950670E-002
   1.8840000000000001        2.2234562552701155E-002
   1.8850000000000002        2.1936613022156871E-002
   1.8860000000000001        1.9510917976527813E-002
   1.8870000000000002        2.2914493708905199E-002
   1.8880000000000001        2.0143318635671332E-002
   1.8890000000000002        2.1779911715725124E-002
   1.8900000000000001        2.2437939431005732E-002
   1.8910000000000002        2.2467013724914685E-002
   1.8920000000000001        2.0645507661756803E-002
   1.8930000000000002        2.3984079719663935E-002
   1.8940000000000001        2.2595054509997759E-002
   1.8950000000000002        2.4164080390755075E-002
   1.8960000000000001        2.1192766366323255E-002
   1.8970000000000002        2.3326482398545442E-002
   1.8980000000000001        2.2903960078807607E-002
   1.8990000000000002        2.2840911545697604E-002
   1.9000000000000001        1.9920873302211168E-002
   1.9010000000000002        2.2883963265283698E-002
   1.9020000000000001        2.3976222816516207E-002
   1.9030000000000002        2.1426761233605835E-002
   1.9040000000000001        2.2770354997193203E-002
   1.9050000000000002        2.1804883647347617E-002
   1.9060000000000001        2.2279712579993050E-002
   1.9070000000000003        1.8955057348554200E-002
   1.9080000000000001        2.2184844348361283E-002
   1.9090000000000003        2.0123150827684046E-002
   1.9100000000000001        2.3189987565816250E-002
   1.9110000000000003        2.1728382163491884E-002
   1.9120000000000001        2.3554825473861590E-002
   1.9130000000000003        2.0635483138917988E-002
   1.9140000000000001        2.5828726217587403E-002
   1.9150000000000003        2.7238502508845179E-002
   1.9160000000000001        2.3597276303826676E-002
   1.9170000000000003        2.4909196136707178E-002
   1.9180000000000001        2.0974595479016457E-002
   1.9190000000000003        2.0661252728709580E-002
   1.9200000000000002        2.4123170276987991E-002
   1.9210000000000003        2.1549350977339999E-002
   1.9220000000000002        2.0465292038314670E-002
   1.9230000000000003        1.9003187250534317E-002
   1.9240000000000002        1.9618984389965149E-002
   1.9250000000000003        2.2131850615395833E-002
   1.9260000000000002        2.1451419100163040E-002
   1.9270000000000003        2.3785091655051403E-002
   1.9280000000000002        2.3591014845940696E-002
   1.9290000000000000        2.2236907400730175E-002
   1.9300000000000002        2.9332162420832447E-002
   1.9310000000000000        2.4121622551399234E-002
   1.9320000000000002        2.7545910528725608E-002
   1.9330000000000001        2.5742160767235889E-002
   1.9340000000000002        2.6889678781760903E-002
   1.9350000000000001        2.4399241937626857E-002
   1.9360000000000002        2.2725048985316930E-002
   1.9370000000000001        2.0525579764201905E-002
   1.9380000000000002        2.0260541535541961E-002
   1.9390000000000001        2.0165157690665340E-002
   1.9400000000000002        2.0476187103214357E-002
   1.9410000000000001        2.2327646925250084E-002
   1.9420000000000002        2.2868545203943838E-002
   1.9430000000000001        2.1218971916644260E-002
   1.9440000000000002        2.2244490402747823E-002
   1.9450000000000001        2.0933319419754657E-002
   1.9460000000000002        2.3678827562746755E-002
   1.9470000000000001        2.4946080486495738E-002
   1.9480000000000002        2.5915040312001977E-002
   1.9490000000000001        2.4357342181329820E-002
   1.9500000000000002        2.5065195560460586E-002
   1.9510000000000001        2.4033232931410260E-002
   1.9520000000000002        2.4558101334634756E-002
   1.9530000000000001        2.2329178218440021E-002
   1.9540000000000002        2.3082238366845819E-002
   1.9550000000000001        2.2306325107019648E-002
   1.9560000000000002        2.1988341693428039E-002
   1.9570000000000001        2.1305473047196773E-002
   1.9580000000000002        2.3537903162876576E-002
   1.9590000000000001        2.1436226845324920E-002
   1.9600000000000002        2.1161446727105931E-002
   1.9610000000000001        1.9630423564720143E-002
   1.9620000000000002        2.0124773758987163E-002
   1.9630000000000001        2.1805867497943068E-002
   1.9640000000000002        2.4694957090254675E-002
   1.9650000000000001        2.0369433356618602E-002
   1.9660000000000002        2.4459577607550371E-002
   1.9670000000000001        2.2829977316906964E-002
   1.9680000000000002        2.2119123600398138E-002
   1.9690000000000001        2.4455299684180590E-002
   1.9700000000000002        2.3120403964484577E-002
   1.9710000000000001        2.4028230085996680E-002
   1.9720000000000002        2.2003510379096598E-002
   1.9730000000000001        2.2974393480701870E-002
   1.9740000000000002        2.3752219172079311E-002
   1.9750000000000001        2.3302634099128933E-002
   1.9760000000000002        2.1877780307962041E-002
   1.9770000000000001        2.0079151849733783E-002
   1.9780000000000002        2.1289240335144996E-002
   1.9790000000000001        2.1010356815005644E-002
   1.9800000000000002        2.3217408667530682E-002
   1.9810000000000001        2.0291163157357343E-002
   1.9820000000000002        2.2738751986713174E-002
   1.9830000000000001        2.2193554803663182E-002
   1.9840000000000002        2.5212575412976872E-002
   1.9850000000000001        2.6844602241942926E-002
   1.9860000000000002        2.3028980783628365E-002
   1.9870000000000001        2.6542037350149476E-002
   1.9880000000000002        2.3690712747822494E-002
   1.9890000000000001        2.4532237254403573E-002
   1.9900000000000002        2.4971715554552350E-002
   1.9910000000000001        2.1632148199543070E-002
   1.9920000000000002        2.2475791380994245E-002
   1.9930000000000001        2.3467777951319414E-002
   1.9940000000000002        2.2727936321699845E-002
   1.9950000000000001        2.0618049834901227E-002
   1.9960000000000002        2.3719761532531344E-002
   1.9970000000000001        2.2839142094124982E-002
   1.9980000000000002        2.2639405465585252E-002
   1.9990000000000001        2.4290765791013198E-002
   2.0000000000000000        2.1205873258889868E-002
   2.0010000000000003        2.3912527686364711E-002
   2.0020000000000002        2.0283160941029534E-002
   2.0030000000000001        2.3436922910712376E-002
   2.0040000000000000        2.2982879384918945E-002
   2.0050000000000003        2.4058660481048957E-002
   2.0060000000000002        2.3315561486746593E-002
   2.0070000000000001        2.5656170549358783E-002
   2.0080000000000000        2.1749925130016758E-002
   2.0090000000000003        2.2078103672800234E-002
   2.0100000000000002        2.2449880589668701E-002
   2.0110000000000001        2.1028960365324666E-002
   2.0120000000000000        2.3054059852316663E-002
   2.0130000000000003        1.9064123901768600E-002
   2.0140000000000002        2.2724290588062579E-002
   2.0150000000000001        2.1205496989338504E-002
   2.0160000000000000        2.3496948097489326E-002
   2.0170000000000003        2.1933160696058482E-002
   2.0180000000000002        2.5946988338084828E-002
   2.0190000000000001        2.2679964362788442E-002
   2.0200000000000000        2.2498181932003980E-002
   2.0210000000000004        1.9539067869148406E-002
   2.0220000000000002        2.4865227828705403E-002
   2.0230000000000001        2.3259523078534582E-002
   2.0240000000000000        2.3677981142809369E-002
   2.0250000000000004        2.3203483971557897E-002
   2.0260000000000002        2.0139215891606305E-002
   2.0270000000000001        1.8896320131503091E-002
   2.0280000000000000        2.4013343241675041E-002
   2.0290000000000004        2.3263651256997482E-002
   2.0300000000000002        2.0140623342952173E-002
   2.0310000000000001        2.3276240552348650E-002
   2.0320000000000000        2.4013597265883205E-002
   2.0330000000000004        2.3823732582707053E-002
   2.0340000000000003        2.2738088728883280E-002
   2.0350000000000001        2.3518025927765043E-002
   2.0360000000000000        2.1488508492366130E-002
   2.0370000000000004        2.3702849871680202E-002
   2.0380000000000003        2.4430978466042363E-002
   2.0390000000000001        2.2610301986204801E-002
   2.0400000000000000        2.1187654773542189E-002
   2.0410000000000004        2.0650415672500463E-002
   2.0420000000000003        2.2038196528651584E-002
   2.0430000000000001        2.1446043003361857E-002
   2.0440000000000000        2.0308211810625719E-002
   2.0450000000000004        1.8283821406031499E-002
   2.0460000000000003        2.2443314493565771E-002
   2.0470000000000002        2.5474273162682335E-002
   2.0480000000000000        2.3895436365538428E-002
   2.0490000000000004        2.4947924305052306E-002
   2.0500000000000003        2.4544197802374039E-002
   2.0510000000000002        2.3685872039556178E-002
   2.0520000000000000        2.1540377016335373E-002
   2.0530000000000004        2.2164114146679761E-002
   2.0540000000000003        2.3760829627930968E-002
   2.0550000000000002        2.1854837294309017E-002
   2.0560000000000000        2.2328314498767134E-002
   2.0570000000000004        2.2994686347370952E-002
   2.0580000000000003        2.1185230950782570E-002
   2.0590000000000002        2.3422857986317939E-002
   2.0600000000000001        2.2780874584703407E-002
   2.0610000000000004        2.5629657889437506E-002
   2.0620000000000003        2.2964860970828272E-002
   2.0630000000000002        2.4532367303264507E-002
   2.0640000000000001        2.5074622644564740E-002
   2.0650000000000004        2.2526920638036164E-002
   2.0660000000000003        2.1056766746797195E-002
   2.0670000000000002        1.9072149595148840E-002
   2.0680000000000001        2.0221281410409318E-002
   2.0690000000000000        1.8925178240831640E-002
   2.0700000000000003        1.9924777998118856E-002
   2.0710000000000002        2.0771649302094238E-002
   2.0720000000000001        2.1173893226998638E-002
   2.0730000000000000        2.4023178674963720E-002
   2.0740000000000003        2.5200188128843771E-002
   2.0750000000000002        2.4661587454095531E-002
   2.0760000000000001        2.0977334034312303E-002
   2.0770000000000000        2.4764256622040907E-002
   2.0780000000000003        2.4613523491367952E-002
   2.0790000000000002        2.5579329201111244E-002
   2.0800000000000001        2.0303042343306359E-002
   2.0810000000000000        1.9395266139782878E-002
   2.0820000000000003        2.0468504254554765E-002
   2.0830000000000002        2.1111750225663310E-002
   2.0840000000000001        2.2719272082084123E-002
   2.0850000000000000        2.1429002201671484E-002
   2.0860000000000003        2.3614181497313116E-002
   2.0870000000000002        2.3079683525423098E-002
   2.0880000000000001        2.2169635136665335E-002
   2.0890000000000000        2.2006585080989110E-002
   2.0900000000000003        2.2999833643951688E-002
   2.0910000000000002        2.2812638802420016E-002
   2.0920000000000001        2.7202890383260535E-002
   2.0930000000000000        2.1360066371848303E-002
   2.0940000000000003        2.3628290595910137E-002
   2.0950000000000002        2.2828366679792250E-002
   2.0960000000000001        2.3461090750339600E-002
   2.0970000000000000        2.1447173532621152E-002
   2.0980000000000003        1.9852317742556008E-002
   2.0990000000000002        1.9988986364138331E-002
   2.1000000000000001        2.3583686806461626E-002
   2.1010000000000000        2.3185825262916078E-002
   2.1020000000000003        2.1794540467995133E-002
   2.1030000000000002        2.1269350322439023E-002
   2.1040000000000001        1.7988516065795615E-002
   2.1050000000000000        2.0895672502797294E-002
   2.1060000000000003        2.2506506760993347E-002
   2.1070000000000002        2.1236046446000790E-002
   2.1080000000000001        2.5397666315153462E-002
   2.1090000000000000        2.4240446912577908E-002
   2.1100000000000003        2.2924493442319938E-002
   2.1110000000000002        2.4441904627977063E-002
   2.1120000000000001        2.1711224702792960E-002
   2.1130000000000000        2.6924810533661976E-002
   2.1140000000000003        2.3774248736839577E-002
   2.1150000000000002        2.5538245684067689E-002
   2.1160000000000001        2.2792764220953759E-002
   2.1170000000000000        2.2985205658777277E-002
   2.1180000000000003        2.4929884308118523E-002
   2.1190000000000002        2.0569449755660642E-002
   2.1200000000000001        2.3151817715013446E-002
   2.1210000000000000        2.2972270103908787E-002
   2.1220000000000003        2.2142321505432071E-002
   2.1230000000000002        1.8999788037372969E-002
   2.1240000000000001        2.0652574584491729E-002
   2.1250000000000000        2.0950424994359229E-002
   2.1260000000000003        2.0070866257802397E-002
   2.1270000000000002        1.9935977375611286E-002
   2.1280000000000001        2.6655283838285807E-002
   2.1290000000000000        2.3118744355412821E-002
   2.1300000000000003        2.6098062778101436E-002
   2.1310000000000002        2.5883375047385259E-002
   2.1320000000000001        2.4064055308216911E-002
   2.1330000000000000        2.1263834997913882E-002
   2.1340000000000003        2.1739523474134707E-002
   2.1350000000000002        2.1720998652559820E-002
   2.1360000000000001        2.2177929753253542E-002
   2.1370000000000000        2.3351651539145781E-002
   2.1380000000000003        2.1477928413344349E-002
   2.1390000000000002        2.0825353818323098E-002
   2.1400000000000001        1.9226190573599547E-002
   2.1410000000000000        2.1558385890190164E-002
   2.1420000000000003        2.1876597132247586E-002
   2.1430000000000002        2.2013416347039690E-002
   2.1440000000000001        2.2977022500352606E-002
   2.1450000000000000        2.2535797860588361E-002
   2.1460000000000004        2.3398350635628739E-002
   2.1470000000000002        2.4451005100073083E-002
   2.1480000000000001        2.3346396469315828E-002
   2.1490000000000000        2.0966481817720907E-002
   2.1500000000000004        2.2565336550946023E-002
   2.1510000000000002        2.1070870926329154E-002
   2.1520000000000001        2.0223469071294152E-002
   2.1530000000000000        2.1544510155203506E-002
   2.1540000000000004        2.0856936847247674E-002
   2.1550000000000002        1.9647846170655788E-002
   2.1560000000000001        1.8056939758492818E-002
   2.1570000000000000        1.9116657706006731E-002
   2.1580000000000004        1.9381683015907803E-002
   2.1590000000000003        1.9076179336104025E-002
   2.1600000000000001        2.2016822225552651E-002
   2.1610000000000000        2.1809269811411194E-002
   2.1620000000000004        2.3142947927394891E-002
   2.1630000000000003        2.4132902420808885E-002
   2.1640000000000001        2.3043356465384985E-002
   2.1650000000000000        2.4036646329254754E-002
   2.1660000000000004        2.2584582019174317E-002
   2.1670000000000003        2.2955832690511550E-002
   2.1680000000000001        2.1176965746080172E-002
   2.1690000000000000        2.4662198688146290E-002
   2.1700000000000004        1.8532743818961729E-002
   2.1710000000000003        1.9243559504928242E-002
   2.1720000000000002        2.1428496499615618E-002
   2.1730000000000000        1.8355167096380055E-002
   2.1740000000000004        2.2700068992451233E-002
   2.1750000000000003        2.1169289818668689E-002
   2.1760000000000002        2.0538179728277539E-002
   2.1770000000000000        2.1135308263171459E-002
   2.1780000000000004        2.0617947831879688E-002
   2.1790000000000003        2.5075184791457907E-002
   2.1800000000000002        2.2519077340839678E-002
   2.1810000000000000        2.0994595305378911E-002
   2.1820000000000004        2.2141546190551479E-002
   2.1830000000000003        2.2752999092526878E-002
   2.1840000000000002        2.2845762337840851E-002
   2.1850000000000001        2.2957639255580458E-002
   2.1860000000000004        2.1249322939402435E-002
   2.1870000000000003        2.7096062036837537E-002
   2.1880000000000002        2.0682722223105340E-002
   2.1890000000000001        2.0752717376638207E-002
   2.1900000000000004        2.3336587643500974E-002
   2.1910000000000003        2.0329713670404342E-002
   2.1920000000000002        1.9639393926645477E-002
   2.1930000000000001        2.1989177136579142E-002
   2.1940000000000004        1.8478972453698728E-002
   2.1950000000000003        2.0095732644534042E-002
   2.1960000000000002        2.1223676127361552E-002
   2.1970000000000001        2.1578859271286714E-002
   2.1980000000000004        2.1678732586218684E-002
   2.1990000000000003        2.2606393884952031E-002
   2.2000000000000002        2.2384716960330439E-002
   2.2010000000000001        2.3869568623886298E-002
   2.2020000000000004        2.3604179778129879E-002
   2.2030000000000003        2.7579406235347090E-002
   2.2040000000000002        2.4685016832968813E-002
   2.2050000000000001        2.3129207110428197E-002
   2.2060000000000000        2.7011148030674274E-002
   2.2070000000000003        2.5418472372957142E-002
   2.2080000000000002        2.1336634452418894E-002
   2.2090000000000001        1.9993010627367552E-002
   2.2100000000000000        1.8807668115424930E-002
   2.2110000000000003        1.8806754966997085E-002
   2.2120000000000002        1.8355298690928341E-002
   2.2130000000000001        1.9030810432085075E-002
   2.2140000000000000        2.0351226274176796E-002
   2.2150000000000003        2.0786179959904817E-002
   2.2160000000000002        2.3121878111422307E-002
   2.2170000000000001        2.1726005027062564E-002
   2.2180000000000000        2.6253934607961889E-002
   2.2190000000000003        2.3629424239991887E-002
   2.2200000000000002        2.3336633348828486E-002
   2.2210000000000001        2.0561729013549686E-002
   2.2220000000000000        2.2478310325077872E-002
   2.2230000000000003        2.3664556247146046E-002
   2.2240000000000002        2.1212745336645439E-002
   2.2250000000000001        2.2314891544353826E-002
   2.2260000000000000        2.0189745910902435E-002
   2.2270000000000003        2.4880278389011825E-002
   2.2280000000000002        2.4768864494049872E-002
   2.2290000000000001        2.0837460064745763E-002
   2.2300000000000000        1.8638765190094730E-002
   2.2310000000000003        2.3824808400525137E-002
   2.2320000000000002        2.0431321765366033E-002
   2.2330000000000001        2.1309756043037288E-002
   2.2340000000000000        2.3124979946198630E-002
   2.2350000000000003        2.2424887808537283E-002
   2.2360000000000002        1.9502321606215969E-002
   2.2370000000000001        2.6073396187775343E-002
   2.2380000000000000        2.2528826769192847E-002
   2.2390000000000003        2.2583907774385913E-002
   2.2400000000000002        2.4168322166989560E-002
   2.2410000000000001        2.7506539943371825E-002
   2.2420000000000000        2.1544744579706378E-002
   2.2430000000000003        2.3885292120374400E-002
   2.2440000000000002        1.9927704721243451E-002
   2.2450000000000001        2.3518275589054973E-002
   2.2460000000000000        1.8516862184415044E-002
   2.2470000000000003        2.0760863528381863E-002
   2.2480000000000002        2.2408593898150773E-002
   2.2490000000000001        2.1202103864941726E-002
   2.2500000000000000        2.1038996317176917E-002
   2.2510000000000003        2.2549249889110716E-002
   2.2520000000000002        2.0450008053175633E-002
   2.2530000000000001        1.9924434263251481E-002
   2.2540000000000000        2.4725494635298495E-002
   2.2550000000000003        2.0564554346427691E-002
   2.2560000000000002        2.6006604334167033E-002
   2.2570000000000001        2.2277659726528211E-002
   2.2580000000000000        2.2946115870620305E-002
   2.2590000000000003        2.4197474768120106E-002
   2.2600000000000002        2.4758310031472081E-002
   2.2610000000000001        2.3291798989674560E-002
   2.2620000000000000        2.1950265954078080E-002
   2.2630000000000003        2.2843645612789950E-002
   2.2640000000000002        1.9384791408004660E-002
   2.2650000000000001        2.1595399338794372E-002
   2.2660000000000000        1.8617087037149659E-002
   2.2670000000000003        2.3206000310228129E-002
   2.2680000000000002        2.1124141834852655E-002
   2.2690000000000001        2.0980355786062607E-002
   2.2700000000000000        2.3587739398631055E-002
   2.2710000000000004        2.3458043016632450E-002
   2.2720000000000002        2.4602524768946619E-002
   2.2730000000000001        2.5712430014771359E-002
   2.2740000000000000        2.2217380421792506E-002
   2.2750000000000004        2.3636946458057854E-002
   2.2760000000000002        2.3312499842069224E-002
   2.2770000000000001        2.4423834568115175E-002
   2.2780000000000000        2.0134713313756335E-002
   2.2790000000000004        2.0380270312094221E-002
   2.2800000000000002        2.0028433344016383E-002
   2.2810000000000001        1.8567677517746937E-002
   2.2820000000000000        2.1845285341419315E-002
   2.2830000000000004        2.1900046617720111E-002
   2.2840000000000003        2.0735073196397547E-002
   2.2850000000000001        2.1413651945548520E-002
   2.2860000000000000        2.1040382803350376E-002
   2.2870000000000004        2.1235630327994519E-002
   2.2880000000000003        2.0118612817592949E-002
   2.2890000000000001        2.4737466252471904E-002
   2.2900000000000000        2.3782369225554333E-002
   2.2910000000000004        2.4377316966741475E-002
   2.2920000000000003        2.6980866704646247E-002
   2.2930000000000001        2.2036619576702103E-002
   2.2940000000000000        2.4640708732941684E-002
   2.2950000000000004        2.2089364331905708E-002
   2.2960000000000003        2.1759621656000948E-002
   2.2970000000000002        2.1625586001465111E-002
   2.2980000000000000        2.1050874825184817E-002
   2.2990000000000004        2.1244406350080954E-002
   2.3000000000000003        2.1163397114482518E-002
