   1.6500000000000001       0.20417217773620816     
   1.6510000000000002       0.22382668117951901     
   1.6520000000000001       0.28105703685583383     
   1.6530000000000000       0.29841990925307299     
   1.6540000000000001       0.31227520469785353     
   1.6550000000000000       0.30348600518459529     
   1.6560000000000001       0.29088526709253421     
   1.6570000000000000       0.28193372492845559     
   1.6580000000000001       0.27686054985548814     
   1.6590000000000000       0.27374022577809992     
   1.6600000000000001       0.27077009144154746     
   1.6610000000000000       0.26884086392859008     
   1.6620000000000001       0.26735832226807088     
   1.6630000000000000       0.26645640464212139     
   1.6640000000000001       0.26572127147522445     
   1.6650000000000000       0.26518261814511462     
   1.6660000000000001       0.26453340374891904     
   1.6670000000000000       0.26401536371133821     
   1.6680000000000001       0.26362295884763359     
   1.6690000000000000       0.26314783139160253     
   1.6700000000000002       0.26283687006528345     
   1.6710000000000000       0.26249587593452994     
   1.6720000000000002       0.26210957110019428     
   1.6730000000000000       0.26186003466239710     
   1.6740000000000002       0.26161234836690533     
   1.6750000000000000       0.26141519849670330     
   1.6760000000000002       0.26120708163154543     
   1.6770000000000000       0.26103638634185128     
   1.6780000000000002       0.26086107923827656     
   1.6790000000000000       0.26078028591179164     
   1.6800000000000002       0.26039824034398901     
   1.6810000000000000       0.26028958842452643     
   1.6820000000000002       0.26016893555551796     
   1.6830000000000001       0.25993803738083027     
   1.6840000000000002       0.25957435387995459     
   1.6850000000000001       0.25922401743117834     
   1.6860000000000002       0.25911298772085251     
   1.6870000000000001       0.25887980293975360     
   1.6880000000000002       0.25876337120806170     
   1.6890000000000001       0.25862323492513223     
   1.6900000000000002       0.25852891956492058     
   1.6910000000000001       0.25843300026093902     
   1.6920000000000002       0.25834632750075082     
   1.6930000000000001       0.25827518611216777     
   1.6940000000000002       0.25814083226693585     
   1.6950000000000001       0.25803857142575837     
   1.6960000000000002       0.25797943044689042     
   1.6970000000000001       0.25790716758657761     
   1.6980000000000002       0.25779987435783608     
   1.6990000000000001       0.25761678217963269     
   1.7000000000000002       0.25752124310225799     
   1.7010000000000001       0.25742563229665322     
   1.7020000000000002       0.25735489055364452     
   1.7030000000000001       0.25716091284232090     
   1.7040000000000002       0.25708553586063987     
   1.7050000000000001       0.25536355751734929     
   1.7060000000000002       0.25502205924993765     
   1.7070000000000001       0.25485305224435206     
   1.7080000000000002       0.25480157570914713     
   1.7090000000000001       0.25471609281743185     
   1.7100000000000002       0.25465403896302347     
   1.7110000000000001       0.25453858369272098     
   1.7120000000000002       0.25445115844094296     
   1.7130000000000001       0.25432916744041606     
   1.7140000000000002       0.25426273309326924     
   1.7150000000000001       0.25421082957082214     
   1.7160000000000002       0.25405587763618853     
   1.7170000000000001       0.25390497665897749     
   1.7180000000000002       0.25383261700273069     
   1.7190000000000001       0.25372332989678675     
   1.7200000000000002       0.25362605165803476     
   1.7210000000000001       0.25358624310893146     
   1.7220000000000002       0.25352983671443791     
   1.7230000000000001       0.25349930701393741     
   1.7240000000000002       0.25315493445334142     
   1.7250000000000001       0.25304336333000960     
   1.7260000000000002       0.25301682832116873     
   1.7270000000000001       0.25298050990991505     
   1.7280000000000002       0.25293044540940263     
   1.7290000000000001       0.25268094133470109     
   1.7300000000000002       0.25260263573378777     
   1.7310000000000001       0.25241044400192314     
   1.7320000000000002       0.25230716637558670     
   1.7330000000000001       0.25227146716963811     
   1.7340000000000002       0.25222499899492618     
   1.7350000000000001       0.25220123523522187     
   1.7360000000000002       0.25216575185484369     
   1.7370000000000001       0.25210247317189605     
   1.7380000000000002       0.25208075975853522     
   1.7390000000000001       0.25204986566481208     
   1.7400000000000002       0.25198523050814664     
   1.7410000000000001       0.25194499124631747     
   1.7420000000000002       0.25189941205935673     
   1.7430000000000001       0.25188833939842759     
   1.7440000000000002       0.25186303468419269     
   1.7450000000000001       0.25185996034520747     
   1.7460000000000002       0.25182826130274177     
   1.7470000000000001       0.25179506941471802     
   1.7480000000000002       0.25175606390713751     
   1.7490000000000001       0.25172134034817928     
   1.7500000000000002       0.25156801123511169     
   1.7510000000000001       0.25152886750627984     
   1.7520000000000002       0.25147768222563099     
   1.7530000000000001       0.25144645424219436     
   1.7540000000000002       0.25141604291731029     
   1.7550000000000001       0.25138376726733080     
   1.7560000000000002       0.25133657984430580     
   1.7570000000000001       0.25131276277547915     
   1.7580000000000002       0.25128841830943527     
   1.7590000000000001       0.25124435766640846     
   1.7600000000000002       0.25123611662940293     
   1.7610000000000001       0.25122066017209571     
   1.7620000000000002       0.25121378218430040     
   1.7630000000000001       0.25120338242261081     
   1.7640000000000002       0.25119489295184938     
   1.7650000000000001       0.25116860029561860     
   1.7660000000000002       0.25113061727069663     
   1.7670000000000001       0.25112283091511634     
   1.7680000000000002       0.25110667051448482     
   1.7690000000000001       0.25108823758272236     
   1.7700000000000002       0.25106355746277692     
   1.7710000000000001       0.25104611192735826     
   1.7720000000000002       0.25103276967798743     
   1.7730000000000001       0.25095439827656124     
   1.7740000000000002       0.25094186124000262     
   1.7750000000000001       0.25092122902566572     
   1.7760000000000002       0.25090915348117199     
   1.7770000000000001       0.25084591700651582     
   1.7780000000000002       0.25080311876226247     
   1.7790000000000001       0.25065027969438936     
   1.7800000000000002       0.25063983223777453     
   1.7810000000000001       0.25062618958423816     
   1.7820000000000003       0.25059875564578854     
   1.7830000000000001       0.25055337969113500     
   1.7840000000000003       0.25051818033863826     
   1.7850000000000001       0.25048729536102970     
   1.7860000000000003       0.25027250518566424     
   1.7870000000000001       0.25024446219720636     
   1.7880000000000003       0.25023451727592422     
   1.7890000000000001       0.25021862480383422     
   1.7900000000000000       0.25018248431662965     
   1.7910000000000001       0.25014150666016749     
   1.7920000000000000       0.25011085170718866     
   1.7930000000000001       0.25009982513955509     
   1.7940000000000000       0.25008258995356752     
   1.7950000000000002       0.25006986775912848     
   1.7960000000000000       0.25004855186236735     
   1.7970000000000002       0.25001563219109563     
   1.7980000000000000       0.24999628349313302     
   1.7990000000000002       0.24997171616752561     
   1.8000000000000000       0.24994676370232216     
   1.8010000000000002       0.24993468774840752     
   1.8020000000000000       0.24991188419669472     
   1.8030000000000002       0.24989284831743896     
   1.8040000000000000       0.24988207684853431     
   1.8050000000000002       0.24987555023747121     
   1.8060000000000000       0.24986345469211782     
   1.8070000000000002       0.24985426663046301     
   1.8080000000000001       0.24984031209460494     
   1.8090000000000002       0.24983190652108533     
   1.8100000000000001       0.24982362532209806     
   1.8110000000000002       0.24981795261242271     
   1.8120000000000001       0.24981108434906835     
   1.8130000000000002       0.24980362960424196     
   1.8140000000000001       0.24979877919215876     
   1.8150000000000002       0.24979453761497872     
   1.8160000000000001       0.24978870290586863     
   1.8170000000000002       0.24976946495109001     
   1.8180000000000001       0.24972792789579815     
   1.8190000000000002       0.24968276017952123     
   1.8200000000000001       0.24966544431675697     
   1.8210000000000002       0.24966110474004072     
   1.8220000000000001       0.24965808111774343     
   1.8230000000000002       0.24964826426656528     
   1.8240000000000001       0.24951610043540648     
   1.8250000000000002       0.24948254352987104     
   1.8260000000000001       0.24945916897944637     
   1.8270000000000002       0.24944332424270999     
   1.8280000000000001       0.24942949975353590     
   1.8290000000000002       0.24940705937513227     
   1.8300000000000001       0.24939552552299710     
   1.8310000000000002       0.24938601444980010     
   1.8320000000000001       0.24938101815892311     
   1.8330000000000002       0.24937077034537644     
   1.8340000000000001       0.24934865870410297     
   1.8350000000000002       0.24932895348505957     
   1.8360000000000001       0.24930770838959093     
   1.8370000000000002       0.24929590065007259     
   1.8380000000000001       0.24912421982168101     
   1.8390000000000002       0.24910712363417223     
   1.8400000000000001       0.24902449328651358     
   1.8410000000000002       0.24898606689156455     
   1.8420000000000001       0.24897174079284506     
   1.8430000000000002       0.24896306927939493     
   1.8440000000000001       0.24894887499253671     
   1.8450000000000002       0.24894063598253749     
   1.8460000000000001       0.24892149548914783     
   1.8470000000000002       0.24891007188770373     
   1.8480000000000001       0.24890232715590244     
   1.8490000000000002       0.24889977326788307     
   1.8500000000000001       0.24888723515250671     
   1.8510000000000002       0.24871524650842206     
   1.8520000000000001       0.24841320266907180     
   1.8530000000000002       0.24835959256838422     
   1.8540000000000001       0.24833209397625763     
   1.8550000000000002       0.24831472699754947     
   1.8560000000000001       0.24826826912074842     
   1.8570000000000002       0.24823995612565986     
   1.8580000000000001       0.24819452821793336     
   1.8590000000000002       0.24818342840074289     
   1.8600000000000001       0.24817553079377852     
   1.8610000000000002       0.24817235543128424     
   1.8620000000000001       0.24815466926218832     
   1.8630000000000002       0.24746170980732257     
   1.8640000000000001       0.24744013357215289     
   1.8650000000000002       0.24743250053234192     
   1.8660000000000001       0.24739689577175444     
   1.8670000000000002       0.24734206116106258     
   1.8680000000000001       0.24732604384800508     
   1.8690000000000002       0.24731817667258144     
   1.8700000000000001       0.24730492697302747     
   1.8710000000000002       0.24729633631082273     
   1.8720000000000001       0.24729237888410296     
   1.8730000000000002       0.24728800434468412     
   1.8740000000000001       0.24728474734916411     
   1.8750000000000002       0.24728289089068109     
   1.8760000000000001       0.24727139631094999     
   1.8770000000000002       0.24726179733330797     
   1.8780000000000001       0.24725595712959994     
   1.8790000000000002       0.24725417317729659     
   1.8800000000000001       0.24725096954496817     
   1.8810000000000002       0.24724806136689906     
   1.8820000000000001       0.24723963398232501     
   1.8830000000000002       0.24723207945317388     
   1.8840000000000001       0.24722687478936237     
   1.8850000000000002       0.24722089419929547     
   1.8860000000000001       0.24721849162695708     
   1.8870000000000002       0.24721719656783264     
   1.8880000000000001       0.24720598709271871     
   1.8890000000000002       0.24719766514744201     
   1.8900000000000001       0.24719045032451928     
   1.8910000000000002       0.24717682721781670     
   1.8920000000000001       0.24715823208730994     
   1.8930000000000002       0.24706417220021037     
   1.8940000000000001       0.24703173032986991     
   1.8950000000000002       0.24701321898948786     
   1.8960000000000001       0.24700209023630104     
   1.8970000000000002       0.24699317579483662     
   1.8980000000000001       0.24698717009876678     
   1.8990000000000002       0.24698121410585019     
   1.9000000000000001       0.24697045289793718     
   1.9010000000000002       0.24696234112600743     
   1.9020000000000001       0.24695839548835335     
   1.9030000000000002       0.24695610432326451     
   1.9040000000000001       0.24695448519858151     
   1.9050000000000002       0.24695071162329524     
   1.9060000000000001       0.24694776246867370     
   1.9070000000000003       0.24692176027328144     
   1.9080000000000001       0.24688454252767028     
   1.9090000000000003       0.24686365533969984     
   1.9100000000000001       0.24685544452657224     
   1.9110000000000003       0.24684738445787194     
   1.9120000000000001       0.24681792946065384     
   1.9130000000000003       0.24679678019584009     
   1.9140000000000001       0.24678859604229533     
   1.9150000000000003       0.24677285641138610     
   1.9160000000000001       0.24676966084470572     
   1.9170000000000003       0.24676629913161785     
   1.9180000000000001       0.24675180632123947     
   1.9190000000000003       0.24675297367421206     
   1.9200000000000002       0.24675191291194432     
   1.9210000000000003       0.24674777526121511     
   1.9220000000000002       0.24672756082503233     
   1.9230000000000003       0.24671522044638491     
   1.9240000000000002       0.24670925109548367     
   1.9250000000000003       0.24669360726971226     
   1.9260000000000002       0.24668238050309010     
   1.9270000000000003       0.24666899099457548     
   1.9280000000000002       0.24664479556276508     
   1.9290000000000000       0.24663667067338937     
   1.9300000000000002       0.24662651234512542     
   1.9310000000000000       0.24662222209936258     
   1.9320000000000002       0.24660556282326515     
   1.9330000000000001       0.24660075341106649     
   1.9340000000000002       0.24657834065912126     
   1.9350000000000001       0.24655025079086892     
   1.9360000000000002       0.24652683286607627     
   1.9370000000000001       0.24651002097846042     
   1.9380000000000002       0.24648863587830619     
   1.9390000000000001       0.24647775272255640     
   1.9400000000000002       0.24646880540909766     
   1.9410000000000001       0.24646196700755663     
   1.9420000000000002       0.24645507155697688     
   1.9430000000000001       0.24644571598285075     
   1.9440000000000002       0.24642071496484788     
   1.9450000000000001       0.24641284476945477     
   1.9460000000000002       0.24640205767779003     
   1.9470000000000001       0.24639062163149791     
   1.9480000000000002       0.24638070242232671     
   1.9490000000000001       0.24636931130798378     
   1.9500000000000002       0.24634318229621455     
   1.9510000000000001       0.24632153187001168     
   1.9520000000000002       0.24630571030987655     
   1.9530000000000001       0.24629229982483847     
   1.9540000000000002       0.24628485564385516     
   1.9550000000000001       0.24627372696879576     
   1.9560000000000002       0.24626887429628744     
   1.9570000000000001       0.24626269491424502     
   1.9580000000000002       0.24626030206582145     
   1.9590000000000001       0.24625317120509296     
   1.9600000000000002       0.24624832626404833     
   1.9610000000000001       0.24624548364544963     
   1.9620000000000002       0.24624094424667620     
   1.9630000000000001       0.24622807891133600     
   1.9640000000000002       0.24622034542392010     
   1.9650000000000001       0.24621304427351129     
   1.9660000000000002       0.24621136238751662     
   1.9670000000000001       0.24619034251884211     
   1.9680000000000002       0.24617901914032619     
   1.9690000000000001       0.24616322583516556     
   1.9700000000000002       0.24614897872651109     
   1.9710000000000001       0.24612796380712038     
   1.9720000000000002       0.24611372889022795     
   1.9730000000000001       0.24610142289426662     
   1.9740000000000002       0.24608138440568073     
   1.9750000000000001       0.24606515487222450     
   1.9760000000000002       0.24604976584926572     
   1.9770000000000001       0.24602132647566921     
   1.9780000000000002       0.24600861884139977     
   1.9790000000000001       0.24599559378254821     
   1.9800000000000002       0.24597916962843069     
   1.9810000000000001       0.24596380460411305     
   1.9820000000000002       0.24595018459630105     
   1.9830000000000001       0.24594054870608612     
   1.9840000000000002       0.24593281157683433     
   1.9850000000000001       0.24592705624148525     
   1.9860000000000002       0.24591897911888955     
   1.9870000000000001       0.24591061365775904     
   1.9880000000000002       0.24588702976751239     
   1.9890000000000001       0.24588256492346949     
   1.9900000000000002       0.24587091011143924     
   1.9910000000000001       0.24585953203615177     
   1.9920000000000002       0.24584635277115396     
   1.9930000000000001       0.24583006147096206     
   1.9940000000000002       0.24582141533502472     
   1.9950000000000001       0.24580593730333258     
   1.9960000000000002       0.24578732985686302     
   1.9970000000000001       0.24578034338873564     
   1.9980000000000002       0.24577326167360086     
   1.9990000000000001       0.24576590097387280     
   2.0000000000000000       0.24575726106525467     
   2.0010000000000003       0.24574979780580516     
   2.0020000000000002       0.24572065965827555     
   2.0030000000000001       0.24570775403820425     
   2.0040000000000000       0.24570223242788972     
   2.0050000000000003       0.24569707315046704     
   2.0060000000000002       0.24568732375876412     
   2.0070000000000001       0.24567884807213392     
   2.0080000000000000       0.24562582624772192     
   2.0090000000000003       0.24561489056815056     
   2.0100000000000002       0.24559879766935908     
   2.0110000000000001       0.24558621712381190     
   2.0120000000000000       0.24557531000749633     
   2.0130000000000003       0.24556827991412267     
   2.0140000000000002       0.24555977276539284     
   2.0150000000000001       0.24555485389476617     
   2.0160000000000000       0.24555061165945402     
   2.0170000000000003       0.24554781771636727     
   2.0180000000000002       0.24554457974310370     
   2.0190000000000001       0.24553268393823283     
   2.0200000000000000       0.24552554717532113     
   2.0210000000000004       0.24551887665721564     
   2.0220000000000002       0.24551357462534923     
   2.0230000000000001       0.24550748366798533     
   2.0240000000000000       0.24548551158337409     
   2.0250000000000004       0.24544274107342329     
   2.0260000000000002       0.24541873255944224     
   2.0270000000000001       0.24541039004899981     
   2.0280000000000000       0.24540426393880227     
   2.0290000000000004       0.24540017683042534     
   2.0300000000000002       0.24539832651063298     
   2.0310000000000001       0.24538875503780505     
   2.0320000000000000       0.24537639102392619     
   2.0330000000000004       0.24536852473980308     
   2.0340000000000003       0.24536041474752812     
   2.0350000000000001       0.24533182335574316     
   2.0360000000000000       0.24530190085782688     
   2.0370000000000004       0.24525300743462158     
   2.0380000000000003       0.24524967633219655     
   2.0390000000000001       0.24524725534556632     
   2.0400000000000000       0.24523335972534663     
   2.0410000000000004       0.24522954066483990     
   2.0420000000000003       0.24512049130373542     
   2.0430000000000001       0.24507535211733109     
   2.0440000000000000       0.24506031517473537     
   2.0450000000000004       0.24505133884187294     
   2.0460000000000003       0.24503755864570756     
   2.0470000000000002       0.24502995913580111     
   2.0480000000000000       0.24502279421894341     
   2.0490000000000004       0.24501883354254259     
   2.0500000000000003       0.24501248709389528     
   2.0510000000000002       0.24500576580061986     
   2.0520000000000000       0.24499658433399199     
   2.0530000000000004       0.24496723206928064     
   2.0540000000000003       0.24494256426941419     
   2.0550000000000002       0.24493214687111728     
   2.0560000000000000       0.24492758851177940     
   2.0570000000000004       0.24491999734761916     
   2.0580000000000003       0.24490940642424125     
   2.0590000000000002       0.24489889708072496     
   2.0600000000000001       0.24488841327665592     
   2.0610000000000004       0.24487735101933999     
   2.0620000000000003       0.24486018610497248     
   2.0630000000000002       0.24484972158018539     
   2.0640000000000001       0.24483948975653785     
   2.0650000000000004       0.24482942294043472     
   2.0660000000000003       0.24481826066835810     
   2.0670000000000002       0.24480779360063609     
   2.0680000000000001       0.24476730912799294     
   2.0690000000000000       0.24465336171505578     
   2.0700000000000003       0.24461182588653307     
   2.0710000000000002       0.24459062818132726     
   2.0720000000000001       0.24458115654301701     
   2.0730000000000000       0.24456936963088510     
   2.0740000000000003       0.24454219348614892     
   2.0750000000000002       0.24447379497155158     
   2.0760000000000001       0.24446485402509785     
   2.0770000000000000       0.24445301251155427     
   2.0780000000000003       0.24444523336059515     
   2.0790000000000002       0.24443912401740206     
   2.0800000000000001       0.24443301134309497     
   2.0810000000000000       0.24442621075945034     
   2.0820000000000003       0.24441790084906179     
   2.0830000000000002       0.24440759167903417     
   2.0840000000000001       0.24440076701811048     
   2.0850000000000000       0.24438763024965821     
   2.0860000000000003       0.24436814339279753     
   2.0870000000000002       0.24435262424529958     
   2.0880000000000001       0.24434179777843906     
   2.0890000000000000       0.24432750900004604     
   2.0900000000000003       0.24431748943051398     
   2.0910000000000002       0.24430831071793654     
   2.0920000000000001       0.24429469078929500     
   2.0930000000000000       0.24428528287270482     
   2.0940000000000003       0.24428487035259494     
   2.0950000000000002       0.24426204717191496     
   2.0960000000000001       0.24425769301412248     
   2.0970000000000000       0.24425457870217326     
   2.0980000000000003       0.24425042790825965     
   2.0990000000000002       0.24424783627074115     
   2.1000000000000001       0.24424308923384255     
   2.1010000000000000       0.24423824962934054     
   2.1020000000000003       0.24423125412494953     
   2.1030000000000002       0.24422831117998237     
   2.1040000000000001       0.24422337914623887     
   2.1050000000000000       0.24422013005487475     
   2.1060000000000003       0.24421584012170100     
   2.1070000000000002       0.24420967505822627     
   2.1080000000000001       0.24420681120366991     
   2.1090000000000000       0.24420284961105634     
   2.1100000000000003       0.24420031449522858     
   2.1110000000000002       0.24419381579393956     
   2.1120000000000001       0.24418181017415849     
   2.1130000000000000       0.24417801076466650     
   2.1140000000000003       0.24417513337990762     
   2.1150000000000002       0.24417016191895760     
   2.1160000000000001       0.24416606842331093     
   2.1170000000000000       0.24416137815768510     
   2.1180000000000003       0.24415091050424992     
   2.1190000000000002       0.24414628650361417     
   2.1200000000000001       0.24414322610050188     
   2.1210000000000000       0.24413293498932639     
   2.1220000000000003       0.24411367779309659     
   2.1230000000000002       0.24410091901638364     
   2.1240000000000001       0.24409158626868815     
   2.1250000000000000       0.24408638449506828     
   2.1260000000000003       0.24408293137830001     
   2.1270000000000002       0.24407912540890792     
   2.1280000000000001       0.24407673520884288     
   2.1290000000000000       0.24407456738027433     
   2.1300000000000003       0.24407317621568239     
   2.1310000000000002       0.24406818053453971     
   2.1320000000000001       0.24406368050807445     
   2.1330000000000000       0.24405707180252287     
   2.1340000000000003       0.24405115420928497     
   2.1350000000000002       0.24404655563497735     
   2.1360000000000001       0.24404027936234171     
   2.1370000000000000       0.24403279218056098     
   2.1380000000000003       0.24402672523133334     
   2.1390000000000002       0.24402191133586870     
   2.1400000000000001       0.24401781532579797     
   2.1410000000000000       0.24401224558082879     
   2.1420000000000003       0.24400524435101870     
   2.1430000000000002       0.24400255692023606     
   2.1440000000000001       0.24399930041120646     
   2.1450000000000000       0.24399710377630979     
   2.1460000000000004       0.24399437329653612     
   2.1470000000000002       0.24398940872744782     
   2.1480000000000001       0.24398790262445599     
   2.1490000000000000       0.24398247778076562     
   2.1500000000000004       0.24397922973061958     
   2.1510000000000002       0.24397495587951981     
   2.1520000000000001       0.24396781754328686     
   2.1530000000000000       0.24396308146259735     
   2.1540000000000004       0.24395596911874384     
   2.1550000000000002       0.24395196249769990     
   2.1560000000000001       0.24394556188390931     
   2.1570000000000000       0.24394174814277989     
   2.1580000000000004       0.24393894195986807     
   2.1590000000000003       0.24393548274526450     
   2.1600000000000001       0.24393155367144259     
   2.1610000000000000       0.24392513565142837     
   2.1620000000000004       0.24392087074663038     
   2.1630000000000003       0.24391678344564249     
   2.1640000000000001       0.24391295617516334     
   2.1650000000000000       0.24390955816935031     
   2.1660000000000004       0.24390662253840087     
   2.1670000000000003       0.24390398750512521     
   2.1680000000000001       0.24390226148854979     
   2.1690000000000000       0.24389652444095727     
   2.1700000000000004       0.24389328683183606     
   2.1710000000000003       0.24389217323010970     
   2.1720000000000002       0.24389033613081570     
   2.1730000000000000       0.24388372712895162     
   2.1740000000000004       0.24387597476397546     
   2.1750000000000003       0.24387183480592745     
   2.1760000000000002       0.24386824075196464     
   2.1770000000000000       0.24386498026195583     
   2.1780000000000004       0.24386265293682452     
   2.1790000000000003       0.24385794247157594     
   2.1800000000000002       0.24385363778823463     
   2.1810000000000000       0.24384163532787281     
   2.1820000000000004       0.24383426040375861     
   2.1830000000000003       0.24381730099484006     
   2.1840000000000002       0.24380644104659541     
   2.1850000000000001       0.24380007647054047     
   2.1860000000000004       0.24378661279836469     
   2.1870000000000003       0.24377903984494406     
   2.1880000000000002       0.24376896200819093     
   2.1890000000000001       0.24375863380658072     
   2.1900000000000004       0.24374984231188510     
   2.1910000000000003       0.24373904102585381     
   2.1920000000000002       0.24372844337195898     
   2.1930000000000001       0.24372487854257324     
   2.1940000000000004       0.24372573034228512     
   2.1950000000000003       0.24372591030344218     
   2.1960000000000002       0.24372373890914489     
   2.1970000000000001       0.24371511925304176     
   2.1980000000000004       0.24371643573128551     
   2.1990000000000003       0.24371357265381322     
   2.2000000000000002       0.24370903086371842     
   2.2010000000000001       0.24370705250281460     
   2.2020000000000004       0.24370505705780038     
   2.2030000000000003       0.24370377889387124     
   2.2040000000000002       0.24370176537751670     
   2.2050000000000001       0.24370031816206539     
   2.2060000000000000       0.24369973885038249     
   2.2070000000000003       0.24369893995704955     
   2.2080000000000002       0.24369890166034172     
   2.2090000000000001       0.24369766522945815     
   2.2100000000000000       0.24369653919559583     
   2.2110000000000003       0.24369502907168319     
   2.2120000000000002       0.24369413991551184     
   2.2130000000000001       0.24369689721707577     
   2.2140000000000000       0.24368610925691725     
   2.2150000000000003       0.24368496968559594     
   2.2160000000000002       0.24368378504963653     
   2.2170000000000001       0.24368072188822287     
   2.2180000000000000       0.24367912552147331     
   2.2190000000000003       0.24367547636416670     
   2.2200000000000002       0.24367048420756307     
   2.2210000000000001       0.24365861307426187     
   2.2220000000000000       0.24365605717501126     
   2.2230000000000003       0.24365531515818117     
   2.2240000000000002       0.24365398593584325     
   2.2250000000000001       0.24365374811023627     
   2.2260000000000000       0.24365240664322158     
   2.2270000000000003       0.24364667043762361     
   2.2280000000000002       0.24363461150631077     
   2.2290000000000001       0.24362569943615825     
   2.2300000000000000       0.24362469101002429     
   2.2310000000000003       0.24362324190859139     
   2.2320000000000002       0.24361649113838202     
   2.2330000000000001       0.24360866223350749     
   2.2340000000000000       0.24360840908667700     
   2.2350000000000003       0.24360730689654059     
   2.2360000000000002       0.24360110798800838     
   2.2370000000000001       0.24359589511216992     
   2.2380000000000000       0.24358931892321450     
   2.2390000000000003       0.24358385436064853     
   2.2400000000000002       0.24358139624804123     
   2.2410000000000001       0.24357977724885480     
   2.2420000000000000       0.24357874315334357     
   2.2430000000000003       0.24357194258304707     
   2.2440000000000002       0.24356789224231831     
   2.2450000000000001       0.24356179286623061     
   2.2460000000000000       0.24355686137168817     
   2.2470000000000003       0.24355039738496043     
   2.2480000000000002       0.24354475009909515     
   2.2490000000000001       0.24354011038920095     
   2.2500000000000000       0.24353810958061398     
   2.2510000000000003       0.24353584425118396     
   2.2520000000000002       0.24353359867964536     
   2.2530000000000001       0.24352998991442021     
   2.2540000000000000       0.24352378130687918     
   2.2550000000000003       0.24352148590786385     
   2.2560000000000002       0.24351683450691075     
   2.2570000000000001       0.24351427958366184     
   2.2580000000000000       0.24350524439995541     
   2.2590000000000003       0.24349971210486929     
   2.2600000000000002       0.24349815883118128     
   2.2610000000000001       0.24349629709625759     
   2.2620000000000000       0.24349280689983199     
   2.2630000000000003       0.24346104301887891     
   2.2640000000000002       0.24345686527660529     
   2.2650000000000001       0.24345611434179709     
   2.2660000000000000       0.24344912667518712     
   2.2670000000000003       0.24344046942062944     
   2.2680000000000002       0.24343711684847855     
   2.2690000000000001       0.24343359452402677     
   2.2700000000000000       0.24342990278112811     
   2.2710000000000004       0.24342807162568419     
   2.2720000000000002       0.24341645774222845     
   2.2730000000000001       0.24341422712404032     
   2.2740000000000000       0.24341402110545909     
   2.2750000000000004       0.24341292789080085     
   2.2760000000000002       0.24341054101717813     
   2.2770000000000001       0.24340224193157606     
   2.2780000000000000       0.24339968814972063     
   2.2790000000000004       0.24339338839963950     
   2.2800000000000002       0.24338956471150333     
   2.2810000000000001       0.24338283520520645     
   2.2820000000000000       0.24338027904175952     
   2.2830000000000004       0.24337781293056188     
   2.2840000000000003       0.24337307068574143     
   2.2850000000000001       0.24337111119490362     
   2.2860000000000000       0.24336716874667538     
   2.2870000000000004       0.24336415589397820     
   2.2880000000000003       0.24336110594339067     
   2.2890000000000001       0.24335899090027582     
   2.2900000000000000       0.24335733508024432     
   2.2910000000000004       0.24335417053309716     
   2.2920000000000003       0.24335141240413150     
   2.2930000000000001       0.24334656748744191     
   2.2940000000000000       0.24334543513872109     
   2.2950000000000004       0.24334280516732962     
   2.2960000000000003       0.24334045377610569     
   2.2970000000000002       0.24333512168526775     
   2.2980000000000000       0.24333184259353782     
   2.2990000000000004       0.24333103330310471     
   2.3000000000000003       0.24332488748757453     
   2.3010000000000002       0.24331844080726703     
   2.3020000000000000       0.24331375526443452     
   2.3030000000000004       0.24331061150839442     
   2.3040000000000003       0.24330804384321092     
   2.3050000000000002       0.24329258402489970     
   2.3060000000000000       0.24327911625777457     
   2.3070000000000004       0.24327823362512283     
   2.3080000000000003       0.24327739067484422     
   2.3090000000000002       0.24327706074447455     
   2.3100000000000001       0.24327185026146447     
   2.3110000000000004       0.24326971251040086     
   2.3120000000000003       0.24326321812339538     
   2.3130000000000002       0.24325768226611894     
   2.3140000000000001       0.24325434697375986     
   2.3150000000000004       0.24324050382244922     
   2.3160000000000003       0.24322540138830226     
   2.3170000000000002       0.24322082417649873     
   2.3180000000000001       0.24321902191344283     
   2.3190000000000004       0.24321702898374650     
   2.3200000000000003       0.24321326081092653     
   2.3210000000000002       0.24317914521238479     
   2.3220000000000001       0.24319598183457650     
   2.3230000000000004       0.24319373703240224     
   2.3240000000000003       0.24319217015550873     
   2.3250000000000002       0.24319148146951247     
   2.3260000000000001       0.24319190812225663     
   2.3270000000000004       0.24319131781756254     
   2.3280000000000003       0.24318752471082136     
   2.3290000000000002       0.24318441479744457     
   2.3300000000000001       0.24318303403353825     
   2.3310000000000004       0.24318386905729089     
   2.3320000000000003       0.24318454448102911     
   2.3330000000000002       0.24318390104629231     
   2.3340000000000001       0.24318386810036338     
   2.3350000000000004       0.24318448746449869     
   2.3360000000000003       0.24318266490056878     
   2.3370000000000002       0.24318232598020315     
   2.3380000000000001       0.24317873390367664     
   2.3390000000000004       0.24317402185197831     
   2.3400000000000003       0.24317052390653132     
   2.3410000000000002       0.24316896320260240     
   2.3420000000000001       0.24316500923029546     
   2.3430000000000000       0.24315948990132594     
   2.3440000000000003       0.24315465782897983     
   2.3450000000000002       0.24315142178711771     
   2.3460000000000001       0.24314916957876764     
   2.3470000000000000       0.24314713236313726     
   2.3480000000000003       0.24314736928763603     
   2.3490000000000002       0.24313092686022653     
   2.3500000000000001       0.24312198806706789     
   2.3510000000000000       0.24311521256625115     
   2.3520000000000003       0.24310916663496138     
   2.3530000000000002       0.24310379098559434     
   2.3540000000000001       0.24310032417065092     
   2.3550000000000000       0.24309632212483664     
   2.3560000000000003       0.24308994141567841     
   2.3570000000000002       0.24307701952277266     
   2.3580000000000001       0.24307588382160875     
   2.3590000000000000       0.24307250956891285     
   2.3600000000000003       0.24306633362095367     
   2.3610000000000002       0.24306067798469591     
   2.3620000000000001       0.24305461403672732     
   2.3630000000000000       0.24305009758820084     
   2.3640000000000003       0.24304885114464381     
   2.3650000000000002       0.24304573554386469     
   2.3660000000000001       0.24304216031254353     
   2.3670000000000000       0.24303209349919558     
   2.3680000000000003       0.24302555458145117     
   2.3690000000000002       0.24302261750901424     
   2.3700000000000001       0.24301980402928280     
   2.3710000000000000       0.24301796207430898     
   2.3720000000000003       0.24301500790714922     
   2.3730000000000002       0.24300200163407806     
   2.3740000000000001       0.24298478218607644     
   2.3750000000000000       0.24297332059376089     
   2.3760000000000003       0.24296836007607647     
   2.3770000000000002       0.24296544405350473     
   2.3780000000000001       0.24296375781534038     
   2.3790000000000000       0.24296123771680667     
   2.3800000000000003       0.24295883363829660     
   2.3810000000000002       0.24294889188912527     
   2.3820000000000001       0.24294458684075951     
   2.3830000000000000       0.24294506978723529     
   2.3840000000000003       0.24293195661006906     
   2.3850000000000002       0.24290484183227562     
   2.3860000000000001       0.24289238603626714     
   2.3870000000000000       0.24288155993578109     
   2.3880000000000003       0.24287753604119316     
   2.3890000000000002       0.24285920835548322     
   2.3900000000000001       0.24284349067673347     
   2.3910000000000000       0.24283289396021626     
   2.3920000000000003       0.24282679699671328     
   2.3930000000000002       0.24282446495070989     
   2.3940000000000001       0.24282324787377055     
   2.3950000000000000       0.24282129149426057     
   2.3960000000000004       0.24281762825938619     
   2.3970000000000002       0.24281188755920166     
   2.3980000000000001       0.24280801388903397     
   2.3990000000000000       0.24279821179917938     
   2.4000000000000004       0.24279274866838296     
   2.4010000000000002       0.24279034921032999     
   2.4020000000000001       0.24278638786289994     
   2.4030000000000000       0.24277860315493124     
   2.4040000000000004       0.24277514349456156     
   2.4050000000000002       0.24277249468750195     
   2.4060000000000001       0.24277064548759908     
   2.4070000000000000       0.24276821168266155     
   2.4080000000000004       0.24276783601726196     
   2.4090000000000003       0.24276652586706099     
   2.4100000000000001       0.24276359998058342     
   2.4110000000000000       0.24276128513399942     
   2.4120000000000004       0.24275095366497468     
   2.4130000000000003       0.24274885545921204     
   2.4140000000000001       0.24274374100118534     
   2.4150000000000000       0.24274087937715344     
   2.4160000000000004       0.24274389337339919     
   2.4170000000000003       0.24273546196967380     
   2.4180000000000001       0.24272564790602336     
   2.4190000000000000       0.24272123997852929     
   2.4200000000000004       0.24271897433270928     
   2.4210000000000003       0.24271664547326008     
   2.4220000000000002       0.24271417446215879     
   2.4230000000000000       0.24269972286193012     
   2.4240000000000004       0.24268974364362481     
   2.4250000000000003       0.24268385572448620     
   2.4260000000000002       0.24267757095755563     
   2.4270000000000000       0.24266825742063133     
   2.4280000000000004       0.24266373389435228     
   2.4290000000000003       0.24265832747901683     
   2.4300000000000002       0.24263849650625907     
   2.4310000000000000       0.24263430524282981     
   2.4320000000000004       0.24263052650429096     
   2.4330000000000003       0.24262510674877399     
   2.4340000000000002       0.24261979236226433     
   2.4350000000000001       0.24261405198040131     
   2.4360000000000004       0.24261013574287971     
   2.4370000000000003       0.24260726351091508     
   2.4380000000000002       0.24260677963669941     
   2.4390000000000001       0.24260690746632996     
   2.4400000000000004       0.24260490682884281     
   2.4410000000000003       0.24260389554176282     
   2.4420000000000002       0.24260326283415778     
   2.4430000000000001       0.24260123534304123     
   2.4440000000000004       0.24258783594730393     
   2.4450000000000003       0.24258366224132544     
   2.4460000000000002       0.24258073808864569     
   2.4470000000000001       0.24257790169947849     
   2.4480000000000004       0.24257281141204412     
   2.4490000000000003       0.24256329318810371     
   2.4500000000000002       0.24256098754015135     
   2.4510000000000001       0.24255823028205437     
   2.4520000000000004       0.24254841300108956     
   2.4530000000000003       0.24254676154730243     
   2.4540000000000002       0.24254556914392172     
   2.4550000000000001       0.24252795637875302     
   2.4560000000000004       0.24252382822190519     
   2.4570000000000003       0.24252408346941315     
   2.4580000000000002       0.24252531218609835     
   2.4590000000000001       0.24252129100933120     
   2.4600000000000004       0.24252064902557177     
   2.4610000000000003       0.24251943581331956     
   2.4620000000000002       0.24251864497246595     
   2.4630000000000001       0.24251719373992223     
   2.4640000000000004       0.24251670817179191     
   2.4650000000000003       0.24251540020477452     
   2.4660000000000002       0.24251420885240119     
   2.4670000000000001       0.24251296406391470     
   2.4680000000000004       0.24251131273168866     
   2.4690000000000003       0.24250962632084994     
   2.4700000000000002       0.24250832231999983     
   2.4710000000000001       0.24250733936089747     
   2.4720000000000004       0.24249913249943728     
   2.4730000000000003       0.24249779506635910     
   2.4740000000000002       0.24249703357744629     
   2.4750000000000001       0.24249488228295601     
   2.4760000000000004       0.24248609065196700     
   2.4770000000000003       0.24248347764855785     
   2.4780000000000002       0.24248146763351444     
   2.4790000000000001       0.24247951033680146     
   2.4800000000000000       0.24247776860104825     
   2.4810000000000003       0.24247437012111267     
   2.4820000000000002       0.24247094944777828     
   2.4830000000000001       0.24247059769325083     
   2.4840000000000000       0.24246877326703631     
   2.4850000000000003       0.24246641928762278     
   2.4860000000000002       0.24246349085044713     
   2.4870000000000001       0.24245976013543058     
   2.4880000000000000       0.24245714965915804     
   2.4890000000000003       0.24245422791339213     
   2.4900000000000002       0.24245117575138983     
   2.4910000000000001       0.24243320542435304     
   2.4920000000000000       0.24242643545948966     
   2.4930000000000003       0.24242383575519871     
   2.4940000000000002       0.24242324558195216     
   2.4950000000000001       0.24242191751707062     
   2.4960000000000000       0.24242086370566654     
   2.4970000000000003       0.24241354783321020     
   2.4980000000000002       0.24239869497195160     
   2.4990000000000001       0.24239859363265456     
   2.5000000000000000       0.24239663629735278     
   2.5010000000000003       0.24239473689454369     
   2.5020000000000002       0.24239169044190828     
   2.5030000000000001       0.24238871474503015     
   2.5040000000000000       0.24238555902105530     
   2.5050000000000003       0.24238315971364052     
   2.5060000000000002       0.24238158734161500     
   2.5070000000000001       0.24237668473404125     
   2.5080000000000000       0.24237444902799951     
   2.5090000000000003       0.24237258591682406     
   2.5100000000000002       0.24236373156064997     
   2.5110000000000001       0.24235288868628352     
   2.5120000000000000       0.24234877226823720     
   2.5130000000000003       0.24234611601694064     
   2.5140000000000002       0.24234296412927039     
   2.5150000000000001       0.24234078223256833     
   2.5160000000000000       0.24233858785386966     
   2.5170000000000003       0.24233748770992283     
   2.5180000000000002       0.24233649078181160     
   2.5190000000000001       0.24233286876868859     
   2.5200000000000000       0.24232724091461511     
   2.5210000000000004       0.24232562943761771     
   2.5220000000000002       0.24232267559883489     
   2.5230000000000001       0.24231830161614146     
   2.5240000000000000       0.24231604406893031     
   2.5250000000000004       0.24231498659999523     
   2.5260000000000002       0.24231303653918820     
   2.5270000000000001       0.24230803829367670     
   2.5280000000000000       0.24221021727208811     
   2.5290000000000004       0.24217977998533963     
   2.5300000000000002       0.24217428614131190     
   2.5310000000000001       0.24217288583611390     
   2.5320000000000000       0.24216826907482050     
   2.5330000000000004       0.24216627836296561     
   2.5340000000000003       0.24216548890441147     
   2.5350000000000001       0.24216512652449113     
   2.5360000000000000       0.24216075632807088     
   2.5370000000000004       0.24215664893678421     
   2.5380000000000003       0.24215548562993913     
   2.5390000000000001       0.24215507657109148     
   2.5400000000000000       0.24215318431008973     
   2.5410000000000004       0.24215185779502263     
   2.5420000000000003       0.24215174726330679     
   2.5430000000000001       0.24214816933843022     
   2.5440000000000000       0.24214386824131312     
   2.5450000000000004       0.24214010549619125     
   2.5460000000000003       0.24212830700485549     
   2.5470000000000002       0.24212601166661812     
   2.5480000000000000       0.24212392415400721     
   2.5490000000000004       0.24212406173425058     
   2.5500000000000003       0.24212391236021152     
   2.5510000000000002       0.24212252758755290     
   2.5520000000000000       0.24212174892113922     
   2.5530000000000004       0.24212069228288019     
   2.5540000000000003       0.24212008126612902     
   2.5550000000000002       0.24211801479131972     
   2.5560000000000000       0.24211544566050602     
   2.5570000000000004       0.24210623389368582     
   2.5580000000000003       0.24209951679047620     
   2.5590000000000002       0.24209570413702464     
   2.5600000000000001       0.24208806118243290     
   2.5610000000000004       0.24208367862801711     
   2.5620000000000003       0.24208098385781196     
   2.5630000000000002       0.24207512806070622     
   2.5640000000000001       0.24207009299662252     
   2.5650000000000004       0.24206925947278440     
   2.5660000000000003       0.24206873602823850     
   2.5670000000000002       0.24206866102900892     
   2.5680000000000001       0.24206866983593242     
   2.5690000000000004       0.24206826535277495     
   2.5700000000000003       0.24206492725844311     
   2.5710000000000002       0.24205947952251902     
   2.5720000000000001       0.24205836768696073     
   2.5730000000000004       0.24205450540325132     
   2.5740000000000003       0.24205321221693168     
   2.5750000000000002       0.24205207631231135     
   2.5760000000000001       0.24204757763082094     
   2.5770000000000004       0.24203693738327670     
   2.5780000000000003       0.24203319153853328     
   2.5790000000000002       0.24203146742576098     
   2.5800000000000001       0.24202931392011343     
   2.5810000000000004       0.24202760221338801     
   2.5820000000000003       0.24202464168604310     
   2.5830000000000002       0.24201210695502240     
   2.5840000000000001       0.24200807596394872     
   2.5850000000000004       0.24200706923258133     
   2.5860000000000003       0.24199838498309856     
   2.5870000000000002       0.24198731580901964     
   2.5880000000000001       0.24198526149325195     
   2.5890000000000004       0.24198128644278813     
   2.5900000000000003       0.24197661573896051     
   2.5910000000000002       0.24197561822347743     
   2.5920000000000001       0.24197539902206439     
   2.5930000000000004       0.24196815965309215     
   2.5940000000000003       0.24195888802208357     
   2.5950000000000002       0.24195170618891171     
   2.5960000000000001       0.24194391000417367     
   2.5970000000000004       0.24193885501744408     
   2.5980000000000003       0.24193685707966778     
   2.5990000000000002       0.24192649363032642     
   2.6000000000000001       0.24187340106552149     
   2.6010000000000004       0.24187000043338966     
   2.6020000000000003       0.24186792029964105     
   2.6030000000000002       0.24186618427436052     
   2.6040000000000001       0.24186562908381939     
   2.6050000000000004       0.24186449843518232     
   2.6060000000000003       0.24186434767168655     
   2.6070000000000002       0.24186308504539300     
   2.6080000000000001       0.24185902409256244     
   2.6090000000000004       0.24185706877033575     
   2.6100000000000003       0.24185667847487594     
   2.6110000000000002       0.24185311948213756     
   2.6120000000000001       0.24184983477848418     
   2.6130000000000004       0.24184895073026719     
   2.6140000000000003       0.24184836282543293     
   2.6150000000000002       0.24184780006910925     
   2.6160000000000001       0.24184745007843567     
   2.6170000000000000       0.24184535445716607     
   2.6180000000000003       0.24184485617165485     
   2.6190000000000002       0.24184377325084461     
   2.6200000000000001       0.24184312813359435     
   2.6210000000000000       0.24184200097386610     
   2.6220000000000003       0.24183740239574172     
   2.6230000000000002       0.24183914542757173     
   2.6240000000000001       0.24183870300201918     
   2.6250000000000000       0.24183822992517495     
   2.6260000000000003       0.24183803139186394     
   2.6270000000000002       0.24183683647557050     
   2.6280000000000001       0.24183705583614074     
   2.6290000000000000       0.24183686271489249     
   2.6300000000000003       0.24183608693972197     
   2.6310000000000002       0.24183495157130155     
   2.6320000000000001       0.24182899389822216     
   2.6330000000000000       0.24182844784131513     
   2.6340000000000003       0.24182467710070327     
   2.6350000000000002       0.24181867151616898     
   2.6360000000000001       0.24180987839514906     
   2.6370000000000000       0.24180250436057230     
   2.6380000000000003       0.24179520384924016     
   2.6390000000000002       0.24179193541915758     
   2.6400000000000001       0.24178880664160651     
   2.6410000000000000       0.24178687413089209     
   2.6420000000000003       0.24178653944386297     
   2.6430000000000002       0.24178159312408065     
   2.6440000000000001       0.24177844091383818     
   2.6450000000000000       0.24176925660998955     
   2.6460000000000004       0.24176433847139212     
   2.6470000000000002       0.24175738541789002     
   2.6480000000000001       0.24175383880829709     
   2.6490000000000000       0.24174395437845073     
   2.6500000000000004       0.24173089000305178     
   2.6510000000000002       0.24172149623701225     
   2.6520000000000001       0.24171658030745841     
   2.6530000000000000       0.24171132110383706     
   2.6540000000000004       0.24170721252043678     
   2.6550000000000002       0.24164446574196288     
   2.6560000000000001       0.24162639476473724     
   2.6570000000000000       0.24162017103313715     
   2.6580000000000004       0.24161844845758373     
   2.6590000000000003       0.24161836762242689     
   2.6600000000000001       0.24161611415360013     
   2.6610000000000000       0.24161379761504839     
   2.6620000000000004       0.24161049203204721     
   2.6630000000000003       0.24160677364152719     
   2.6640000000000001       0.24160131978850574     
   2.6650000000000000       0.24147662444348808     
   2.6660000000000004       0.24147369194682233     
   2.6670000000000003       0.24147035475422660     
   2.6680000000000001       0.24146806355836212     
   2.6690000000000000       0.24146391698872352     
   2.6700000000000004       0.24146033482007237     
   2.6710000000000003       0.24145758251984362     
   2.6720000000000002       0.24145419457850648     
   2.6730000000000000       0.24145138862907978     
   2.6740000000000004       0.24144582987857263     
   2.6750000000000003       0.24143975958976413     
   2.6760000000000002       0.24143194216080510     
   2.6770000000000000       0.24142795003967646     
   2.6780000000000004       0.24142619030696247     
   2.6790000000000003       0.24142254919140244     
   2.6800000000000002       0.24141971703433540     
   2.6810000000000000       0.24141505388539833     
   2.6820000000000004       0.24139478786005544     
   2.6830000000000003       0.24139290780654746     
   2.6840000000000002       0.24139009436601000     
   2.6850000000000001       0.24138911114248224     
   2.6860000000000004       0.24138533728742692     
   2.6870000000000003       0.24138419998798233     
   2.6880000000000002       0.24135482661550203     
   2.6890000000000001       0.24132310481666025     
   2.6900000000000004       0.24131347589010690     
   2.6910000000000003       0.24130782535432777     
   2.6920000000000002       0.24130393815901124     
   2.6930000000000001       0.24130100698816631     
   2.6940000000000004       0.24129217866451610     
   2.6950000000000003       0.24128309844241086     
   2.6960000000000002       0.24127858583627274     
   2.6970000000000001       0.24126138282788087     
   2.6980000000000004       0.24125706474093575     
   2.6990000000000003       0.24125208506802687     
   2.7000000000000002       0.24124851365173813     
   2.7010000000000001       0.24124467281106976     
   2.7020000000000004       0.24123923592002133     
   2.7030000000000003       0.24123532259994590     
   2.7040000000000002       0.24123165729474075     
   2.7050000000000001       0.24122823257333198     
   2.7060000000000004       0.24122505999694832     
   2.7070000000000003       0.24122302570871573     
   2.7080000000000002       0.24122149058529016     
   2.7090000000000001       0.24122087316355806     
   2.7100000000000004       0.24121901439528148     
   2.7110000000000003       0.24121784316494010     
   2.7120000000000002       0.24121561277932732     
   2.7130000000000001       0.24121399108693847     
   2.7140000000000004       0.24121072370639945     
   2.7150000000000003       0.24120832512052737     
   2.7160000000000002       0.24120301518258888     
   2.7170000000000001       0.24120036789766883     
   2.7180000000000004       0.24119847549684559     
   2.7190000000000003       0.24119638161675064     
   2.7200000000000002       0.24119485933324553     
   2.7210000000000001       0.24119432053816425     
   2.7220000000000004       0.24119342651844594     
   2.7230000000000003       0.24119171317675323     
   2.7240000000000002       0.24119136381158460     
   2.7250000000000001       0.24119063533657123     
   2.7260000000000004       0.24118999922104453     
   2.7270000000000003       0.24118890174752594     
   2.7280000000000002       0.24118830243784808     
   2.7290000000000001       0.24118607716051005     
   2.7300000000000004       0.24118160142162737     
   2.7310000000000003       0.24117882587794270     
   2.7320000000000002       0.24117568239383688     
   2.7330000000000001       0.24117338070966754     
   2.7340000000000004       0.24115220476436425     
   2.7350000000000003       0.24114302872391757     
   2.7360000000000002       0.24113802316468411     
   2.7370000000000001       0.24113657838545516     
   2.7380000000000004       0.24113590662415493     
   2.7390000000000003       0.24113471141555082     
   2.7400000000000002       0.24113229606265046     
   2.7410000000000001       0.24113068856864944     
   2.7420000000000004       0.24112580979278231     
   2.7430000000000003       0.24112495120247135     
   2.7440000000000002       0.24112126541291878     
   2.7450000000000001       0.24111786685330200     
   2.7460000000000004       0.24111638100814270     
   2.7470000000000003       0.24111475568012239     
   2.7480000000000002       0.24111402337588467     
   2.7490000000000001       0.24111149666751958     
   2.7500000000000004       0.24111040568864281     
   2.7510000000000003       0.24110939281911783     
   2.7520000000000002       0.24109419406417704     
   2.7530000000000001       0.24107967162692445     
   2.7540000000000000       0.24105001748398344     
   2.7550000000000003       0.24104149146826426     
   2.7560000000000002       0.24103722757366616     
   2.7570000000000001       0.24103207196565504     
   2.7580000000000000       0.24102290950113833     
   2.7590000000000003       0.24102088861565202     
   2.7600000000000002       0.24101825926867929     
   2.7610000000000001       0.24101507442012229     
   2.7620000000000000       0.24101026372638812     
   2.7630000000000003       0.24100531078129461     
   2.7640000000000002       0.24100457507460840     
   2.7650000000000001       0.24100239313626856     
   2.7660000000000000       0.24100170905647506     
   2.7670000000000003       0.24093159659270283     
   2.7680000000000002       0.24091837274078429     
   2.7690000000000001       0.24091069871540255     
   2.7700000000000000       0.24090398843045521     
   2.7710000000000004       0.24089310736580316     
   2.7720000000000002       0.24089245945718812     
   2.7730000000000001       0.24089163922742557     
   2.7740000000000000       0.24088893257304336     
   2.7750000000000004       0.24088583254371421     
   2.7760000000000002       0.24087284749004495     
   2.7770000000000001       0.24086883092253691     
   2.7780000000000000       0.24086816732045413     
   2.7790000000000004       0.24086428810894694     
   2.7800000000000002       0.24086397730082998     
   2.7810000000000001       0.24086252226257446     
   2.7820000000000000       0.24085999405937450     
   2.7830000000000004       0.24085672146128315     
   2.7840000000000003       0.24085487750027793     
   2.7850000000000001       0.24084985333998601     
   2.7860000000000000       0.24084706404720399     
   2.7870000000000004       0.24084527406249714     
   2.7880000000000003       0.24084357188139074     
   2.7890000000000001       0.24084407858435458     
   2.7900000000000000       0.24084398957735634     
   2.7910000000000004       0.24084324979287369     
   2.7920000000000003       0.24084306793118654     
   2.7930000000000001       0.24084296741381980     
   2.7940000000000000       0.24084237729697036     
   2.7950000000000004       0.24084212002855016     
   2.7960000000000003       0.24084173591026398     
   2.7970000000000002       0.24084162893705466     
   2.7980000000000000       0.24084133163268220     
   2.7990000000000004       0.24083838685183129     
   2.8000000000000003       0.24083510262154392     
   2.8010000000000002       0.24083444749312327     
   2.8020000000000000       0.24083137616809186     
   2.8030000000000004       0.24082958206891672     
   2.8040000000000003       0.24082883648109771     
   2.8050000000000002       0.24082801246964097     
   2.8060000000000000       0.24082542843962823     
   2.8070000000000004       0.24082383240260186     
   2.8080000000000003       0.24082223402530539     
   2.8090000000000002       0.24082295932428244     
   2.8100000000000001       0.24082306758191843     
   2.8110000000000004       0.24082145997355425     
   2.8120000000000003       0.24082181662587010     
   2.8130000000000002       0.24082259572926265     
   2.8140000000000001       0.24082345847770117     
   2.8150000000000004       0.24082400902744849     
   2.8160000000000003       0.24082434967753866     
   2.8170000000000002       0.24082440914495928     
   2.8180000000000001       0.24082451828534532     
   2.8190000000000004       0.24082519713361450     
   2.8200000000000003       0.24082329206282213     
   2.8210000000000002       0.24082189900767281     
   2.8220000000000001       0.24082031528604034     
   2.8230000000000004       0.24081943852239840     
   2.8240000000000003       0.24081709330407247     
   2.8250000000000002       0.24081594054970809     
   2.8260000000000001       0.24081626751330801     
   2.8270000000000004       0.24081526688788241     
   2.8280000000000003       0.24081261289924230     
   2.8290000000000002       0.24081026423623642     
   2.8300000000000001       0.24080794340839101     
   2.8310000000000004       0.24079691353288968     
   2.8320000000000003       0.24078843088092139     
   2.8330000000000002       0.24078579933068114     
   2.8340000000000001       0.24078588428915601     
   2.8350000000000004       0.24078523348286238     
   2.8360000000000003       0.24078475499022520     
   2.8370000000000002       0.24078426629581315     
   2.8380000000000001       0.24078348211376535     
   2.8390000000000004       0.24078264415166209     
   2.8400000000000003       0.24078254574808886     
   2.8410000000000002       0.24078138385291489     
   2.8420000000000001       0.24078122470771357     
   2.8430000000000004       0.24078134919274835     
   2.8440000000000003       0.24078149048038364     
   2.8450000000000002       0.24078169426538759     
   2.8460000000000001       0.24077477405334485     
   2.8470000000000004       0.24077294471071942     
   2.8480000000000003       0.24075780342181172     
   2.8490000000000002       0.24075078821951904     
   2.8500000000000001       0.24074891627687980     
   2.8510000000000004       0.24074711023614628     
   2.8520000000000003       0.24074686724280259     
   2.8530000000000002       0.24074677764362551     
   2.8540000000000001       0.24074642620218109     
   2.8550000000000004       0.24074637079637931     
   2.8560000000000003       0.24074657628824939     
   2.8570000000000002       0.24074656529636868     
   2.8580000000000001       0.24074668712726377     
   2.8590000000000004       0.24074515987597209     
   2.8600000000000003       0.24074462923224341     
   2.8610000000000002       0.24074306332454032     
   2.8620000000000001       0.24074168015957412     
   2.8630000000000004       0.24073999294330925     
   2.8640000000000003       0.24073866594102386     
   2.8650000000000002       0.24073793598740503     
   2.8660000000000001       0.24073467966728829     
   2.8670000000000004       0.24073541638913792     
   2.8680000000000003       0.24073372768616358     
   2.8690000000000002       0.24073208730080442     
   2.8700000000000001       0.24073172390248090     
   2.8710000000000004       0.24073103622883649     
   2.8720000000000003       0.24073090258170932     
   2.8730000000000002       0.24073045259350143     
   2.8740000000000001       0.24073031847548021     
   2.8750000000000004       0.24073012491561932     
   2.8760000000000003       0.24072935237271700     
   2.8770000000000002       0.24072936969859923     
   2.8780000000000001       0.24072762466750966     
   2.8790000000000004       0.24072565018396674     
   2.8800000000000003       0.24072474475588904     
   2.8810000000000002       0.24072435636602854     
   2.8820000000000001       0.24072435391828464     
   2.8830000000000005       0.24072340859727839     
   2.8840000000000003       0.24072310118089174     
   2.8850000000000002       0.24072223295358053     
   2.8860000000000001       0.24072202220704100     
   2.8870000000000005       0.24072176293810410     
   2.8880000000000003       0.24072112069545648     
   2.8890000000000002       0.24072069143566907     
   2.8900000000000001       0.24069221403482655     
   2.8910000000000005       0.24067861270448171     
   2.8920000000000003       0.24067348537864688     
   2.8930000000000002       0.24067361512888755     
   2.8940000000000001       0.24067103287144206     
   2.8950000000000000       0.24066942566479857     
   2.8960000000000004       0.24066901391279549     
   2.8970000000000002       0.24066568064491201     
   2.8980000000000001       0.24066538395716305     
   2.8990000000000000       0.24066392231403821     
   2.9000000000000004       0.24065987437906988     
   2.9010000000000002       0.24065621789660771     
   2.9020000000000001       0.24065378612896735     
   2.9030000000000000       0.24065170387825691     
   2.9040000000000004       0.24065082118600328     
   2.9050000000000002       0.24065014005976174     
   2.9060000000000001       0.24065002002601996     
   2.9070000000000000       0.24064815285320196     
   2.9080000000000004       0.24064341513412174     
   2.9090000000000003       0.24064304155963012     
   2.9100000000000001       0.24064253062336266     
   2.9110000000000000       0.24064146288160254     
   2.9120000000000004       0.24064159722331127     
   2.9130000000000003       0.24064135057357600     
   2.9140000000000001       0.24064141663854133     
   2.9150000000000000       0.24064147794614274     
   2.9160000000000004       0.24064140571442025     
   2.9170000000000003       0.24064118142352556     
   2.9180000000000001       0.24064103050860836     
   2.9190000000000000       0.24064095751083614     
   2.9200000000000004       0.24064162220669000     
   2.9210000000000003       0.24064325321156949     
   2.9220000000000002       0.24064344036783519     
   2.9230000000000000       0.24064343321245535     
   2.9240000000000004       0.24064409136168760     
   2.9250000000000003       0.24064363090671531     
   2.9260000000000002       0.24064228499616941     
   2.9270000000000000       0.24064221260776861     
   2.9280000000000004       0.24064214218440305     
   2.9290000000000003       0.24064251029797329     
   2.9300000000000002       0.24064257192237448     
   2.9310000000000000       0.24064261595273084     
   2.9320000000000004       0.24064247681359760     
   2.9330000000000003       0.24064181766843243     
   2.9340000000000002       0.24064180689827078     
   2.9350000000000001       0.24064158846155240     
   2.9360000000000004       0.24062681555053533     
   2.9370000000000003       0.24062404301730539     
   2.9380000000000002       0.24060256339349512     
   2.9390000000000001       0.24060035184972142     
   2.9400000000000004       0.24059968595590614     
   2.9410000000000003       0.24059937403235843     
   2.9420000000000002       0.24059936525873962     
   2.9430000000000001       0.24059940828623846     
   2.9440000000000004       0.24059917114288168     
   2.9450000000000003       0.24059879292441239     
   2.9460000000000002       0.24059829349734782     
   2.9470000000000001       0.24059774177688753     
   2.9480000000000004       0.24059735498523580     
   2.9490000000000003       0.24059671108306385     
   2.9500000000000002       0.24059636053219613     
   2.9510000000000001       0.24059606527693614     
   2.9520000000000004       0.24059570308652781     
   2.9530000000000003       0.24059577786945879     
   2.9540000000000002       0.24059594889427580     
   2.9550000000000001       0.24059572878605984     
   2.9560000000000004       0.24059550975521893     
   2.9570000000000003       0.24059506478711404     
   2.9580000000000002       0.24059473077013085     
   2.9590000000000001       0.24059465696605106     
   2.9600000000000004       0.24059061943765786     
   2.9610000000000003       0.24058854606051430     
   2.9620000000000002       0.24058738029193491     
   2.9630000000000001       0.24058602404271129     
   2.9640000000000004       0.24058603055959435     
   2.9650000000000003       0.24058600185306409     
   2.9660000000000002       0.24058607547105459     
   2.9670000000000001       0.24058611625096990     
   2.9680000000000004       0.24058641362220548     
   2.9690000000000003       0.24058672438618242     
   2.9700000000000002       0.24058675621415057     
   2.9710000000000001       0.24058509519735813     
   2.9720000000000004       0.24058065196444320     
   2.9730000000000003       0.24056722520692805     
   2.9740000000000002       0.24056599841794715     
   2.9750000000000001       0.24056525041238269     
   2.9760000000000004       0.24056520203418943     
   2.9770000000000003       0.24056493618686697     
   2.9780000000000002       0.24056483471463536     
   2.9790000000000001       0.24056481567036223     
   2.9800000000000004       0.24056498200254298     
   2.9810000000000003       0.24056509742820190     
   2.9820000000000002       0.24056511986654186     
   2.9830000000000001       0.24056511441115208     
   2.9840000000000004       0.24056516482504828     
   2.9850000000000003       0.24056402271536698     
   2.9860000000000002       0.24055797828350578     
   2.9870000000000001       0.24055621079870115     
   2.9880000000000004       0.24054958677631097     
   2.9890000000000003       0.24054418249336237     
   2.9900000000000002       0.24054438743376222     
   2.9910000000000001       0.24054454087359869     
   2.9920000000000004       0.24054470098053551     
   2.9930000000000003       0.24054446933419441     
   2.9940000000000002       0.24054453383146851     
   2.9950000000000001       0.24054457319709702     
   2.9960000000000004       0.24054429504525277     
   2.9970000000000003       0.24054427030735839     
   2.9980000000000002       0.24054173818860219     
   2.9990000000000001       0.24054177691622025     
   3.0000000000000004       0.24054165971975139     
