   1.6500000000000001        7.7097773132496314E-002
   1.6510000000000002        5.7613824676662477E-002
   1.6520000000000001        3.6583987061154691E-002
   1.6530000000000000        1.6722943312227581E-002
   1.6540000000000001        9.4541075889810720E-003
   1.6550000000000000        2.6967504142424307E-003
   1.6560000000000001        8.6242570939655571E-004
   1.6570000000000000        4.3859258984513342E-004
   1.6580000000000001        2.9948240326253952E-004
   1.6590000000000000        2.6291979555474363E-004
   1.6600000000000001        2.1962020234526019E-004
   1.6610000000000000        2.2142235707209423E-004
   1.6620000000000001        1.5774396292059277E-004
   1.6630000000000000        1.5263877481061372E-004
   1.6640000000000001        1.3795152581114873E-004
   1.6650000000000000        1.4123966594732163E-004
   1.6660000000000001        1.5194581975520980E-004
   1.6670000000000000        1.6641829232757682E-004
   1.6680000000000001        1.6372202595357223E-004
   1.6690000000000000        1.6232085929138504E-004
   1.6700000000000002        1.5259670334377313E-004
   1.6710000000000000        1.5332712608116971E-004
   1.6720000000000002        1.5189603747122721E-004
   1.6730000000000000        1.4550966688019692E-004
   1.6740000000000002        1.4431642662261936E-004
   1.6750000000000000        1.4869753562934645E-004
   1.6760000000000002        1.4074367475208594E-004
   1.6770000000000000        1.4466026250363462E-004
   1.6780000000000002        1.4515144760958893E-004
   1.6790000000000000        1.4385432123377459E-004
   1.6800000000000002        1.5689228723131976E-004
   1.6810000000000000        1.5368889234340850E-004
   1.6820000000000002        1.5150827293630625E-004
   1.6830000000000001        1.5853611492340483E-004
   1.6840000000000002        1.5294299253419056E-004
   1.6850000000000001        1.5707484157867987E-004
   1.6860000000000002        1.5574651671140056E-004
   1.6870000000000001        1.6170334261193334E-004
   1.6880000000000002        1.6007756980096035E-004
   1.6890000000000001        1.6127757907345619E-004
   1.6900000000000002        1.5868206675833892E-004
   1.6910000000000001        1.5924248564691109E-004
   1.6920000000000002        1.5873714897730640E-004
   1.6930000000000001        1.5599964634623793E-004
   1.6940000000000002        1.5461407568297155E-004
   1.6950000000000001        1.5371790664884882E-004
   1.6960000000000002        1.5447238153349223E-004
   1.6970000000000001        1.5379191029913801E-004
   1.6980000000000002        1.5348401962345679E-004
   1.6990000000000001        1.5268942948792075E-004
   1.7000000000000002        1.4681624665248191E-004
   1.7010000000000001        1.5000321814857609E-004
   1.7020000000000002        1.4754108625466886E-004
   1.7030000000000001        1.4891731537140514E-004
   1.7040000000000002        1.4736996063072108E-004
   1.7050000000000001        1.6999912736131940E-004
   1.7060000000000002        1.5455897375705850E-004
   1.7070000000000001        1.4639476777350007E-004
   1.7080000000000002        1.4565701890521191E-004
   1.7090000000000001        1.4593062363593004E-004
   1.7100000000000002        1.3920895142135268E-004
   1.7110000000000001        1.4173210753364805E-004
   1.7120000000000002        1.3672235646681414E-004
   1.7130000000000001        1.3751539121274525E-004
   1.7140000000000002        1.3728482479661596E-004
   1.7150000000000001        1.3529120963805784E-004
   1.7160000000000002        1.4424709070269762E-004
   1.7170000000000001        1.4052220675707061E-004
   1.7180000000000002        1.3942115488978002E-004
   1.7190000000000001        1.3792387061630949E-004
   1.7200000000000002        1.4264817189878605E-004
   1.7210000000000001        1.4259233165283582E-004
   1.7220000000000002        1.4546608861169981E-004
   1.7230000000000001        1.4255099663922974E-004
   1.7240000000000002        1.4774268008929041E-004
   1.7250000000000001        1.4474732159285044E-004
   1.7260000000000002        1.4400691104989361E-004
   1.7270000000000001        1.4025330429058271E-004
   1.7280000000000002        1.4124081417460463E-004
   1.7290000000000001        1.3934534325888063E-004
   1.7300000000000002        1.3822487706305822E-004
   1.7310000000000001        1.4282153430052064E-004
   1.7320000000000002        1.4322129289277131E-004
   1.7330000000000001        1.4035137422492469E-004
   1.7340000000000002        1.3989234753884511E-004
   1.7350000000000001        1.4029137624311939E-004
   1.7360000000000002        1.4006463045862261E-004
   1.7370000000000001        1.3891260485528802E-004
   1.7380000000000002        1.3853202378702711E-004
   1.7390000000000001        1.3730952520834140E-004
   1.7400000000000002        1.3706090189650566E-004
   1.7410000000000001        1.3493256493558910E-004
   1.7420000000000002        1.3681402068028132E-004
   1.7430000000000001        1.3673716841656439E-004
   1.7440000000000002        1.3811802635487326E-004
   1.7450000000000001        1.3640471529899133E-004
   1.7460000000000002        1.3715449964480265E-004
   1.7470000000000001        1.3654513146566891E-004
   1.7480000000000002        1.3740264485796901E-004
   1.7490000000000001        1.3589384508756202E-004
   1.7500000000000002        1.3397812115688019E-004
   1.7510000000000001        1.3227432478667294E-004
   1.7520000000000002        1.3385689840509431E-004
   1.7530000000000001        1.3190196421652555E-004
   1.7540000000000002        1.3192916996022005E-004
   1.7550000000000001        1.3330648902555817E-004
   1.7560000000000002        1.3339076332348292E-004
   1.7570000000000001        1.3232809913332668E-004
   1.7580000000000002        1.3205942509191733E-004
   1.7590000000000001        1.3329615520324834E-004
   1.7600000000000002        1.3334268139726654E-004
   1.7610000000000001        1.3383564244053239E-004
   1.7620000000000002        1.3313845236063632E-004
   1.7630000000000001        1.3321353218184988E-004
   1.7640000000000002        1.3275731354740723E-004
   1.7650000000000001        1.3262333276746593E-004
   1.7660000000000002        1.3293469097160128E-004
   1.7670000000000001        1.3313385489834855E-004
   1.7680000000000002        1.3213555136846073E-004
   1.7690000000000001        1.3091621956855154E-004
   1.7700000000000002        1.3101190433265682E-004
   1.7710000000000001        1.3088368321344940E-004
   1.7720000000000002        1.3010577414483544E-004
   1.7730000000000001        1.3095472419587955E-004
   1.7740000000000002        1.3047615276417588E-004
   1.7750000000000001        1.3087672324496301E-004
   1.7760000000000002        1.3053343006262056E-004
   1.7770000000000001        1.3190405943771600E-004
   1.7780000000000002        1.3005191344900047E-004
   1.7790000000000001        1.3916404678897070E-004
   1.7800000000000002        1.3827301849867089E-004
   1.7810000000000001        1.3686251353275264E-004
   1.7820000000000003        1.3473235245344684E-004
   1.7830000000000001        1.3433395880006925E-004
   1.7840000000000003        1.3480344213704994E-004
   1.7850000000000001        1.3545998609053799E-004
   1.7860000000000003        1.4211148981089916E-004
   1.7870000000000001        1.4367107439721175E-004
   1.7880000000000003        1.4367451557059267E-004
   1.7890000000000001        1.3715129700767083E-004
   1.7900000000000000        1.3797478548539633E-004
   1.7910000000000001        1.3737001025365006E-004
   1.7920000000000000        1.3735226163715509E-004
   1.7930000000000001        1.3737358393714559E-004
   1.7940000000000000        1.3693203020026759E-004
   1.7950000000000002        1.3724127924801888E-004
   1.7960000000000000        1.3816696973190966E-004
   1.7970000000000002        1.3745900146825522E-004
   1.7980000000000000        1.3712744189512560E-004
   1.7990000000000002        1.3286441954614002E-004
   1.8000000000000000        1.2919500172050446E-004
   1.8010000000000002        1.2873557210805491E-004
   1.8020000000000000        1.2877523547249149E-004
   1.8030000000000002        1.2916438106627250E-004
   1.8040000000000000        1.2887744855597265E-004
   1.8050000000000002        1.2891561872946771E-004
   1.8060000000000000        1.2879197360052307E-004
   1.8070000000000002        1.2890620486532482E-004
   1.8080000000000001        1.2885537989273921E-004
   1.8090000000000002        1.2895641950957381E-004
   1.8100000000000001        1.2889750782663371E-004
   1.8110000000000002        1.2950451202432928E-004
   1.8120000000000001        1.2911153534150095E-004
   1.8130000000000002        1.2910345741655598E-004
   1.8140000000000001        1.2885989957452088E-004
   1.8150000000000002        1.2882014761862683E-004
   1.8160000000000001        1.2831933834022078E-004
   1.8170000000000002        1.2742478594863929E-004
   1.8180000000000001        1.3024420397678998E-004
   1.8190000000000002        1.2299409402419836E-004
   1.8200000000000001        1.2369884855880923E-004
   1.8210000000000002        1.2378980552633359E-004
   1.8220000000000001        1.2352566569909327E-004
   1.8230000000000002        1.2395031466365532E-004
   1.8240000000000001        1.1135056239714854E-004
   1.8250000000000002        1.1161809730552751E-004
   1.8260000000000001        1.1248501788996841E-004
   1.8270000000000002        1.1007239993526396E-004
   1.8280000000000001        1.1047384073489100E-004
   1.8290000000000002        1.1155678469843754E-004
   1.8300000000000001        1.1092015319479061E-004
   1.8310000000000002        1.1176633362319178E-004
   1.8320000000000001        1.1159519364875482E-004
   1.8330000000000002        1.1109558820829970E-004
   1.8340000000000001        1.1162650360420988E-004
   1.8350000000000002        1.1182359589751855E-004
   1.8360000000000001        1.1234609472766499E-004
   1.8370000000000002        1.1131471403239415E-004
   1.8380000000000001        1.1438441906190183E-004
   1.8390000000000002        1.1215407066315110E-004
   1.8400000000000001        1.1028384251152435E-004
   1.8410000000000002        1.0989555025048883E-004
   1.8420000000000001        1.1085098736168155E-004
   1.8430000000000002        1.1111052593537576E-004
   1.8440000000000001        1.1135924260926357E-004
   1.8450000000000002        1.1060417010022767E-004
   1.8460000000000001        1.1120462596212728E-004
   1.8470000000000002        1.1097399183170331E-004
   1.8480000000000001        1.1062467755498272E-004
   1.8490000000000002        1.1035989312121628E-004
   1.8500000000000001        1.1058882941720361E-004
   1.8510000000000002        1.1605260459218288E-004
   1.8520000000000001        1.1166461819551951E-004
   1.8530000000000002        1.1235505621914772E-004
   1.8540000000000001        1.1366286942284190E-004
   1.8550000000000002        1.1342712580929700E-004
   1.8560000000000001        1.1451191769152390E-004
   1.8570000000000002        1.1757550068262452E-004
   1.8580000000000001        1.1775318250068897E-004
   1.8590000000000002        1.1780392359675962E-004
   1.8600000000000001        1.1733128444536585E-004
   1.8610000000000002        1.1756412539776906E-004
   1.8620000000000001        1.1697324788731145E-004
   1.8630000000000002        1.1220604936329935E-004
   1.8640000000000001        1.1073394663281859E-004
   1.8650000000000002        1.1058755697252483E-004
   1.8660000000000001        1.0824802807687146E-004
   1.8670000000000002        1.0399602590153643E-004
   1.8680000000000001        1.0468811696166645E-004
   1.8690000000000002        1.0381380258819052E-004
   1.8700000000000001        1.0299903989991177E-004
   1.8710000000000002        1.0428750502618436E-004
   1.8720000000000001        1.0371951283682100E-004
   1.8730000000000002        1.0363338987389736E-004
   1.8740000000000001        1.0369416259852687E-004
   1.8750000000000002        1.0341893790605225E-004
   1.8760000000000001        1.0364678087237509E-004
   1.8770000000000002        1.0256947179319688E-004
   1.8780000000000001        1.0250568587122942E-004
   1.8790000000000002        1.0243463822167724E-004
   1.8800000000000001        1.0250694267815502E-004
   1.8810000000000002        1.0268009322526201E-004
   1.8820000000000001        1.0287406891550918E-004
   1.8830000000000002        1.0234599868701114E-004
   1.8840000000000001        1.0146632050610676E-004
   1.8850000000000002        1.0118735264983733E-004
   1.8860000000000001        1.0092608554251330E-004
   1.8870000000000002        1.0072188288493806E-004
   1.8880000000000001        1.0112578830746391E-004
   1.8890000000000002        1.0080153077700424E-004
   1.8900000000000001        1.0104473058985842E-004
   1.8910000000000002        1.0022572912691668E-004
   1.8920000000000001        1.0000355748125017E-004
   1.8930000000000002        9.3140339686069846E-005
   1.8940000000000001        9.2435896121491904E-005
   1.8950000000000002        9.1359896522259280E-005
   1.8960000000000001        9.0352010339016744E-005
   1.8970000000000002        8.9993705567317710E-005
   1.8980000000000001        8.9698591406599468E-005
   1.8990000000000002        8.9548885562361889E-005
   1.9000000000000001        8.9347562495123881E-005
   1.9010000000000002        8.9537077256601066E-005
   1.9020000000000001        9.0115267800155004E-005
   1.9030000000000002        9.0174806630995106E-005
   1.9040000000000001        9.0332875270897253E-005
   1.9050000000000002        9.0082189157063462E-005
   1.9060000000000001        9.0060730669957727E-005
   1.9070000000000003        8.9929513675768885E-005
   1.9080000000000001        8.9784816553838861E-005
   1.9090000000000003        8.9379250166868218E-005
   1.9100000000000001        8.8962036411837405E-005
   1.9110000000000003        8.9376026505583203E-005
   1.9120000000000001        8.8893401182155263E-005
   1.9130000000000003        8.9549781211762644E-005
   1.9140000000000001        8.8540378515046349E-005
   1.9150000000000003        8.9294434620086274E-005
   1.9160000000000001        8.9070843007271749E-005
   1.9170000000000003        8.8892879568211195E-005
   1.9180000000000001        9.0938089133060296E-005
   1.9190000000000003        9.0295896133597262E-005
   1.9200000000000002        9.0378498855500712E-005
   1.9210000000000003        9.0349418494037369E-005
   1.9220000000000002        8.8530228980951897E-005
   1.9230000000000003        8.8670295243909903E-005
   1.9240000000000002        8.7975094886883504E-005
   1.9250000000000003        8.5635377049316292E-005
   1.9260000000000002        8.5578053710577950E-005
   1.9270000000000003        8.5489276625396398E-005
   1.9280000000000002        8.5698222605503724E-005
   1.9290000000000000        8.5779412065087001E-005
   1.9300000000000002        8.5474061765244993E-005
   1.9310000000000000        8.5120238430094121E-005
   1.9320000000000002        8.4974164847364170E-005
   1.9330000000000001        8.5121425075902266E-005
   1.9340000000000002        8.4470416853699802E-005
   1.9350000000000001        8.4408973535610263E-005
   1.9360000000000002        8.3697859342658510E-005
   1.9370000000000001        8.3288118989151505E-005
   1.9380000000000002        8.3771707224722193E-005
   1.9390000000000001        8.3410905129768908E-005
   1.9400000000000002        8.3107971743185026E-005
   1.9410000000000001        8.3607903438461128E-005
   1.9420000000000002        8.3404064024619607E-005
   1.9430000000000001        8.3175344246472598E-005
   1.9440000000000002        8.4315061571935777E-005
   1.9450000000000001        8.5105139539881365E-005
   1.9460000000000002        8.5402867462714934E-005
   1.9470000000000001        8.5264161856980457E-005
   1.9480000000000002        8.4874393236190302E-005
   1.9490000000000001        8.5386114181093629E-005
   1.9500000000000002        8.5430880065059402E-005
   1.9510000000000001        8.5538984808964622E-005
   1.9520000000000002        8.5887258916533205E-005
   1.9530000000000001        8.6324616132985054E-005
   1.9540000000000002        8.5794295918599397E-005
   1.9550000000000001        8.5368227795577513E-005
   1.9560000000000002        8.5423727180294345E-005
   1.9570000000000001        8.5710806987708622E-005
   1.9580000000000002        8.5528670518343199E-005
   1.9590000000000001        8.5687811857201984E-005
   1.9600000000000002        8.4854653766350922E-005
   1.9610000000000001        8.4762363000218154E-005
   1.9620000000000002        8.4540103332953820E-005
   1.9630000000000001        8.4576201822549204E-005
   1.9640000000000002        8.4614069938091736E-005
   1.9650000000000001        8.4676600875945694E-005
   1.9660000000000002        8.4374168596224494E-005
   1.9670000000000001        8.4249192464759691E-005
   1.9680000000000002        8.4835467992163587E-005
   1.9690000000000001        8.5258400199621573E-005
   1.9700000000000002        8.5347927283863716E-005
   1.9710000000000001        8.4171160988120408E-005
   1.9720000000000002        8.3708948627579151E-005
   1.9730000000000001        8.3849497778368780E-005
   1.9740000000000002        8.5646165363922953E-005
   1.9750000000000001        8.3736982207132033E-005
   1.9760000000000002        8.3263652686383746E-005
   1.9770000000000001        8.4074666719295368E-005
   1.9780000000000002        8.4004174574858940E-005
   1.9790000000000001        8.3309355618698590E-005
   1.9800000000000002        8.3186555399956412E-005
   1.9810000000000001        8.3554209083204641E-005
   1.9820000000000002        8.3197051594865367E-005
   1.9830000000000001        8.3288852940076688E-005
   1.9840000000000002        8.3252900620573312E-005
   1.9850000000000001        8.3277949608449582E-005
   1.9860000000000002        8.3250986723191168E-005
   1.9870000000000001        8.2680838878136797E-005
   1.9880000000000002        8.3360007981506028E-005
   1.9890000000000001        8.3412553284951065E-005
   1.9900000000000002        8.2960762863549246E-005
   1.9910000000000001        8.3025201920375818E-005
   1.9920000000000002        8.2151624617643462E-005
   1.9930000000000001        8.2029315393288563E-005
   1.9940000000000002        8.2295458482394178E-005
   1.9950000000000001        8.1860514057040742E-005
   1.9960000000000002        8.1326046865912559E-005
   1.9970000000000001        8.1390931645402946E-005
   1.9980000000000002        8.1563256642961513E-005
   1.9990000000000001        8.1604736457147869E-005
   2.0000000000000000        8.1500574058228459E-005
   2.0010000000000003        8.0754884338541814E-005
   2.0020000000000002        8.1737060118354028E-005
   2.0030000000000001        8.1735101338741302E-005
   2.0040000000000000        8.0957937467755189E-005
   2.0050000000000003        8.1497674075698480E-005
   2.0060000000000002        8.2172195974960840E-005
   2.0070000000000001        8.2373953056633293E-005
   2.0080000000000000        8.4428468589200752E-005
   2.0090000000000003        8.4722065040943259E-005
   2.0100000000000002        8.5158390973979320E-005
   2.0110000000000001        8.5199192868788928E-005
   2.0120000000000000        8.4969262559390034E-005
   2.0130000000000003        8.3468853775079844E-005
   2.0140000000000002        8.4480817859689374E-005
   2.0150000000000001        8.4768649402795887E-005
   2.0160000000000000        8.4447215537797137E-005
   2.0170000000000003        8.4460082323523366E-005
   2.0180000000000002        8.4249505768669525E-005
   2.0190000000000001        8.4271272833630464E-005
   2.0200000000000000        8.3790346289159439E-005
   2.0210000000000004        8.3141081884848195E-005
   2.0220000000000002        8.2951995425063435E-005
   2.0230000000000001        8.2899901502975779E-005
   2.0240000000000000        8.3355834217714226E-005
   2.0250000000000004        8.2417396119427184E-005
   2.0260000000000002        8.5755606568176717E-005
   2.0270000000000001        8.2488158112731038E-005
   2.0280000000000000        8.2413321234627561E-005
   2.0290000000000004        8.2062941645312344E-005
   2.0300000000000002        8.1564683136688284E-005
   2.0310000000000001        8.2106890878176774E-005
   2.0320000000000000        8.2296952572723716E-005
   2.0330000000000004        8.1891650261027240E-005
   2.0340000000000003        8.2028167705658207E-005
   2.0350000000000001        8.0078874945213233E-005
   2.0360000000000000        8.1640007865173923E-005
   2.0370000000000004        8.2785465936395004E-005
   2.0380000000000003        8.1648812437578355E-005
   2.0390000000000001        8.1494903343659955E-005
   2.0400000000000000        8.1779164595944355E-005
   2.0410000000000004        8.1331599478104755E-005
   2.0420000000000003        8.1975664375731635E-005
   2.0430000000000001        8.0672136215134525E-005
   2.0440000000000000        8.0722267742718015E-005
   2.0450000000000004        8.0428875292954134E-005
   2.0460000000000003        7.9742869889620714E-005
   2.0470000000000002        7.9131468525354471E-005
   2.0480000000000000        7.9751920744232800E-005
   2.0490000000000004        7.9684654541971613E-005
   2.0500000000000003        7.9296288344511334E-005
   2.0510000000000002        7.9340529883700729E-005
   2.0520000000000000        7.9697663869133283E-005
   2.0530000000000004        7.8002870003534034E-005
   2.0540000000000003        7.7006035479448834E-005
   2.0550000000000002        7.7021544364291213E-005
   2.0560000000000000        7.7436817793491802E-005
   2.0570000000000004        7.7557946227349204E-005
   2.0580000000000003        7.7323234189298276E-005
   2.0590000000000002        7.7463354742734469E-005
   2.0600000000000001        7.7334487473195600E-005
   2.0610000000000004        7.7445247204564491E-005
   2.0620000000000003        7.6531158971588012E-005
   2.0630000000000002        7.7273550388871960E-005
   2.0640000000000001        7.5574111014756515E-005
   2.0650000000000004        7.5113616486340625E-005
   2.0660000000000003        7.5313160481673281E-005
   2.0670000000000002        7.5644669723565948E-005
   2.0680000000000001        7.6332325175975217E-005
   2.0690000000000000        7.6664189361477545E-005
   2.0700000000000003        7.6581704736414683E-005
   2.0710000000000002        7.6152133822497163E-005
   2.0720000000000001        7.6125132679456012E-005
   2.0730000000000000        7.5872210022288631E-005
   2.0740000000000003        7.6151466992519683E-005
   2.0750000000000002        8.1372181000345035E-005
   2.0760000000000001        8.1712985327751187E-005
   2.0770000000000000        8.1518455136870576E-005
   2.0780000000000003        8.1599026711401756E-005
   2.0790000000000002        8.1802595992266146E-005
   2.0800000000000001        8.1822684606676216E-005
   2.0810000000000000        8.1762179075091081E-005
   2.0820000000000003        8.2057473448991712E-005
   2.0830000000000002        8.1633027903436529E-005
   2.0840000000000001        8.1436495377314443E-005
   2.0850000000000000        8.1581235804939841E-005
   2.0860000000000003        8.2091795410017349E-005
   2.0870000000000002        8.1025040160087106E-005
   2.0880000000000001        8.0353521731103830E-005
   2.0890000000000000        8.0701821640676312E-005
   2.0900000000000003        8.0296914358030756E-005
   2.0910000000000002        8.0011749651966957E-005
   2.0920000000000001        7.8148033954839914E-005
   2.0930000000000000        7.7923098589508443E-005
   2.0940000000000003        7.7116336057922252E-005
   2.0950000000000002        7.8288701021793369E-005
   2.0960000000000001        7.8063951723349436E-005
   2.0970000000000000        7.7825802453487144E-005
   2.0980000000000003        7.7796742082575672E-005
   2.0990000000000002        7.6781035483197512E-005
   2.1000000000000001        7.6728418450413440E-005
   2.1010000000000000        7.6159488272546107E-005
   2.1020000000000003        7.6586672537414432E-005
   2.1030000000000002        7.6568723280406260E-005
   2.1040000000000001        7.6659852371092218E-005
   2.1050000000000000        7.6643007647124841E-005
   2.1060000000000003        7.6698197571857234E-005
   2.1070000000000002        7.6952301053490206E-005
   2.1080000000000001        7.6781083334873313E-005
   2.1090000000000000        7.6749373181436931E-005
   2.1100000000000003        7.6649882370507624E-005
   2.1110000000000002        7.6034849879835816E-005
   2.1120000000000001        7.6618250000768640E-005
   2.1130000000000000        7.6283336800952919E-005
   2.1140000000000003        7.6395090969178319E-005
   2.1150000000000002        7.5898782142126670E-005
   2.1160000000000001        7.6118556353178037E-005
   2.1170000000000000        7.6141004098614163E-005
   2.1180000000000003        7.6171322648669134E-005
   2.1190000000000002        7.6313539138113330E-005
   2.1200000000000001        7.6213496259291822E-005
   2.1210000000000000        7.5305229320806483E-005
   2.1220000000000003        7.4866887754839487E-005
   2.1230000000000002        7.5073271880325969E-005
   2.1240000000000001        7.5466018968393071E-005
   2.1250000000000000        7.5180656699325122E-005
   2.1260000000000003        7.5427626566110378E-005
   2.1270000000000002        7.5444588873876289E-005
   2.1280000000000001        7.5382171709235810E-005
   2.1290000000000000        7.5388073039956330E-005
   2.1300000000000003        7.4913914207760051E-005
   2.1310000000000002        7.5084025426360956E-005
   2.1320000000000001        7.4793657950888312E-005
   2.1330000000000000        7.4838435125068169E-005
   2.1340000000000003        7.5318775070071993E-005
   2.1350000000000002        7.5369719142279963E-005
   2.1360000000000001        7.4956511927895317E-005
   2.1370000000000000        7.4190091515806753E-005
   2.1380000000000003        7.4711557900247440E-005
   2.1390000000000002        7.4376470129164000E-005
   2.1400000000000001        7.4424505317212638E-005
   2.1410000000000000        7.4262211190983079E-005
   2.1420000000000003        7.4677681879916101E-005
   2.1430000000000002        7.3746070674203843E-005
   2.1440000000000001        7.3555362548450174E-005
   2.1450000000000000        7.3843717760223982E-005
   2.1460000000000004        7.3655883410763011E-005
   2.1470000000000002        7.3495093948588506E-005
   2.1480000000000001        7.3417890891438670E-005
   2.1490000000000000        7.2332820052928840E-005
   2.1500000000000004        7.1817651003900737E-005
   2.1510000000000002        7.1928353412461832E-005
   2.1520000000000001        7.1620773495712368E-005
   2.1530000000000000        7.1561472698643969E-005
   2.1540000000000004        7.2381597104626076E-005
   2.1550000000000002        7.1868890060397276E-005
   2.1560000000000001        7.1978476025457423E-005
   2.1570000000000000        7.2141141192340438E-005
   2.1580000000000004        7.2124897052574749E-005
   2.1590000000000003        7.2167846824643938E-005
   2.1600000000000001        7.1807886722446485E-005
   2.1610000000000000        7.1912912163220118E-005
   2.1620000000000004        7.1348281096190888E-005
   2.1630000000000003        7.1578921197198856E-005
   2.1640000000000001        7.1572376111821522E-005
   2.1650000000000000        7.1659772417281625E-005
   2.1660000000000004        7.1304366362374229E-005
   2.1670000000000003        7.1255330944934158E-005
   2.1680000000000001        7.1163354682478316E-005
   2.1690000000000000        7.0735248303233070E-005
   2.1700000000000004        7.0813900314953897E-005
   2.1710000000000003        7.0697331734654385E-005
   2.1720000000000002        7.0662654785799890E-005
   2.1730000000000000        7.1252255831157475E-005
   2.1740000000000004        7.0957177960863675E-005
   2.1750000000000003        7.0749120294468637E-005
   2.1760000000000002        7.1074136688381755E-005
   2.1770000000000000        7.1518735015197688E-005
   2.1780000000000004        7.1458096676536113E-005
   2.1790000000000003        7.0902131824236145E-005
   2.1800000000000002        7.0745865890219038E-005
   2.1810000000000000        7.0573716246696125E-005
   2.1820000000000004        7.0569502517656401E-005
   2.1830000000000003        7.1158034425417539E-005
   2.1840000000000002        7.0395257980577811E-005
   2.1850000000000001        6.9043630466162332E-005
   2.1860000000000004        7.1134782737820455E-005
   2.1870000000000003        7.3605166559115252E-005
   2.1880000000000002        7.2492620522161781E-005
   2.1890000000000001        7.1519418171497407E-005
   2.1900000000000004        7.1100686694080647E-005
   2.1910000000000003        7.1740675601720456E-005
   2.1920000000000002        7.2789455956278630E-005
   2.1930000000000001        7.3118863243769083E-005
   2.1940000000000004        7.3109831716559103E-005
   2.1950000000000003        7.3021126837595281E-005
   2.1960000000000002        7.2780006594135615E-005
   2.1970000000000001        7.2990678283733275E-005
   2.1980000000000004        7.2895733328703438E-005
   2.1990000000000003        7.2891301976706231E-005
   2.2000000000000002        7.2909319962921490E-005
   2.2010000000000001        7.2910271439320448E-005
   2.2020000000000004        7.2882869041070644E-005
   2.2030000000000003        7.3402083811340246E-005
   2.2040000000000002        7.3274042396968101E-005
   2.2050000000000001        7.3545311694460540E-005
   2.2060000000000000        7.3425381055982906E-005
   2.2070000000000003        7.3444595911976960E-005
   2.2080000000000002        7.3063511313695717E-005
   2.2090000000000001        7.3148980364122197E-005
   2.2100000000000000        7.3124108537278164E-005
   2.2110000000000003        7.3003218995094457E-005
   2.2120000000000002        7.3175706377269736E-005
   2.2130000000000001        7.3223810255422517E-005
   2.2140000000000000        7.3961491828811556E-005
   2.2150000000000003        7.3984481340547839E-005
   2.2160000000000002        7.3969099418857461E-005
   2.2170000000000001        7.4402142874613735E-005
   2.2180000000000000        7.4981660354490971E-005
   2.2190000000000003        7.5183669422898287E-005
   2.2200000000000002        7.4792617210105180E-005
   2.2210000000000001        7.4069251015576501E-005
   2.2220000000000000        7.4513086080990802E-005
   2.2230000000000003        7.4312650465945798E-005
   2.2240000000000002        7.4060054380891804E-005
   2.2250000000000001        7.3793849446008341E-005
   2.2260000000000000        7.3824671594521996E-005
   2.2270000000000003        7.5149912531432669E-005
   2.2280000000000002        7.5290390363023921E-005
   2.2290000000000001        7.4344636119845457E-005
   2.2300000000000000        7.4139902951917219E-005
   2.2310000000000003        7.4190147373384037E-005
   2.2320000000000002        7.3900526288541590E-005
   2.2330000000000001        7.5686454586765169E-005
   2.2340000000000000        7.6424879606986951E-005
   2.2350000000000003        7.5654765365100064E-005
   2.2360000000000002        7.5374460351152665E-005
   2.2370000000000001        7.4904073167711391E-005
   2.2380000000000000        7.4760942493876179E-005
   2.2390000000000003        7.5516784044606027E-005
   2.2400000000000002        7.5301079642159353E-005
   2.2410000000000001        7.5663661252840228E-005
   2.2420000000000000        7.5724982140185134E-005
   2.2430000000000003        7.5618843578269392E-005
   2.2440000000000002        7.5736921227459762E-005
   2.2450000000000001        7.5435288967324717E-005
   2.2460000000000000        7.5338945767245352E-005
   2.2470000000000003        7.5443361357929706E-005
   2.2480000000000002        7.5288233986888392E-005
   2.2490000000000001        7.5060448752366772E-005
   2.2500000000000000        7.5036408333336739E-005
   2.2510000000000003        7.5183583595490823E-005
   2.2520000000000002        7.4836893978630259E-005
   2.2530000000000001        7.3284194520148238E-005
   2.2540000000000000        7.4537799664186385E-005
   2.2550000000000003        7.4468494222259274E-005
   2.2560000000000002        7.3497922240492583E-005
   2.2570000000000001        7.3340316132917491E-005
   2.2580000000000000        7.4118516279472838E-005
   2.2590000000000003        7.3619002399068236E-005
   2.2600000000000002        7.3661786131624585E-005
   2.2610000000000001        7.3708097651500120E-005
   2.2620000000000000        7.3438464508572202E-005
   2.2630000000000003        7.6928471394703795E-005
   2.2640000000000002        7.5752972263165732E-005
   2.2650000000000001        7.5332222599525512E-005
   2.2660000000000000        7.5515618612113640E-005
   2.2670000000000003        7.5572000064816819E-005
   2.2680000000000002        7.5369804605799769E-005
   2.2690000000000001        7.5672591645186731E-005
   2.2700000000000000        7.5580665398501982E-005
   2.2710000000000004        7.5730189706367499E-005
   2.2720000000000002        7.6090716496208065E-005
   2.2730000000000001        7.5930786924793082E-005
   2.2740000000000000        7.5741597631000628E-005
   2.2750000000000004        7.5701070862930106E-005
   2.2760000000000002        7.5531423228686424E-005
   2.2770000000000001        7.5138185262450208E-005
   2.2780000000000000        7.5312672741185431E-005
   2.2790000000000004        7.5068393804586997E-005
   2.2800000000000002        7.5026240605977277E-005
   2.2810000000000001        7.4663145924376938E-005
   2.2820000000000000        7.4565031241269935E-005
   2.2830000000000004        7.4527446113446572E-005
   2.2840000000000003        7.4678661969941975E-005
   2.2850000000000001        7.4698838577561159E-005
   2.2860000000000000        7.4332333829021344E-005
   2.2870000000000004        7.4295114313817804E-005
   2.2880000000000003        7.4409635087195383E-005
   2.2890000000000001        7.4454299290396139E-005
   2.2900000000000000        7.4306633919756968E-005
   2.2910000000000004        7.4282436850445647E-005
   2.2920000000000003        7.3938115777746910E-005
   2.2930000000000001        7.3892987239433639E-005
   2.2940000000000000        7.3814716834381426E-005
   2.2950000000000004        7.3877179466016698E-005
   2.2960000000000003        7.3961736578362206E-005
   2.2970000000000002        7.3813778075823341E-005
   2.2980000000000000        7.3633469717331821E-005
   2.2990000000000004        7.3440903235490215E-005
   2.3000000000000003        7.3778872245064016E-005
   2.3010000000000002        7.3482759541637226E-005
   2.3020000000000000        7.3660072061137720E-005
   2.3030000000000004        7.3543270333204766E-005
   2.3040000000000003        7.3514987010231685E-005
   2.3050000000000002        7.4146099410473402E-005
   2.3060000000000000        7.4087929044522124E-005
   2.3070000000000004        7.4037048882144652E-005
   2.3080000000000003        7.3928250636526034E-005
   2.3090000000000002        7.4186196968796685E-005
   2.3100000000000001        7.4315797231015181E-005
   2.3110000000000004        7.3800251770456647E-005
   2.3120000000000003        7.4198109913549681E-005
   2.3130000000000002        7.3847702059843813E-005
   2.3140000000000001        7.3298760983436071E-005
   2.3150000000000004        7.1197365946565981E-005
   2.3160000000000003        7.1255435673244153E-005
   2.3170000000000002        7.1832883491405332E-005
   2.3180000000000001        7.1870209944826092E-005
   2.3190000000000004        7.1775365781084847E-005
   2.3200000000000003        7.1777514460321634E-005
   2.3210000000000002        7.3822133400240438E-005
   2.3220000000000001        7.0406103280014156E-005
   2.3230000000000004        7.0256219688268255E-005
   2.3240000000000003        7.0314134361004749E-005
   2.3250000000000002        7.0425040161411148E-005
   2.3260000000000001        7.0476536182849050E-005
   2.3270000000000004        7.0299241584432132E-005
   2.3280000000000003        6.9262146060019550E-005
   2.3290000000000002        6.9320944286683914E-005
   2.3300000000000001        6.9298754101091616E-005
   2.3310000000000004        6.9285128845731988E-005
   2.3320000000000003        6.9556021592987024E-005
   2.3330000000000002        6.9436033727679372E-005
   2.3340000000000001        6.9432374192610622E-005
   2.3350000000000004        6.9386692919070540E-005
   2.3360000000000003        6.9292381944080313E-005
   2.3370000000000002        6.9200134494486513E-005
   2.3380000000000001        6.9479542492233295E-005
   2.3390000000000004        6.9279932865563699E-005
   2.3400000000000003        6.9254508151297202E-005
   2.3410000000000002        6.9215545943198507E-005
   2.3420000000000001        6.8983026145890967E-005
   2.3430000000000000        6.9124235048275966E-005
   2.3440000000000003        6.9268349530659111E-005
   2.3450000000000002        6.9275933969173650E-005
   2.3460000000000001        6.9144528247173313E-005
   2.3470000000000000        6.8870282405276921E-005
   2.3480000000000003        6.8495662413487846E-005
   2.3490000000000002        6.8216949893260470E-005
   2.3500000000000001        6.8235279202143284E-005
   2.3510000000000000        6.8120863779566786E-005
   2.3520000000000003        6.8245192511455271E-005
   2.3530000000000002        6.8474872014583015E-005
   2.3540000000000001        6.8382086610189883E-005
   2.3550000000000000        6.8465138633820369E-005
   2.3560000000000003        6.8218312387017583E-005
   2.3570000000000002        6.9243408247926934E-005
   2.3580000000000001        6.8302859961775453E-005
   2.3590000000000000        6.8540512637284745E-005
   2.3600000000000003        6.8456776833461080E-005
   2.3610000000000002        6.8148187713719011E-005
   2.3620000000000001        6.7946448026332088E-005
   2.3630000000000000        6.7845883271080325E-005
   2.3640000000000003        6.7620752098549583E-005
   2.3650000000000002        6.7653452604317344E-005
   2.3660000000000001        6.7663496081672166E-005
   2.3670000000000000        6.8130873642697058E-005
   2.3680000000000003        6.7862028227731332E-005
   2.3690000000000002        6.7476519940744013E-005
   2.3700000000000001        6.7633997918663388E-005
   2.3710000000000000        6.7736234205920584E-005
   2.3720000000000003        6.7704555697836312E-005
   2.3730000000000002        6.7823310040297165E-005
   2.3740000000000001        6.6524424699997462E-005
   2.3750000000000000        6.6744595276362908E-005
   2.3760000000000003        6.6877634756373579E-005
   2.3770000000000002        6.6988648111533249E-005
   2.3780000000000001        6.6811990899763685E-005
   2.3790000000000000        6.6883549727353445E-005
   2.3800000000000003        6.6404931974480550E-005
   2.3810000000000002        6.5779459448146447E-005
   2.3820000000000001        6.5564084455875003E-005
   2.3830000000000000        6.4949040341349636E-005
   2.3840000000000003        6.7298857855064618E-005
   2.3850000000000002        6.8338875975872549E-005
   2.3860000000000001        6.7833128294228850E-005
   2.3870000000000000        6.6607860863117575E-005
   2.3880000000000003        6.6410803272489536E-005
   2.3890000000000002        6.7098931801839085E-005
   2.3900000000000001        6.7006432597483296E-005
   2.3910000000000000        6.6651253008334182E-005
   2.3920000000000003        6.6659888538526908E-005
   2.3930000000000002        6.6812634888712807E-005
   2.3940000000000001        6.6701907470105784E-005
   2.3950000000000000        6.6821211363385971E-005
   2.3960000000000004        6.6764366984630862E-005
   2.3970000000000002        6.6704835630301368E-005
   2.3980000000000001        6.6632057273324790E-005
   2.3990000000000000        6.6727280830314176E-005
   2.4000000000000004        6.6616817815204677E-005
   2.4010000000000002        6.6492423866298871E-005
   2.4020000000000001        6.6781469061466815E-005
   2.4030000000000000        6.6635983560726342E-005
   2.4040000000000004        6.7237553471004074E-005
   2.4050000000000002        6.6843417378410096E-005
   2.4060000000000001        6.6929133250712651E-005
   2.4070000000000000        6.6786602118042837E-005
   2.4080000000000004        6.6686993914227388E-005
   2.4090000000000003        6.6760394700689942E-005
   2.4100000000000001        6.6628721122931808E-005
   2.4110000000000000        6.6683184413319574E-005
   2.4120000000000004        6.7352272816724413E-005
   2.4130000000000003        6.7393173287830520E-005
   2.4140000000000001        6.7427901692409557E-005
   2.4150000000000000        6.7326003679551346E-005
   2.4160000000000004        6.7146866857097399E-005
   2.4170000000000003        6.7338805410457685E-005
   2.4180000000000001        6.6727248714331831E-005
   2.4190000000000000        6.6733278665408497E-005
   2.4200000000000004        6.6549635098530721E-005
   2.4210000000000003        6.6462646713287037E-005
   2.4220000000000002        6.6395183145304590E-005
   2.4230000000000000        6.7694682674210990E-005
   2.4240000000000004        6.6502806596111389E-005
   2.4250000000000003        6.6809973846387730E-005
   2.4260000000000002        6.6932399936493376E-005
   2.4270000000000000        6.7314944570653125E-005
   2.4280000000000004        6.6940885788329248E-005
   2.4290000000000003        6.8320715412189663E-005
   2.4300000000000002        6.7880143528000880E-005
   2.4310000000000000        6.7881949083953012E-005
   2.4320000000000004        6.8038769227813352E-005
   2.4330000000000003        6.8186042962174468E-005
   2.4340000000000002        6.8137447438932396E-005
   2.4350000000000001        6.8070088685487153E-005
   2.4360000000000004        6.7863665922884663E-005
   2.4370000000000003        6.7942799825917107E-005
   2.4380000000000002        6.8071985614505056E-005
   2.4390000000000001        6.7879871674823649E-005
   2.4400000000000004        6.7940623791966313E-005
   2.4410000000000003        6.7981171499792380E-005
   2.4420000000000002        6.7895522324450835E-005
   2.4430000000000001        6.7871163021114824E-005
   2.4440000000000004        6.8615439241049246E-005
   2.4450000000000003        6.8085539202925646E-005
   2.4460000000000002        6.7569245185324710E-005
   2.4470000000000001        6.7654913462223505E-005
   2.4480000000000004        6.7425977243796911E-005
   2.4490000000000003        6.8089090715248198E-005
   2.4500000000000002        6.7685591901520771E-005
   2.4510000000000001        6.7869862251743513E-005
   2.4520000000000004        6.7896229515783293E-005
   2.4530000000000003        6.7913791892921908E-005
   2.4540000000000002        6.7860095909174920E-005
   2.4550000000000001        6.6020206759962892E-005
   2.4560000000000004        6.6439950893291386E-005
   2.4570000000000003        6.6506874048211768E-005
   2.4580000000000002        6.6551481888343784E-005
   2.4590000000000001        6.6763877698584125E-005
   2.4600000000000004        6.6389999127612775E-005
   2.4610000000000003        6.6310129875191731E-005
   2.4620000000000002        6.6068679405315351E-005
   2.4630000000000001        6.6013529829067480E-005
   2.4640000000000004        6.6061990853807779E-005
   2.4650000000000003        6.5943994113958418E-005
   2.4660000000000002        6.5861093869955264E-005
   2.4670000000000001        6.5676797631414286E-005
   2.4680000000000004        6.5694915879902787E-005
   2.4690000000000003        6.5669309130485029E-005
   2.4700000000000002        6.5809793584859996E-005
   2.4710000000000001        6.5795311999952569E-005
   2.4720000000000004        6.5889490303995530E-005
   2.4730000000000003        6.5904754818486060E-005
   2.4740000000000002        6.5787701884465816E-005
   2.4750000000000001        6.6119388530826986E-005
   2.4760000000000004        6.6311271256840295E-005
   2.4770000000000003        6.6070022474738077E-005
   2.4780000000000002        6.5902784380727762E-005
   2.4790000000000001        6.5684647018715870E-005
   2.4800000000000000        6.5627094649703006E-005
   2.4810000000000003        6.5788598383703089E-005
   2.4820000000000002        6.5823329440265171E-005
   2.4830000000000001        6.5522715040506515E-005
   2.4840000000000000        6.5232969742094773E-005
   2.4850000000000003        6.5292141467322731E-005
   2.4860000000000002        6.5148508132178295E-005
   2.4870000000000001        6.5118708974955521E-005
   2.4880000000000000        6.4989137793814550E-005
   2.4890000000000003        6.4898298752414315E-005
   2.4900000000000002        6.4731771487457307E-005
   2.4910000000000001        6.5560663525892233E-005
   2.4920000000000000        6.4937446845909021E-005
   2.4930000000000003        6.5035223983407251E-005
   2.4940000000000002        6.5078760906333156E-005
   2.4950000000000001        6.5086578872395690E-005
   2.4960000000000000        6.5006539784316143E-005
   2.4970000000000003        6.5078911292627408E-005
   2.4980000000000002        6.6266593040370086E-005
   2.4990000000000001        6.5958894356659865E-005
   2.5000000000000000        6.6003973808493111E-005
   2.5010000000000003        6.5947301024303016E-005
   2.5020000000000002        6.5701690270917248E-005
   2.5030000000000001        6.5667936940719108E-005
   2.5040000000000000        6.5571374948216667E-005
   2.5050000000000003        6.5714450389714186E-005
   2.5060000000000002        6.5648732954788001E-005
   2.5070000000000001        6.5415241469556084E-005
   2.5080000000000000        6.4919019157654365E-005
   2.5090000000000003        6.5020905304210013E-005
   2.5100000000000002        6.5293174554313454E-005
   2.5110000000000001        6.5682011166363934E-005
   2.5120000000000000        6.5247100447175961E-005
   2.5130000000000003        6.5063078239948087E-005
   2.5140000000000002        6.4993488481436987E-005
   2.5150000000000001        6.4972504452069920E-005
   2.5160000000000000        6.4819094997503764E-005
   2.5170000000000003        6.4715978998807822E-005
   2.5180000000000002        6.4792887005875026E-005
   2.5190000000000001        6.4383628510335150E-005
   2.5200000000000000        6.4449118761153248E-005
   2.5210000000000004        6.4306595261804750E-005
   2.5220000000000002        6.4266113632478153E-005
   2.5230000000000001        6.4030542791150265E-005
   2.5240000000000000        6.4334221021293021E-005
   2.5250000000000004        6.4054556047732754E-005
   2.5260000000000002        6.4125513105587248E-005
   2.5270000000000001        6.4291308620818691E-005
   2.5280000000000000        7.8373869813900651E-005
   2.5290000000000004        7.0225004089226556E-005
   2.5300000000000002        6.9451466676630333E-005
   2.5310000000000001        6.8772765873033380E-005
   2.5320000000000000        6.8902984623955203E-005
   2.5330000000000004        6.8629364595853992E-005
   2.5340000000000003        6.8311810785714422E-005
   2.5350000000000001        6.7348708402439851E-005
   2.5360000000000000        6.6062549255661480E-005
   2.5370000000000004        6.5727682203265344E-005
   2.5380000000000003        6.5673143327912953E-005
   2.5390000000000001        6.5627786143308424E-005
   2.5400000000000000        6.5538490079378712E-005
   2.5410000000000004        6.5800916327444952E-005
   2.5420000000000003        6.5748050079236962E-005
   2.5430000000000001        6.6009316634436238E-005
   2.5440000000000000        6.5923947056824631E-005
   2.5450000000000004        6.5483530575402498E-005
   2.5460000000000003        6.4884741038052912E-005
   2.5470000000000002        6.5265771908464413E-005
   2.5480000000000000        6.5383404195346715E-005
   2.5490000000000004        6.5402315612777241E-005
   2.5500000000000003        6.5045522528095104E-005
   2.5510000000000002        6.5514729464458330E-005
   2.5520000000000000        6.5164839683356824E-005
   2.5530000000000004        6.5231077670965443E-005
   2.5540000000000003        6.4935990194018686E-005
   2.5550000000000002        6.5042730038032310E-005
   2.5560000000000000        6.5080579515154187E-005
   2.5570000000000004        6.4721084665771185E-005
   2.5580000000000003        6.5014113921119741E-005
   2.5590000000000002        6.4938959576777122E-005
   2.5600000000000001        6.3895465241737968E-005
   2.5610000000000004        6.3727107934340131E-005
   2.5620000000000003        6.1964619682379241E-005
   2.5630000000000002        6.2193795617672756E-005
   2.5640000000000001        6.2063364280035097E-005
   2.5650000000000004        6.1946075180406909E-005
   2.5660000000000003        6.1933765477810077E-005
   2.5670000000000002        6.1903303049402813E-005
   2.5680000000000001        6.1864895783904318E-005
   2.5690000000000004        6.1724176682699403E-005
   2.5700000000000003        6.1202919182758636E-005
   2.5710000000000002        6.1792524260396035E-005
   2.5720000000000001        6.1106095179109827E-005
   2.5730000000000004        6.1213404180366176E-005
   2.5740000000000003        6.1204011890003392E-005
   2.5750000000000002        6.1244568165654253E-005
   2.5760000000000001        6.1011205546101071E-005
   2.5770000000000004        6.0971465471575004E-005
   2.5780000000000003        6.1176260072946806E-005
   2.5790000000000002        6.1061567024924712E-005
   2.5800000000000001        6.1043682186100745E-005
   2.5810000000000004        6.0909665712642051E-005
   2.5820000000000003        6.0925226697157015E-005
   2.5830000000000002        6.0909957612069803E-005
   2.5840000000000001        6.0877829968074655E-005
   2.5850000000000004        6.0619728207888206E-005
   2.5860000000000003        6.0139767245171748E-005
   2.5870000000000002        6.1063012227915845E-005
   2.5880000000000001        6.1174152078630051E-005
   2.5890000000000004        6.1089853439047525E-005
   2.5900000000000003        6.1151018339597539E-005
   2.5910000000000002        6.1217686075937198E-005
   2.5920000000000001        6.1233561867574590E-005
   2.5930000000000004        5.9885952850050645E-005
   2.5940000000000003        6.0636988335327458E-005
   2.5950000000000002        6.0159886841900315E-005
   2.5960000000000001        6.0335012739296289E-005
   2.5970000000000004        6.0292163970867508E-005
   2.5980000000000003        6.0297644959937205E-005
   2.5990000000000002        6.0580429418998074E-005
   2.6000000000000001        6.0675000071499174E-005
   2.6010000000000004        6.0624994593061373E-005
   2.6020000000000003        6.0538927474403297E-005
   2.6030000000000002        6.0734581628323979E-005
   2.6040000000000001        6.0676211694876221E-005
   2.6050000000000004        6.0502856221845585E-005
   2.6060000000000003        6.0472111042478577E-005
   2.6070000000000002        6.0298942181026792E-005
   2.6080000000000001        6.0389606902199985E-005
   2.6090000000000004        6.0233379287932053E-005
   2.6100000000000003        6.0165610157414527E-005
   2.6110000000000002        6.0180694875098959E-005
   2.6120000000000001        6.0574283385054124E-005
   2.6130000000000004        6.0436477018791318E-005
   2.6140000000000003        6.0370470615607282E-005
   2.6150000000000002        6.0178901808716846E-005
   2.6160000000000001        6.0312074280075283E-005
   2.6170000000000000        6.0524404987259560E-005
   2.6180000000000003        6.0521132406613782E-005
   2.6190000000000002        6.0602165879487250E-005
   2.6200000000000001        6.0486922913540713E-005
   2.6210000000000000        6.0386609519995735E-005
   2.6220000000000003        6.0749842553182677E-005
   2.6230000000000002        6.0457642476376524E-005
   2.6240000000000001        6.0421368574576427E-005
   2.6250000000000000        6.0472846765803613E-005
   2.6260000000000003        6.0514594071719596E-005
   2.6270000000000002        6.0503114807629163E-005
   2.6280000000000001        6.0602692205150688E-005
   2.6290000000000000        6.0522823525225485E-005
   2.6300000000000003        6.0408219286460540E-005
   2.6310000000000002        6.0512598621038419E-005
   2.6320000000000001        6.2596879109190075E-005
   2.6330000000000000        6.2487647332622415E-005
   2.6340000000000003        6.2482072725982370E-005
   2.6350000000000002        6.0699832716540839E-005
   2.6360000000000001        6.0889929795264015E-005
   2.6370000000000000        6.0098584856741602E-005
   2.6380000000000003        6.0051117356476565E-005
   2.6390000000000002        6.1579115508346216E-005
   2.6400000000000001        6.1483795855648318E-005
   2.6410000000000000        6.0923324513113741E-005
   2.6420000000000003        6.0843791206958349E-005
   2.6430000000000002        6.1018301918130177E-005
   2.6440000000000001        6.0709517329057608E-005
   2.6450000000000000        6.1266012110082217E-005
   2.6460000000000004        6.1316920306187778E-005
   2.6470000000000002        6.1149689549003813E-005
   2.6480000000000001        6.0877005514903692E-005
   2.6490000000000000        5.9886207503489247E-005
   2.6500000000000004        5.9683505319542480E-005
   2.6510000000000002        5.9629879007244238E-005
   2.6520000000000001        5.9536346125959681E-005
   2.6530000000000000        5.9881086774326966E-005
   2.6540000000000004        5.9889589687036718E-005
   2.6550000000000002        6.3337879825636642E-005
   2.6560000000000001        6.0357002286952872E-005
   2.6570000000000000        6.0990431940464208E-005
   2.6580000000000004        6.1015085572001983E-005
   2.6590000000000003        6.0980398071964425E-005
   2.6600000000000001        6.0770490780319199E-005
   2.6610000000000000        6.0471495804570723E-005
   2.6620000000000004        6.0748750785799228E-005
   2.6630000000000003        6.0620760123597284E-005
   2.6640000000000001        6.0565395680781082E-005
   2.6650000000000000        5.9238978038815339E-005
   2.6660000000000004        5.8588694950086845E-005
   2.6670000000000003        5.9338631011803044E-005
   2.6680000000000001        5.9007062388388143E-005
   2.6690000000000000        5.9279898787748592E-005
   2.6700000000000004        5.9401643357667707E-005
   2.6710000000000003        5.9227460724438297E-005
   2.6720000000000002        5.8735933959326651E-005
   2.6730000000000000        5.8636455175044756E-005
   2.6740000000000004        5.8376320821263034E-005
   2.6750000000000003        5.8497882309723999E-005
   2.6760000000000002        5.8699481165737552E-005
   2.6770000000000000        5.8431343484671732E-005
   2.6780000000000004        5.8527069986334454E-005
   2.6790000000000003        5.8589709435027235E-005
   2.6800000000000002        5.8861139492495826E-005
   2.6810000000000000        5.8673964216402961E-005
   2.6820000000000004        5.9602001497395012E-005
   2.6830000000000003        5.9879857623027181E-005
   2.6840000000000002        5.9660989618281224E-005
   2.6850000000000001        5.9521307494268575E-005
   2.6860000000000004        5.9788759696304587E-005
   2.6870000000000003        5.9547954789879623E-005
   2.6880000000000002        5.9660124390585243E-005
   2.6890000000000001        5.9463406619670033E-005
   2.6900000000000004        5.9468675864700286E-005
   2.6910000000000003        5.9343020180079813E-005
   2.6920000000000002        5.9762917077212538E-005
   2.6930000000000001        5.9826674269095269E-005
   2.6940000000000004        5.9601943143322285E-005
   2.6950000000000003        5.9489219970250747E-005
   2.6960000000000002        5.9207334904807450E-005
   2.6970000000000001        5.9660984870320322E-005
   2.6980000000000004        5.9381005231347757E-005
   2.6990000000000003        5.9589146230434399E-005
   2.7000000000000002        5.9547977126523544E-005
   2.7010000000000001        5.9558951890101689E-005
   2.7020000000000004        5.9670708917412088E-005
   2.7030000000000003        5.9582083522510339E-005
   2.7040000000000002        5.9481896359177375E-005
   2.7050000000000001        5.9273484610709099E-005
   2.7060000000000004        5.9292044411070430E-005
   2.7070000000000003        5.9266767013683149E-005
   2.7080000000000002        5.9490895231607318E-005
   2.7090000000000001        5.9470786845532230E-005
   2.7100000000000004        5.9621578603821075E-005
   2.7110000000000003        5.9514774085621238E-005
   2.7120000000000002        5.9452043750718942E-005
   2.7130000000000001        5.9412113623851484E-005
   2.7140000000000004        5.9500543081883402E-005
   2.7150000000000003        5.9574812893309803E-005
   2.7160000000000002        6.0177610634435252E-005
   2.7170000000000001        6.0208652824397686E-005
   2.7180000000000004        6.0142647179145304E-005
   2.7190000000000003        6.0269580849561451E-005
   2.7200000000000002        6.0148580118006944E-005
   2.7210000000000001        6.0188487212596975E-005
   2.7220000000000004        5.9982609279101065E-005
   2.7230000000000003        5.9938619606096696E-005
   2.7240000000000002        5.9884698268712929E-005
   2.7250000000000001        5.9750538540814369E-005
   2.7260000000000004        5.9903322714864081E-005
   2.7270000000000003        5.9907522751097300E-005
   2.7280000000000002        5.9878285978826732E-005
   2.7290000000000001        5.9801213514980089E-005
   2.7300000000000004        6.0009756957717889E-005
   2.7310000000000003        5.9875834592750133E-005
   2.7320000000000002        5.9761474118294523E-005
   2.7330000000000001        6.0486322873548647E-005
   2.7340000000000004        5.8652355965968318E-005
   2.7350000000000003        5.8610340288171342E-005
   2.7360000000000002        5.8855286238044272E-005
   2.7370000000000001        5.8953699236522975E-005
   2.7380000000000004        5.9095229127370976E-005
   2.7390000000000003        5.8857995214674271E-005
   2.7400000000000002        5.8363704932124958E-005
   2.7410000000000001        5.8683968778098555E-005
   2.7420000000000004        5.9091708789642661E-005
   2.7430000000000003        5.8860337615270886E-005
   2.7440000000000002        5.9130323958988905E-005
   2.7450000000000001        5.9373436710219279E-005
   2.7460000000000004        5.9549858887289329E-005
   2.7470000000000003        5.9312848967545817E-005
   2.7480000000000002        5.9084693070045330E-005
   2.7490000000000001        5.9019516142130790E-005
   2.7500000000000004        5.9395240946658550E-005
   2.7510000000000003        5.9331250230248751E-005
   2.7520000000000002        5.9595464898014312E-005
   2.7530000000000001        5.9694611397317751E-005
   2.7540000000000000        5.9493954687252193E-005
   2.7550000000000003        5.9526782141305843E-005
   2.7560000000000002        5.9625310700323074E-005
   2.7570000000000001        5.9488206731095672E-005
   2.7580000000000000        5.9734708146819078E-005
   2.7590000000000003        5.9760782073635579E-005
   2.7600000000000002        5.9663872433804908E-005
   2.7610000000000001        5.9743391041894700E-005
   2.7620000000000000        5.9374652083624203E-005
   2.7630000000000003        5.9670902493914734E-005
   2.7640000000000002        5.9610916985576339E-005
   2.7650000000000001        5.9467517273537302E-005
   2.7660000000000000        5.9740622295337575E-005
   2.7670000000000003        7.7033693263651095E-005
   2.7680000000000002        7.2342229684112475E-005
   2.7690000000000001        7.1577571986691283E-005
   2.7700000000000000        7.1487413703823384E-005
   2.7710000000000004        7.3722656714593645E-005
   2.7720000000000002        7.3486823382848998E-005
   2.7730000000000001        7.3488999358430033E-005
   2.7740000000000000        7.3777007114370042E-005
   2.7750000000000004        7.3749451049918093E-005
   2.7760000000000002        7.3546427204602765E-005
   2.7770000000000001        7.3172266774221959E-005
   2.7780000000000000        7.3228156477124414E-005
   2.7790000000000004        7.4235522861726785E-005
   2.7800000000000002        7.3970733874579675E-005
   2.7810000000000001        7.3627955071559468E-005
   2.7820000000000000        7.3379654062870383E-005
   2.7830000000000004        7.3547015682235925E-005
   2.7840000000000003        7.3063898169712990E-005
   2.7850000000000001        7.4412254816424395E-005
   2.7860000000000000        7.4822263272491071E-005
   2.7870000000000004        7.4945399883645397E-005
   2.7880000000000003        7.4633809996181688E-005
   2.7890000000000001        7.4619596869205263E-005
   2.7900000000000000        7.4335995981302178E-005
   2.7910000000000004        7.4612741961708351E-005
   2.7920000000000003        7.4747910175270541E-005
   2.7930000000000001        7.4448319392663809E-005
   2.7940000000000000        7.4506183860739873E-005
   2.7950000000000004        7.4661800651737125E-005
   2.7960000000000003        7.4710026007190455E-005
   2.7970000000000002        7.4686701482065980E-005
   2.7980000000000000        7.4770894833499973E-005
   2.7990000000000004        7.4593516574555913E-005
   2.8000000000000003        7.4695782134429626E-005
   2.8010000000000002        7.4303564509927976E-005
   2.8020000000000000        7.4439290203307968E-005
   2.8030000000000004        7.4208458482270031E-005
   2.8040000000000003        7.4422676413740937E-005
   2.8050000000000002        7.4670803285582150E-005
   2.8060000000000000        7.4416417165206825E-005
   2.8070000000000004        7.4344678569998062E-005
   2.8080000000000003        7.4530646402223407E-005
   2.8090000000000002        7.4340282625972115E-005
   2.8100000000000001        7.4345236781692527E-005
   2.8110000000000004        7.4419497611498455E-005
   2.8120000000000003        7.4395665330932799E-005
   2.8130000000000002        7.4260294135760504E-005
   2.8140000000000001        7.4188523403412261E-005
   2.8150000000000004        7.4226049354057940E-005
   2.8160000000000003        7.4233651322794911E-005
   2.8170000000000002        7.4261241578035976E-005
   2.8180000000000001        7.4225071816075129E-005
   2.8190000000000004        7.3779109381952822E-005
   2.8200000000000003        7.3765195352661764E-005
   2.8210000000000002        7.3930167784187875E-005
   2.8220000000000001        7.4342486275067550E-005
   2.8230000000000004        7.4246504803929838E-005
   2.8240000000000003        7.4103391766347382E-005
   2.8250000000000002        7.4053708564506985E-005
   2.8260000000000001        7.3795643451045681E-005
   2.8270000000000004        7.3556951606928034E-005
   2.8280000000000003        7.3474055656074172E-005
   2.8290000000000002        7.3187668997265438E-005
   2.8300000000000001        7.3313890797411916E-005
   2.8310000000000004        7.2951915288594320E-005
   2.8320000000000003        7.1145591980782493E-005
   2.8330000000000002        7.1549511762830547E-005
   2.8340000000000001        7.1510583005884697E-005
   2.8350000000000004        7.1557876784409419E-005
   2.8360000000000003        7.1748727448637452E-005
   2.8370000000000002        7.1772698874339412E-005
   2.8380000000000001        7.1659215473060970E-005
   2.8390000000000004        7.1835681491302334E-005
   2.8400000000000003        7.1797087476406981E-005
   2.8410000000000002        7.1795045122381281E-005
   2.8420000000000001        7.1779759209156864E-005
   2.8430000000000004        7.1730915250478209E-005
   2.8440000000000003        7.1748203649169771E-005
   2.8450000000000002        7.1708536816259086E-005
   2.8460000000000001        7.2065726422036722E-005
   2.8470000000000004        7.1947647107371479E-005
   2.8480000000000003        7.1762373152031933E-005
   2.8490000000000002        7.1291676956676675E-005
   2.8500000000000001        7.1313784342444874E-005
   2.8510000000000004        7.1174365062255592E-005
   2.8520000000000003        7.1143893005515854E-005
   2.8530000000000002        7.1143060048466951E-005
   2.8540000000000001        7.1103046695312642E-005
   2.8550000000000004        7.1087181962080215E-005
   2.8560000000000003        7.1058726614222251E-005
   2.8570000000000002        7.1064708291855826E-005
   2.8580000000000001        7.1039594103568081E-005
   2.8590000000000004        7.0918362953068399E-005
   2.8600000000000003        7.0890420165848383E-005
   2.8610000000000002        7.0885191252358646E-005
   2.8620000000000001        7.0865227817935923E-005
   2.8630000000000004        7.0836629235133939E-005
   2.8640000000000003        7.0890077264725590E-005
   2.8650000000000002        7.0909941046487109E-005
   2.8660000000000001        7.1277973002944290E-005
   2.8670000000000004        7.0893304402585428E-005
   2.8680000000000003        7.0944658771655814E-005
   2.8690000000000002        7.1480360598963748E-005
   2.8700000000000001        7.1273950698858999E-005
   2.8710000000000004        7.1208560871489579E-005
   2.8720000000000003        7.0894893337325733E-005
   2.8730000000000002        7.0846630778127531E-005
   2.8740000000000001        7.0953640082322591E-005
   2.8750000000000004        7.0878653521600654E-005
   2.8760000000000003        7.1023483362913023E-005
   2.8770000000000002        7.0844761885567996E-005
   2.8780000000000001        7.0868048599477442E-005
   2.8790000000000004        7.0725771425981021E-005
   2.8800000000000003        7.0762147884764003E-005
   2.8810000000000002        7.0793985356431280E-005
   2.8820000000000001        7.0660130226965555E-005
   2.8830000000000005        7.0496167572277490E-005
   2.8840000000000003        7.0584949308422683E-005
   2.8850000000000002        7.0478740874231307E-005
   2.8860000000000001        7.0459090755571052E-005
   2.8870000000000005        7.0456816884543994E-005
   2.8880000000000003        7.0353270431215231E-005
   2.8890000000000002        7.0330800041756150E-005
   2.8900000000000001        6.9961997481426602E-005
   2.8910000000000005        6.8895826606062485E-005
   2.8920000000000003        6.9234045580135405E-005
   2.8930000000000002        6.8711563367908828E-005
   2.8940000000000001        6.9902752184315982E-005
   2.8950000000000000        7.0088664680295271E-005
   2.8960000000000004        6.9550393086069496E-005
   2.8970000000000002        6.9770634209864141E-005
   2.8980000000000001        6.9750572439189544E-005
   2.8990000000000000        6.9713057019978150E-005
   2.9000000000000004        6.9738979987700380E-005
   2.9010000000000002        6.9853107397553656E-005
   2.9020000000000001        6.9620661775888769E-005
   2.9030000000000000        6.9690607390372134E-005
   2.9040000000000004        6.9710827145188166E-005
   2.9050000000000002        6.9716942496918707E-005
   2.9060000000000001        6.9789874610259953E-005
   2.9070000000000000        6.9861418900794302E-005
   2.9080000000000004        7.0545180175323808E-005
   2.9090000000000003        7.0299492831435166E-005
   2.9100000000000001        7.0262854934505201E-005
   2.9110000000000000        7.0140114420603745E-005
   2.9120000000000004        7.0124341152523272E-005
   2.9130000000000003        7.0199667760457806E-005
   2.9140000000000001        7.0157499814385571E-005
   2.9150000000000000        7.0160179950360757E-005
   2.9160000000000004        7.0150753558905174E-005
   2.9170000000000003        7.0123815254747668E-005
   2.9180000000000001        7.0147621216425649E-005
   2.9190000000000000        7.0083502236025744E-005
   2.9200000000000004        7.0146094743872269E-005
   2.9210000000000003        7.0037400416136873E-005
   2.9220000000000002        6.9986206955127681E-005
   2.9230000000000000        7.0019976196546119E-005
   2.9240000000000004        6.9679098151164139E-005
   2.9250000000000003        6.9854089920848788E-005
   2.9260000000000002        6.9815360293513159E-005
   2.9270000000000000        6.9798543408478735E-005
   2.9280000000000004        6.9805107819314525E-005
   2.9290000000000003        6.9671678293286790E-005
   2.9300000000000002        6.9665046989633611E-005
   2.9310000000000000        6.9648584682128079E-005
   2.9320000000000004        6.9683262482080793E-005
   2.9330000000000003        6.9768278783377649E-005
   2.9340000000000002        6.9591173779687775E-005
   2.9350000000000001        6.9624507994588109E-005
   2.9360000000000004        6.9495315615397015E-005
   2.9370000000000003        6.9697541420941914E-005
   2.9380000000000002        6.9608936352377079E-005
   2.9390000000000001        6.9392443828011888E-005
   2.9400000000000004        6.9400012628471924E-005
   2.9410000000000003        6.9521716879040234E-005
   2.9420000000000002        6.9477010290149835E-005
   2.9430000000000001        6.9457046297182704E-005
   2.9440000000000004        6.9449446433246997E-005
   2.9450000000000003        6.9400122857529020E-005
   2.9460000000000002        6.9401397888260719E-005
   2.9470000000000001        6.9378749343089883E-005
   2.9480000000000004        6.9391031053185062E-005
   2.9490000000000003        6.9351971591160371E-005
   2.9500000000000002        6.9324962860944190E-005
   2.9510000000000001        6.9297546937740294E-005
   2.9520000000000004        6.9351780281851414E-005
   2.9530000000000003        6.9312079568797856E-005
   2.9540000000000002        6.9276709957768958E-005
   2.9550000000000001        6.9208412228671465E-005
   2.9560000000000004        6.9186219260337030E-005
   2.9570000000000003        6.9042725177707049E-005
   2.9580000000000002        6.9088156319910643E-005
   2.9590000000000001        6.9105665228079460E-005
   2.9600000000000004        6.9345433785898458E-005
   2.9610000000000003        6.9465036598250905E-005
   2.9620000000000002        6.9196857472466993E-005
   2.9630000000000001        6.9315894928874451E-005
   2.9640000000000004        6.9343147852813682E-005
   2.9650000000000003        6.9272065945187513E-005
   2.9660000000000002        6.9245493726191135E-005
   2.9670000000000001        6.9277059899638439E-005
   2.9680000000000004        6.9257199592868388E-005
   2.9690000000000003        6.9212982704285961E-005
   2.9700000000000002        6.9226365673054043E-005
   2.9710000000000001        6.9247620538791409E-005
   2.9720000000000004        6.9267845034311025E-005
   2.9730000000000003        6.9509039614947419E-005
   2.9740000000000002        6.9538143870422409E-005
   2.9750000000000001        6.9544731256629966E-005
   2.9760000000000004        6.9552290686751417E-005
   2.9770000000000003        6.9486302222910982E-005
   2.9780000000000002        6.9465456938242994E-005
   2.9790000000000001        6.9382672001981561E-005
   2.9800000000000004        6.9362681624622946E-005
   2.9810000000000003        6.9354861250674917E-005
   2.9820000000000002        6.9345948884990446E-005
   2.9830000000000001        6.9337954078766000E-005
   2.9840000000000004        6.9361506092263084E-005
   2.9850000000000003        6.9437812992165863E-005
   2.9860000000000002        6.9217154819445619E-005
   2.9870000000000001        6.9283549459633588E-005
   2.9880000000000004        6.9522311766597025E-005
   2.9890000000000003        6.9402433941003977E-005
   2.9900000000000002        6.9366987044234906E-005
   2.9910000000000001        6.9352918024738079E-005
   2.9920000000000004        6.9342089413532067E-005
   2.9930000000000003        6.9558677150572282E-005
   2.9940000000000002        6.9537304600981301E-005
   2.9950000000000001        6.9485105397113295E-005
   2.9960000000000004        6.9422541147091385E-005
   2.9970000000000003        6.9428380527219259E-005
   2.9980000000000002        6.9494235711801744E-005
   2.9990000000000001        6.9535896171570347E-005
   3.0000000000000004        6.9518291129434790E-005
