   1.0000000000000000E-002   0.0000000000000000     
   2.0000000000000000E-002   0.0000000000000000     
   3.0000000000000002E-002   0.0000000000000000     
   4.0000000000000001E-002   0.0000000000000000     
   5.0000000000000003E-002   0.0000000000000000     
   6.0000000000000005E-002   0.0000000000000000     
   7.0000000000000007E-002   0.0000000000000000     
   8.0000000000000002E-002   4.8078398186996947E-007
   9.0000000000000011E-002   3.5572834281096944E-006
  0.10000000000000001        2.0240267183302052E-004
  0.11000000000000001        3.4760869638393814E-005
  0.12000000000000001        4.7573467769608492E-006
  0.13000000000000000        3.3589419483175334E-005
  0.14000000000000001        1.8430222936269224E-003
  0.15000000000000002        6.8629633356221835E-005
  0.16000000000000000        4.7823269132191653E-004
  0.17000000000000001        7.7394218289311874E-004
  0.18000000000000002        5.9247945410213390E-005
  0.19000000000000000        2.9510237563692880E-003
  0.20000000000000001        1.9148420807500670E-002
  0.21000000000000002        1.4331207966352127E-002
  0.22000000000000003        2.7346404201903086E-002
  0.23000000000000001        9.3187135369789519E-003
  0.24000000000000002        7.7144282290703137E-003
  0.25000000000000000        1.5775824367895954E-002
  0.26000000000000001        3.0258010037809629E-002
  0.27000000000000002        2.8849914975175608E-002
  0.28000000000000003        2.3188260277498714E-002
  0.29000000000000004        2.0255671811541059E-002
  0.30000000000000004        2.7623543070479827E-002
  0.31000000000000000        4.6458432678956302E-002
  0.32000000000000001        3.5860750240437063E-002
  0.33000000000000002        9.7260891311316267E-002
  0.34000000000000002        3.9347401597155024E-002
  0.35000000000000003        4.3566872492319199E-002
  0.36000000000000004        4.6293675042145044E-002
  0.37000000000000005        5.4592192516462086E-002
  0.38000000000000000        5.2074520522563512E-002
  0.39000000000000001        5.1567136000404017E-002
  0.40000000000000002        6.8449970666275631E-002
  0.41000000000000003        8.0503765706016001E-002
  0.42000000000000004        6.7025167630619956E-002
  0.43000000000000005        4.2097606930567272E-002
  0.44000000000000006        6.9120145202497638E-002
  0.45000000000000001        6.8510289322960410E-002
  0.46000000000000002        9.4441469153879964E-002
  0.47000000000000003       0.12840113448574472     
  0.48000000000000004       0.25829707909879251     
  0.49000000000000005        9.1084505238413743E-002
  0.50000000000000000        9.4175119252853934E-002
  0.51000000000000001       0.15776749530721509     
  0.52000000000000002       0.11580337843756072     
  0.53000000000000003       0.17308381560919639     
  0.54000000000000004       0.17593366179223247     
  0.55000000000000004       0.18400693861828349     
  0.56000000000000005       0.17427919479270007     
  0.57000000000000006       0.19374763445938864     
  0.58000000000000007       0.28968078325124985     
  0.59000000000000008       0.34220710511867153     
  0.60000000000000009       0.33900883056012110     
  0.61000000000000010       0.16860284638961864     
  0.62000000000000000       0.23636495141039807     
  0.63000000000000000       0.42490786050872886     
  0.64000000000000001       0.25596644158471354     
  0.65000000000000002       0.28843932314817478     
  0.66000000000000003       0.33963079242128963     
  0.67000000000000004       0.22870193332708139     
  0.68000000000000005       0.39797534103727999     
  0.69000000000000006       0.29003584133564603     
  0.70000000000000007       0.44866628944471904     
  0.71000000000000008       0.46759304821079506     
  0.72000000000000008       0.54221149365368948     
  0.73000000000000009       0.59994090822927160     
  0.74000000000000010       0.23772305331400767     
  0.75000000000000011        5.1621055267901762E-002
  0.76000000000000001        3.3544427840536011E-002
  0.77000000000000002        3.9741654087612141E-002
  0.78000000000000003        4.0737747361882841E-002
  0.79000000000000004        4.9414289659803955E-002
  0.80000000000000004        4.6396493516767404E-002
  0.81000000000000005        3.8370858223415169E-002
  0.82000000000000006        2.6765076815280339E-002
  0.83000000000000007        2.2639768934191125E-002
  0.84000000000000008        2.6948542993275947E-002
  0.85000000000000009        2.6901216740621483E-002
  0.86000000000000010        2.4497440926183021E-002
  0.87000000000000011        1.8307238158930844E-002
  0.88000000000000012        1.7768449735105864E-002
  0.89000000000000012        1.9630169897471718E-002
  0.90000000000000002        2.1255417106402521E-002
  0.91000000000000003        1.7058751457259901E-002
  0.92000000000000004        1.4314863712320974E-002
  0.93000000000000005        1.4527678129145098E-002
  0.94000000000000006        1.4397127822013895E-002
  0.95000000000000007        1.5524593115877665E-002
  0.96000000000000008        1.5161086672385922E-002
  0.97000000000000008        1.4598849360708745E-002
  0.98000000000000009        1.5304355876460798E-002
  0.99000000000000010        1.4617092237919951E-002
   1.0000000000000000        1.4023455567346303E-002
   1.0100000000000000        1.3721096394610638E-002
   1.0200000000000000        1.5528893816747611E-002
   1.0300000000000000        1.4754125524790364E-002
   1.0400000000000000        1.3931002281357057E-002
   1.0500000000000000        1.3143721397259245E-002
   1.0600000000000001        1.2796171005729219E-002
   1.0700000000000001        1.3884473459201753E-002
   1.0800000000000001        1.3919422408452948E-002
   1.0900000000000001        1.3499039526301866E-002
   1.1000000000000001        1.3894080322426748E-002
   1.1100000000000001        1.3673021139352870E-002
   1.1200000000000001        1.3956666282986131E-002
   1.1300000000000001        1.3834375882685185E-002
   1.1400000000000001        1.3423277896517111E-002
   1.1500000000000001        1.3354282757839217E-002
   1.1600000000000001        1.3660952347321925E-002
   1.1700000000000002        1.3456082721907521E-002
   1.1800000000000002        1.3201937703153433E-002
   1.1900000000000002        1.3423837441318202E-002
   1.2000000000000002        1.3554652878020977E-002
   1.2100000000000002        1.3058955762094027E-002
   1.2200000000000002        1.2977658898816366E-002
   1.2300000000000002        1.3427273232303858E-002
   1.2400000000000000        1.3599456941504821E-002
   1.2500000000000000        1.2814969841280754E-002
   1.2600000000000000        1.3223377609134583E-002
   1.2700000000000000        1.2421197149511367E-002
   1.2800000000000000        1.2472233146510416E-002
   1.2900000000000000        1.2830793113110986E-002
   1.3000000000000000        1.2787385944295404E-002
   1.3100000000000001        1.2272535858605030E-002
   1.3200000000000001        1.2679389903208931E-002
   1.3300000000000001        1.2682747725069577E-002
   1.3400000000000001        1.2958795259399391E-002
   1.3500000000000001        1.2769135990971467E-002
   1.3600000000000001        1.3042488492553810E-002
   1.3700000000000001        1.3539352102196702E-002
   1.3800000000000001        1.3230332979204685E-002
   1.3900000000000001        1.2822546156560626E-002
   1.4000000000000001        1.3044570007040188E-002
   1.4100000000000001        1.3057109391938994E-002
   1.4200000000000002        1.2879856168721776E-002
   1.4300000000000002        1.3426071726848388E-002
   1.4400000000000002        1.2951268261447647E-002
   1.4500000000000002        1.3239880617577847E-002
   1.4600000000000002        1.2778796756004308E-002
   1.4700000000000002        1.3336510581641847E-002
   1.4800000000000002        1.3632490271478729E-002
   1.4900000000000002        1.3642625923271416E-002
   1.5000000000000002        1.2980362054475326E-002
   1.5100000000000002        1.2922646230758629E-002
   1.5200000000000000        1.2678590919882007E-002
   1.5300000000000000        1.2909113857945508E-002
   1.5400000000000000        1.2659086877083109E-002
   1.5500000000000000        1.2892736794838469E-002
   1.5600000000000001        1.3064359300011919E-002
   1.5700000000000001        1.2894923301437567E-002
   1.5800000000000001        1.2907737599858181E-002
   1.5900000000000001        1.3352550909549055E-002
   1.6000000000000001        1.2922444375392190E-002
   1.6100000000000001        1.2579860538172503E-002
   1.6200000000000001        1.2935220314079116E-002
   1.6300000000000001        1.3739729723707369E-002
   1.6400000000000001        1.3577139096724688E-002
   1.6500000000000001        1.2891740919704870E-002
   1.6600000000000001        1.3432191506931587E-002
   1.6700000000000002        1.3364557419679651E-002
   1.6800000000000002        1.3009802016448233E-002
   1.6900000000000002        1.3173082994925969E-002
   1.7000000000000002        1.3205206863617173E-002
   1.7100000000000002        1.2918169767281971E-002
   1.7200000000000002        1.4361744894229511E-002
   1.7300000000000002        1.4008756565769873E-002
   1.7400000000000002        1.3325852184308176E-002
   1.7500000000000002        1.3367880916527842E-002
   1.7600000000000002        1.3421137709752092E-002
   1.7700000000000002        1.3890567152575405E-002
   1.7800000000000002        1.4089388966504034E-002
   1.7900000000000000        1.3548067012008221E-002
   1.8000000000000000        1.3756733862759203E-002
   1.8100000000000001        1.3036749881202932E-002
   1.8200000000000001        1.3396050384990085E-002
   1.8300000000000001        1.2999815442342102E-002
   1.8400000000000001        1.2803080813203145E-002
   1.8500000000000001        1.3109093116252780E-002
   1.8600000000000001        1.3067033417876954E-002
   1.8700000000000001        1.2881845553949207E-002
   1.8800000000000001        1.3290130703133830E-002
   1.8900000000000001        1.2780730917624283E-002
   1.9000000000000001        1.3271738179591956E-002
   1.9100000000000001        1.2941762556367753E-002
   1.9200000000000002        1.2608948512397147E-002
   1.9300000000000002        1.2239041622376271E-002
   1.9400000000000002        1.2906033208642878E-002
   1.9500000000000002        1.2408148374711518E-002
   1.9600000000000002        1.2178211250398528E-002
   1.9700000000000002        1.2871942260330322E-002
   1.9800000000000002        1.2621899338231367E-002
   1.9900000000000002        1.2367830278648904E-002
   2.0000000000000000        1.3119879582869889E-002
   2.0100000000000002        1.2955143253540901E-002
   2.0200000000000000        1.2000946363629715E-002
   2.0300000000000002        1.2470582226492456E-002
   2.0400000000000000        1.2596698976672963E-002
   2.0500000000000003        1.3111381686072383E-002
   2.0600000000000001        1.2891488447377428E-002
   2.0700000000000003        1.2561014966388860E-002
   2.0800000000000001        1.3128576689396746E-002
   2.0900000000000003        1.2993354407028904E-002
   2.1000000000000001        1.3482655797375996E-002
   2.1100000000000003        1.3453852059563974E-002
   2.1200000000000001        1.3709516915275858E-002
   2.1300000000000003        1.3752511234333218E-002
   2.1400000000000001        1.2406775097621848E-002
   2.1500000000000004        1.2908202847034200E-002
   2.1600000000000001        1.2630542623628652E-002
   2.1700000000000004        1.3162463801082496E-002
   2.1800000000000002        1.3027598523682602E-002
   2.1900000000000004        1.2815558631981019E-002
   2.2000000000000002        1.3143505139064546E-002
   2.2100000000000000        1.2954325938245755E-002
   2.2200000000000002        1.3230490520261165E-002
   2.2300000000000000        1.3353944208076380E-002
   2.2400000000000002        1.3146928852584372E-002
   2.2500000000000000        1.3165530220141051E-002
   2.2600000000000002        1.3110720927336355E-002
   2.2700000000000000        1.3909247123454203E-002
   2.2800000000000002        1.3485613415475337E-002
   2.2900000000000000        1.3516602675752389E-002
   2.3000000000000003        1.2894420002014467E-002
   2.3100000000000001        1.3871616051066283E-002
   2.3200000000000003        1.3210884560316109E-002
   2.3300000000000001        1.3272724376972038E-002
   2.3400000000000003        1.2978423428060010E-002
   2.3500000000000001        1.3241014381799606E-002
   2.3600000000000003        1.2945843009880416E-002
   2.3700000000000001        1.2686955594877071E-002
   2.3800000000000003        1.3368125112619478E-002
   2.3900000000000001        1.3187566687186555E-002
   2.4000000000000004        1.3209209057912664E-002
   2.4100000000000001        1.3111916715938102E-002
   2.4200000000000004        1.2873819227969702E-002
   2.4300000000000002        1.3447539164831561E-002
   2.4400000000000004        1.2623904653298948E-002
   2.4500000000000002        1.2793659878115265E-002
   2.4600000000000004        1.2376586304188003E-002
   2.4700000000000002        1.2529308394374366E-002
   2.4800000000000000        1.3122513421308048E-002
   2.4900000000000002        1.3427266537762595E-002
   2.5000000000000000        1.3040421705242809E-002
   2.5100000000000002        1.3165234381009958E-002
   2.5200000000000000        1.2719966208066468E-002
   2.5300000000000002        1.2984387568687980E-002
   2.5400000000000000        1.4197542346296452E-002
   2.5500000000000003        1.3073814982502241E-002
   2.5600000000000001        1.3552796839491050E-002
   2.5700000000000003        1.3103814000065318E-002
   2.5800000000000001        1.3363045767885183E-002
   2.5900000000000003        1.2901915144521686E-002
   2.6000000000000001        1.3404736465789793E-002
   2.6100000000000003        1.3253798418504664E-002
   2.6200000000000001        1.3342527791499439E-002
   2.6300000000000003        1.3183963075833477E-002
   2.6400000000000001        1.3761504300478773E-002
   2.6500000000000004        1.3432327761100978E-002
   2.6600000000000001        1.3548936135017623E-002
   2.6700000000000004        1.3269015847013231E-002
   2.6800000000000002        1.3427649632980940E-002
   2.6900000000000004        1.3073044547816244E-002
   2.7000000000000002        1.2822282453547744E-002
   2.7100000000000004        1.3234995360481238E-002
   2.7200000000000002        1.2758300607480892E-002
   2.7300000000000004        1.3154673865447657E-002
   2.7400000000000002        1.2310585393196804E-002
   2.7500000000000004        1.3233164050715175E-002
   2.7600000000000002        1.2671759482839950E-002
   2.7700000000000000        1.2487028931627299E-002
   2.7800000000000002        1.1824894139613894E-002
   2.7900000000000000        1.2283464764922116E-002
   2.8000000000000003        1.2450361090349056E-002
   2.8100000000000001        1.1776136828212306E-002
   2.8200000000000003        1.2499498726269412E-002
   2.8300000000000001        1.1752132208227259E-002
   2.8400000000000003        1.1652412491626577E-002
   2.8500000000000001        1.2243041037029702E-002
   2.8600000000000003        1.2117318230133435E-002
   2.8700000000000001        1.1653811289671861E-002
   2.8800000000000003        1.1467045481224153E-002
   2.8900000000000001        1.1445741546535456E-002
   2.9000000000000004        1.1448504707905163E-002
   2.9100000000000001        1.1283991167038843E-002
   2.9200000000000004        1.1570016062738558E-002
   2.9300000000000002        1.1648320399015059E-002
   2.9400000000000004        1.1138516669707964E-002
   2.9500000000000002        1.0624981648735659E-002
   2.9600000000000004        1.1276234438253954E-002
   2.9700000000000002        1.1846860389242033E-002
   2.9800000000000004        1.1580789483539257E-002
   2.9900000000000002        1.1042514911185885E-002
   3.0000000000000004        1.1397260629869550E-002
