   1.0000000000000000E-002   3505.7092906393755     
   2.0000000000000000E-002   3505.7100837198745     
   3.0000000000000002E-002   3505.7108768688868     
   4.0000000000000001E-002   3505.7116700863921     
   5.0000000000000003E-002   3505.7124633724125     
   6.0000000000000005E-002   3505.7132567269318     
   7.0000000000000007E-002   3505.7140501499543     
   8.0000000000000002E-002   3505.6755386224113     
   9.0000000000000011E-002   3504.6808599526189     
  0.10000000000000001        3504.1985693432689     
  0.11000000000000001        3504.0546549528644     
  0.12000000000000001        3504.0447358466135     
  0.13000000000000000        3503.5368172571166     
  0.14000000000000001        3501.7177010724458     
  0.15000000000000002        3500.0281132070977     
  0.16000000000000000        3499.8394319417803     
  0.17000000000000001        3498.1229004850452     
  0.18000000000000002        3497.1681682379590     
  0.19000000000000000        3496.2288195018286     
  0.20000000000000001        3493.5872949673003     
  0.21000000000000002        3491.0699376752664     
  0.22000000000000003        3488.6570603723171     
  0.23000000000000001        3484.7087820515485     
  0.24000000000000002        3482.4544558634952     
  0.25000000000000000        3476.8606356270193     
  0.26000000000000001        3471.1007702185743     
  0.27000000000000002        3465.9653073498262     
  0.28000000000000003        3460.2292976557214     
  0.29000000000000004        3453.2171065761877     
  0.30000000000000004        3447.3721154998420     
  0.31000000000000000        3438.2217009329070     
  0.32000000000000001        3427.4789776081907     
  0.33000000000000002        3416.4258581956647     
  0.34000000000000002        3405.8687700213022     
  0.35000000000000003        3392.0869426872409     
  0.36000000000000004        3379.0785947820427     
  0.37000000000000005        3361.3087098799310     
  0.38000000000000000        3342.3775674944523     
  0.39000000000000001        3326.4197300963701     
  0.40000000000000002        3312.5545305453484     
  0.41000000000000003        3292.5968643029223     
  0.42000000000000004        3267.2322221948239     
  0.43000000000000005        3245.8503140397984     
  0.44000000000000006        3221.0190512365220     
  0.45000000000000001        3194.4418873481441     
  0.46000000000000002        3168.2627804301960     
  0.47000000000000003        3141.2525147590518     
  0.48000000000000004        3106.1626100995413     
  0.49000000000000005        3073.0743897112216     
  0.50000000000000000        3037.2583732929556     
  0.51000000000000001        2994.4112887097122     
  0.52000000000000002        2958.1206829447642     
  0.53000000000000003        2918.1411267274307     
  0.54000000000000004        2866.9796932869485     
  0.55000000000000004        2816.9925311604261     
  0.56000000000000005        2774.9667774459767     
  0.57000000000000006        2720.8757477362506     
  0.58000000000000007        2663.2877902718619     
  0.59000000000000008        2605.5340140492253     
  0.60000000000000009        2537.5625915041032     
  0.61000000000000010        2475.1975586242302     
  0.62000000000000000        2410.7789996236775     
  0.63000000000000000        2340.6402621077486     
  0.64000000000000001        2272.9743851522626     
  0.65000000000000002        2192.3670293758128     
  0.66000000000000003        2094.1074028717035     
  0.67000000000000004        2011.5436003874975     
  0.68000000000000005        1925.8320965156126     
  0.69000000000000006        1837.3600186645715     
  0.70000000000000007        1748.1774796489187     
  0.71000000000000008        1633.4174658475545     
  0.72000000000000008        1527.3197618080776     
  0.73000000000000009        1412.0195513377585     
  0.74000000000000010        1372.1230192896953     
  0.75000000000000011        1366.5055489874474     
  0.76000000000000001        1365.2163704653569     
  0.77000000000000002        1363.5691691836792     
  0.78000000000000003        1362.7319206337286     
  0.79000000000000004        1361.4999889923695     
  0.80000000000000004        1360.7601023049228     
  0.81000000000000005        1360.4170847345276     
  0.82000000000000006        1360.1928261464334     
  0.83000000000000007        1359.8737520712996     
  0.84000000000000008        1359.3651361023267     
  0.85000000000000009        1358.9593579099594     
  0.86000000000000010        1358.7031264490042     
  0.87000000000000011        1358.6476132326163     
  0.88000000000000012        1358.5158535316280     
  0.89000000000000012        1358.3456407113374     
  0.90000000000000002        1358.1899407368239     
  0.91000000000000003        1358.0128717301882     
  0.92000000000000004        1357.9357218444293     
  0.93000000000000005        1357.7594954167107     
  0.94000000000000006        1357.6512677877993     
  0.95000000000000007        1357.5482815211360     
  0.96000000000000008        1357.4801808592633     
  0.97000000000000008        1357.3528807520725     
  0.98000000000000009        1357.2498003299643     
  0.99000000000000010        1357.1977028701122     
   1.0000000000000000        1357.1514546870915     
   1.0100000000000000        1357.1087326803754     
   1.0200000000000000        1356.7941948339865     
   1.0300000000000000        1356.7571969794528     
   1.0400000000000000        1356.7564426851184     
   1.0500000000000000        1356.7413159523066     
   1.0600000000000001        1356.6859316956334     
   1.0700000000000001        1356.6119433612009     
   1.0800000000000001        1356.5721804271820     
   1.0900000000000001        1356.5657900728825     
   1.1000000000000001        1356.5485418376581     
   1.1100000000000001        1356.4721020911802     
   1.1200000000000001        1356.4247411822034     
   1.1300000000000001        1356.3982678528012     
   1.1400000000000001        1356.3750831080074     
   1.1500000000000001        1356.3579230865230     
   1.1600000000000001        1356.3243899346999     
   1.1700000000000002        1356.2888916142531     
   1.1800000000000002        1356.2569433906556     
   1.1900000000000002        1356.2252705890564     
   1.2000000000000002        1356.1930091281379     
   1.2100000000000002        1356.1784770273084     
   1.2200000000000002        1356.1536046925701     
   1.2300000000000002        1356.1287191195672     
   1.2400000000000000        1356.1093561455698     
   1.2500000000000000        1356.0692415445919     
   1.2600000000000000        1356.0469162742652     
   1.2700000000000000        1356.0398186679981     
   1.2800000000000000        1356.0199575281572     
   1.2900000000000000        1355.9891267355490     
   1.3000000000000000        1355.9623247468669     
   1.3100000000000001        1355.9418460269387     
   1.3200000000000001        1355.9240487804873     
   1.3300000000000001        1355.9086940336213     
   1.3400000000000001        1355.8909137491476     
   1.3500000000000001        1355.8707993820342     
   1.3600000000000001        1355.8487953028950     
   1.3700000000000001        1355.8321325998891     
   1.3800000000000001        1355.8129259204361     
   1.3900000000000001        1355.8069593853568     
   1.4000000000000001        1355.7940579208853     
   1.4100000000000001        1355.7771634543089     
   1.4200000000000002        1355.7693745686393     
   1.4300000000000002        1355.7608378186137     
   1.4400000000000002        1355.7606676002224     
   1.4500000000000002        1355.7532871584078     
   1.4600000000000002        1355.7313970922073     
   1.4700000000000002        1355.7183551883631     
   1.4800000000000002        1355.7081788935316     
   1.4900000000000002        1355.7034190347392     
   1.5000000000000002        1355.6997890256650     
   1.5100000000000002        1355.6897447173706     
   1.5200000000000000        1355.6749909291436     
   1.5300000000000000        1355.6568066901564     
   1.5400000000000000        1355.6478986715183     
   1.5500000000000000        1355.6373219761763     
   1.5600000000000001        1355.6354095277900     
   1.5700000000000001        1355.6230733706450     
   1.5800000000000001        1355.6147773847133     
   1.5900000000000001        1355.6017707563346     
   1.6000000000000001        1355.5918124106695     
   1.6100000000000001        1355.5746036379767     
   1.6200000000000001        1355.5565407557967     
   1.6300000000000001        1355.5548907184248     
   1.6400000000000001        1355.5355006631282     
   1.6500000000000001        1355.5294635524715     
   1.6600000000000001        1355.5177009672875     
   1.6700000000000002        1355.5050663358729     
   1.6800000000000002        1355.4969011365649     
   1.6900000000000002        1355.4858719690631     
   1.7000000000000002        1355.4775396861803     
   1.7100000000000002        1355.4744231819284     
   1.7200000000000002        1355.4653920671437     
   1.7300000000000002        1355.4578548848094     
   1.7400000000000002        1355.4545633285550     
   1.7500000000000002        1355.4443938563161     
   1.7600000000000002        1355.4291331853640     
   1.7700000000000002        1355.4208764417908     
   1.7800000000000002        1355.4074447223811     
   1.7900000000000000        1355.4023450878958     
   1.8000000000000000        1355.3919410085609     
   1.8100000000000001        1355.3857375666603     
   1.8200000000000001        1355.3769383015515     
   1.8300000000000001        1355.3699913204684     
   1.8400000000000001        1355.3561473825546     
   1.8500000000000001        1355.3420801291311     
   1.8600000000000001        1355.3414378604475     
   1.8700000000000001        1355.3254814130157     
   1.8800000000000001        1355.3162801305032     
   1.8900000000000001        1355.3024085266193     
   1.9000000000000001        1355.2993359043794     
   1.9100000000000001        1355.2905257976677     
   1.9200000000000002        1355.2883373673826     
   1.9300000000000002        1355.2901221953475     
   1.9400000000000002        1355.2808254363003     
   1.9500000000000002        1355.2906518741622     
   1.9600000000000002        1355.2674850826709     
   1.9700000000000002        1355.2619349045372     
   1.9800000000000002        1355.2620505317154     
   1.9900000000000002        1355.2550763307620     
   2.0000000000000000        1355.2575893588357     
   2.0100000000000002        1355.2523278876427     
   2.0200000000000000        1355.2463214220274     
   2.0300000000000002        1355.2483887144815     
   2.0400000000000000        1355.2437662916989     
   2.0500000000000003        1355.2303805965894     
   2.0600000000000001        1355.2234857611984     
   2.0700000000000003        1355.2240837453162     
   2.0800000000000001        1355.2229545479663     
   2.0900000000000003        1355.2163097934560     
   2.1000000000000001        1355.2088872299178     
   2.1100000000000003        1355.1965241724224     
   2.1200000000000001        1355.1864768421874     
   2.1300000000000003        1355.1814892481568     
   2.1400000000000001        1355.1875986106495     
   2.1500000000000004        1355.1866634092528     
   2.1600000000000001        1355.1772991734128     
   2.1700000000000004        1355.1611298029877     
   2.1800000000000002        1355.1619636525772     
   2.1900000000000004        1355.1584240702505     
   2.2000000000000002        1355.1516571624613     
   2.2100000000000000        1355.1468633315587     
   2.2200000000000002        1355.1363957948511     
   2.2300000000000000        1355.1231166187270     
   2.2400000000000002        1355.1292499170436     
   2.2500000000000000        1355.1297070734470     
   2.2600000000000002        1355.1189598425624     
   2.2700000000000000        1355.1081503311775     
   2.2800000000000002        1355.1139682610728     
   2.2900000000000000        1355.1120116945438     
   2.3000000000000003        1355.1096467937648     
   2.3100000000000001        1355.0950728831951     
   2.3200000000000003        1355.0860499244723     
   2.3300000000000001        1355.0854552527708     
   2.3400000000000003        1355.0835679334712     
   2.3500000000000001        1355.0670097101188     
   2.3600000000000003        1355.0715981557614     
   2.3700000000000001        1355.0693163316696     
   2.3800000000000003        1355.0465238196953     
   2.3900000000000001        1355.0549808765625     
   2.4000000000000004        1355.0568981985632     
   2.4100000000000001        1355.0456914229985     
   2.4200000000000004        1355.0344228945912     
   2.4300000000000002        1355.0212204840907     
   2.4400000000000004        1355.0299755741312     
   2.4500000000000002        1355.0295898256240     
   2.4600000000000004        1355.0189322704423     
   2.4700000000000002        1355.0241734281956     
   2.4800000000000000        1355.0110235067139     
   2.4900000000000002        1354.9993026118423     
   2.5000000000000000        1354.9901227176715     
   2.5100000000000002        1354.9869200307912     
   2.5200000000000000        1354.9802778826909     
   2.5300000000000002        1354.9751739631554     
   2.5400000000000000        1354.9496035663451     
   2.5500000000000003        1354.9693015611383     
   2.5600000000000001        1354.9646192536325     
   2.5700000000000003        1354.9686228646131     
   2.5800000000000001        1354.9576591839070     
   2.5900000000000003        1354.9554511694798     
   2.6000000000000001        1354.9635966253377     
   2.6100000000000003        1354.9408085249522     
   2.6200000000000001        1354.9426235171350     
   2.6300000000000003        1354.9374874836760     
   2.6400000000000001        1354.9328789727458     
   2.6500000000000004        1354.9249009379337     
   2.6600000000000001        1354.9273680588708     
   2.6700000000000004        1354.9269317691228     
   2.6800000000000002        1354.9301555925501     
   2.6900000000000004        1354.9161723365166     
   2.7000000000000002        1354.9152257197550     
   2.7100000000000004        1354.9008701454306     
   2.7200000000000002        1354.9029451324222     
   2.7300000000000004        1354.8858590244604     
   2.7400000000000002        1354.8859646675633     
   2.7500000000000004        1354.8799011125441     
   2.7600000000000002        1354.8741894823877     
   2.7700000000000000        1354.8754937267715     
   2.7800000000000002        1354.8715628789669     
   2.7900000000000000        1354.8630039231120     
   2.8000000000000003        1354.8552651880650     
   2.8100000000000001        1354.8566957084638     
   2.8200000000000003        1354.8697833934125     
   2.8300000000000001        1354.8718678765158     
   2.8400000000000003        1354.8461460245724     
   2.8500000000000001        1354.8408777344350     
   2.8600000000000003        1354.8339598901616     
   2.8700000000000001        1354.8298821460110     
   2.8800000000000003        1354.8260738127747     
   2.8900000000000001        1354.8209533713746     
   2.9000000000000004        1354.8097151073584     
   2.9100000000000001        1354.8143425340663     
   2.9200000000000004        1354.8105255701560     
   2.9300000000000002        1354.8131325754430     
   2.9400000000000004        1354.8073361297722     
   2.9500000000000002        1354.8095905593073     
   2.9600000000000004        1354.7905420483451     
   2.9700000000000002        1354.7915660776123     
   2.9800000000000004        1354.7838403330061     
   2.9900000000000002        1354.7934775275367     
   3.0000000000000004        1354.7945129295088     
