   1.0000000000000000E-002  0.79139268601357071     
   2.0000000000000000E-002   3.1687402765156718     
   3.0000000000000002E-002   7.1320435644841487     
   4.0000000000000001E-002   12.681302549918991     
   5.0000000000000003E-002   19.816517232820210     
   6.0000000000000005E-002   28.537687613187799     
   7.0000000000000007E-002   38.844813691021784     
   8.0000000000000002E-002   50.698062556091102     
   9.0000000000000011E-002   63.021380898355531     
  0.10000000000000001        77.231965588872981     
  0.11000000000000001        93.275907791375161     
  0.12000000000000001        111.00728682102121     
  0.13000000000000000        129.76794196365955     
  0.14000000000000001        148.51939488058997     
  0.15000000000000002        168.57456493615405     
  0.16000000000000000        191.56048630309084     
  0.17000000000000001        214.48173792564631     
  0.18000000000000002        239.43483527673806     
  0.19000000000000000        265.83550016764400     
  0.20000000000000001        291.93017210661793     
  0.21000000000000002        319.33519892814672     
  0.22000000000000003        348.11798995027232     
  0.23000000000000001        376.45878354321559     
  0.24000000000000002        407.65664249499861     
  0.25000000000000000        436.66580487858783     
  0.26000000000000001        466.44878548770583     
  0.27000000000000002        497.77938779489239     
  0.28000000000000003        529.65279783160895     
  0.29000000000000004        561.06214778480808     
  0.30000000000000004        594.60127719517595     
  0.31000000000000000        625.74725547495086     
  0.32000000000000001        655.79020328551599     
  0.33000000000000002        686.22383416804280     
  0.34000000000000002        717.82123444256649     
  0.35000000000000003        746.78946318847022     
  0.36000000000000004        777.07972239352500     
  0.37000000000000005        802.89670267974998     
  0.38000000000000000        827.75749022315517     
  0.39000000000000001        855.76020838185229     
  0.40000000000000002        886.44780623306656     
  0.41000000000000003        911.33693047724762     
  0.42000000000000004        930.82856851004715     
  0.43000000000000005        954.14751078544055     
  0.44000000000000006        974.04662103423414     
  0.45000000000000001        992.04469914180697     
  0.46000000000000002        1010.2392483899631     
  0.47000000000000003        1027.3740726300020     
  0.48000000000000004        1036.1288108143899     
  0.49000000000000005        1046.5251306879475     
  0.50000000000000000        1053.5333727889395     
  0.51000000000000001        1052.8363035749337     
  0.52000000000000002        1058.1063017226302     
  0.53000000000000003        1058.9451466991854     
  0.54000000000000004        1047.7868064498170     
  0.55000000000000004        1036.6617848668977     
  0.56000000000000005        1032.0600673274714     
  0.57000000000000006        1014.8086178617687     
  0.58000000000000007        992.92020688391904     
  0.59000000000000008        969.14491316145563     
  0.60000000000000009        933.68220194387322     
  0.61000000000000010        902.16780955435843     
  0.62000000000000000        867.01084399910189     
  0.63000000000000000        824.58247698942796     
  0.64000000000000001        783.03311568012248     
  0.65000000000000002        726.52653675812383     
  0.66000000000000003        649.82785817895819     
  0.67000000000000004        586.42054869158471     
  0.68000000000000005        517.47691301071632     
  0.69000000000000006        444.44039891979128     
  0.70000000000000007        367.60712550130739     
  0.71000000000000008        262.91463296287532     
  0.72000000000000008        163.54527302252495     
  0.73000000000000009        51.910286855020679     
  0.74000000000000010        13.017791471492382     
  0.75000000000000011        6.2791216439211173     
  0.76000000000000001        4.1144830099118348     
  0.77000000000000002        2.5655212051705565     
  0.78000000000000003        2.5071823704057543     
  0.79000000000000004        2.0236790510406211     
  0.80000000000000004        1.6304966487440782     
  0.81000000000000005        1.2996610780633155     
  0.82000000000000006        1.1083939871566793     
  0.83000000000000007        1.0147904817403721     
  0.84000000000000008       0.86293336432067602     
  0.85000000000000009       0.71481002866386623     
  0.86000000000000010       0.55414873554003752     
  0.87000000000000011       0.52556161675619040     
  0.88000000000000012       0.47483452951266442     
  0.89000000000000012       0.47891564990291158     
  0.90000000000000002       0.50048836573233346     
  0.91000000000000003       0.45289556762555139     
  0.92000000000000004       0.46106041929553904     
  0.93000000000000005       0.35711588019851892     
  0.94000000000000006       0.35793982164019200     
  0.95000000000000007       0.35981764883093842     
  0.96000000000000008       0.38436970562247874     
  0.97000000000000008       0.33809437397651232     
  0.98000000000000009       0.31450816152870054     
  0.99000000000000010       0.31426200046421054     
   1.0000000000000000       0.31450884532336354     
   1.0100000000000000       0.32918432765555222     
   1.0200000000000000        8.6628602778419286E-002
   1.0300000000000000        8.9561406116505676E-002
   1.0400000000000000        9.4803023116258406E-002
   1.0500000000000000       0.10590422897646208     
   1.0600000000000001       0.10639253741948897     
   1.0700000000000001        9.1112899010179549E-002
   1.0800000000000001        9.5232680297639816E-002
   1.0900000000000001       0.11037462054030449     
   1.1000000000000001       0.11315892186416396     
   1.1100000000000001        7.2458512336461764E-002
   1.1200000000000001        6.2303377514034718E-002
   1.1300000000000001        6.0662918833631299E-002
   1.1400000000000001        5.7047149266492160E-002
   1.1500000000000001        6.3537502273386365E-002
   1.1600000000000001        6.5251284251793690E-002
   1.1700000000000002        6.1383647266355534E-002
   1.1800000000000002        6.0176244730445520E-002
   1.1900000000000002        5.5203944342439290E-002
   1.2000000000000002        4.6471319640210902E-002
   1.2100000000000002        5.6205937408239662E-002
   1.2200000000000002        5.0521257120393771E-002
   1.2300000000000002        4.7542436080109086E-002
   1.2400000000000000        5.7737003065462283E-002
   1.2500000000000000        4.4508070219609362E-002
   1.2600000000000000        3.8722613043617009E-002
   1.2700000000000000        4.6985211867863433E-002
   1.2800000000000000        4.8833567307533535E-002
   1.2900000000000000        4.0564983985459158E-002
   1.3000000000000000        3.5533872002037267E-002
   1.3100000000000001        3.4551868454507050E-002
   1.3200000000000001        3.4595034568425935E-002
   1.3300000000000001        3.6246131503588901E-002
   1.3400000000000001        3.2106296411017303E-002
   1.3500000000000001        3.0631496683934684E-002
   1.3600000000000001        2.9784880454498910E-002
   1.3700000000000001        3.1442930151711734E-002
   1.3800000000000001        2.5804074980231562E-002
   1.3900000000000001        3.0287793414350540E-002
   1.4000000000000001        2.7716122841685203E-002
   1.4100000000000001        2.1632545392506607E-002
   1.4200000000000002        2.5118729694961421E-002
   1.4300000000000002        2.6194076383517229E-002
   1.4400000000000002        3.4431902867059161E-002
   1.4500000000000002        3.4986184737095527E-002
   1.4600000000000002        2.7053366561847841E-002
   1.4700000000000002        3.0540204938864599E-002
   1.4800000000000002        3.1615439077208103E-002
   1.4900000000000002        3.2152344022921955E-002
   1.5000000000000002        3.4748754246455009E-002
   1.5100000000000002        3.5219288135385815E-002
   1.5200000000000000        3.5611186609598569E-002
   1.5300000000000000        2.9282395737451585E-002
   1.5400000000000000        3.0061868937694556E-002
   1.5500000000000000        2.6531080111393868E-002
   1.5600000000000001        3.5469449776073407E-002
   1.5700000000000001        3.5088952523291202E-002
   1.5800000000000001        3.8800163423104030E-002
   1.5900000000000001        3.4645495072524360E-002
   1.6000000000000001        3.4114037726116944E-002
   1.6100000000000001        3.0844717497549724E-002
   1.6200000000000001        2.8679303595760368E-002
   1.6300000000000001        4.1756265132596095E-002
   1.6400000000000001        3.0010186053431757E-002
   1.6500000000000001        3.1520613394234141E-002
   1.6600000000000001        3.0323567575386141E-002
   1.6700000000000002        3.1416048199118730E-002
   1.6800000000000002        3.3404131749264404E-002
   1.6900000000000002        2.9280687746116429E-002
   1.7000000000000002        2.9226031546560578E-002
   1.7100000000000002        3.3682281042293850E-002
   1.7200000000000002        3.0825380150293197E-002
   1.7300000000000002        3.1867950230318076E-002
   1.7400000000000002        3.7374225455299330E-002
   1.7500000000000002        3.7680838162745402E-002
   1.7600000000000002        3.5802064645463094E-002
   1.7700000000000002        3.6357758580553227E-002
   1.7800000000000002        2.8860453197603317E-002
   1.7900000000000000        3.4004138705757615E-002
   1.8000000000000000        3.3860994722421787E-002
   1.8100000000000001        3.7897412733230884E-002
   1.8200000000000001        3.4719390529583047E-002
   1.8300000000000001        3.6544291164406439E-002
   1.8400000000000001        3.4303806667788095E-002
   1.8500000000000001        3.2294026200873238E-002
   1.8600000000000001        3.8598916945093611E-002
   1.8700000000000001        2.8489242821919388E-002
   1.8800000000000001        3.0561583853839436E-002
   1.8900000000000001        3.4583090273255096E-002
   1.9000000000000001        4.2257948187711745E-002
   1.9100000000000001        3.8668375442738059E-002
   1.9200000000000002        4.2488071888211874E-002
   1.9300000000000002        5.1285110647651809E-002
   1.9400000000000002        4.6756632773494129E-002
   1.9500000000000002        6.0519546572333160E-002
   1.9600000000000002        4.0276424890259101E-002
   1.9700000000000002        4.1427553606256280E-002
   1.9800000000000002        4.9828441323232130E-002
   1.9900000000000002        4.7493688687362472E-002
   2.0000000000000000        5.0468548598875507E-002
   2.0100000000000002        4.8236694463823192E-002
   2.0200000000000000        4.6987644816530470E-002
   2.0300000000000002        5.3952971496848585E-002
   2.0400000000000000        5.4437248238429832E-002
   2.0500000000000003        4.5937245788722061E-002
   2.0600000000000001        4.4007464648376078E-002
   2.0700000000000003        4.9827920832936828E-002
   2.0800000000000001        5.2075429406329629E-002
   2.0900000000000003        4.9715966098522579E-002
   2.1000000000000001        4.8855389894956962E-002
   2.1100000000000003        4.8156253808683873E-002
   2.1200000000000001        4.8055091655301398E-002
   2.1300000000000003        4.3601140589186571E-002
   2.1400000000000001        4.6894989851947413E-002
   2.1500000000000004        4.6855620539809267E-002
   2.1600000000000001        4.7952857999796490E-002
   2.1700000000000004        3.9536484012186256E-002
   2.1800000000000002        4.1942513915368650E-002
   2.1900000000000004        3.9520636785293245E-002
   2.2000000000000002        3.9815384007485702E-002
   2.2100000000000000        4.4632169192388139E-002
   2.2200000000000002        3.9588553908894479E-002
   2.2300000000000000        2.7914531479053397E-002
   2.2400000000000002        3.7281965665703444E-002
   2.2500000000000000        4.3042519202130237E-002
   2.2600000000000002        3.7136679162850919E-002
   2.2700000000000000        3.2527350385127884E-002
   2.2800000000000002        4.2748742978897122E-002
   2.2900000000000000        4.0609716025089761E-002
   2.3000000000000003        4.2494439867580988E-002
   2.3100000000000001        3.5734968877834304E-002
   2.3200000000000003        3.5645218281041231E-002
   2.3300000000000001        3.8802218223673426E-002
   2.3400000000000003        3.9616947663212117E-002
   2.3500000000000001        2.9939697151614649E-002
   2.3600000000000003        4.4628646550273363E-002
   2.3700000000000001        4.9938699925831463E-002
   2.3800000000000003        3.1782827984981520E-002
   2.3900000000000001        4.4854741222070955E-002
   2.4000000000000004        4.7872110466631999E-002
   2.4100000000000001        4.0242367323430235E-002
   2.4200000000000004        3.8735872145746045E-002
   2.4300000000000002        3.4151644825776234E-002
   2.4400000000000004        5.0699256654857805E-002
   2.4500000000000002        5.1525387947540476E-002
   2.4600000000000004        4.2236884873118254E-002
   2.4700000000000002        5.7192148651845118E-002
   2.4800000000000000        5.5776160320205451E-002
   2.4900000000000002        5.2023802067020196E-002
   2.5000000000000000        4.4377610014277494E-002
   2.5100000000000002        4.4208754070027299E-002
   2.5200000000000000        4.4254404192442483E-002
   2.5300000000000002        4.8575514147788101E-002
   2.5400000000000000        2.9405420102337747E-002
   2.5500000000000003        4.9523424630915566E-002
   2.5600000000000001        4.4273805465840761E-002
   2.5700000000000003        5.2695479786432180E-002
   2.5800000000000001        4.6601132056042278E-002
   2.5900000000000003        4.8381759366714801E-002
   2.6000000000000001        5.9594076044684877E-002
   2.6100000000000003        4.0560744298278162E-002
   2.6200000000000001        4.5623352787590707E-002
   2.6300000000000003        4.2907323692796769E-002
   2.6400000000000001        4.3137829054179247E-002
   2.6500000000000004        4.0620514794178303E-002
   2.6600000000000001        4.3580782130690089E-002
   2.6700000000000004        4.5378832850280743E-002
   2.6800000000000002        5.2278579425069499E-002
   2.6900000000000004        4.5671117474592404E-002
   2.7000000000000002        4.9261695144050086E-002
   2.7100000000000004        3.8981488428314101E-002
   2.7200000000000002        4.5194072342207320E-002
   2.7300000000000004        2.8865632396035821E-002
   2.7400000000000002        3.7228955291012798E-002
   2.7500000000000004        3.7238725961644382E-002
   2.7600000000000002        3.5962362517114037E-002
   2.7700000000000000        3.9178747840757248E-002
   2.7800000000000002        4.1453069617809521E-002
   2.7900000000000000        3.8767950394073741E-002
   2.8000000000000003        3.2503835984678049E-002
   2.8100000000000001        3.5443463341150602E-002
   2.8200000000000003        5.1453897001213313E-002
   2.8300000000000001        6.0253454073963347E-002
   2.8400000000000003        4.3483247042470363E-002
   2.8500000000000001        4.7068075799050250E-002
   2.8600000000000003        4.6754202601072548E-002
   2.8700000000000001        3.9874900156615503E-002
   2.8800000000000003        3.6855191545989596E-002
   2.8900000000000001        3.7900366529401888E-002
   2.9000000000000004        3.4585106515818531E-002
   2.9100000000000001        4.2263826963919351E-002
   2.9200000000000004        3.8461061383065813E-002
   2.9300000000000002        4.3002444811691985E-002
   2.9400000000000004        4.0832316628033702E-002
   2.9500000000000002        4.9524604039024311E-002
   2.9600000000000004        3.7020467524157330E-002
   2.9700000000000002        4.2549003334183329E-002
   2.9800000000000004        3.4949921690798358E-002
   2.9900000000000002        4.4480837710659832E-002
   3.0000000000000004        4.9152725669247728E-002
