   1.0000000000000000E-002   3504.9178979533617     
   2.0000000000000000E-002   3502.5413434433590     
   3.0000000000000002E-002   3498.5788333044025     
   4.0000000000000001E-002   3493.0303675364730     
   5.0000000000000003E-002   3485.8959461395921     
   6.0000000000000005E-002   3477.1755691137441     
   7.0000000000000007E-002   3466.8692364589324     
   8.0000000000000002E-002   3454.9774755855365     
   9.0000000000000011E-002   3441.6594754969801     
  0.10000000000000001        3426.9664013517245     
  0.11000000000000001        3410.7787124006195     
  0.12000000000000001        3393.0374442682455     
  0.13000000000000000        3373.7688417040372     
  0.14000000000000001        3353.1964631695623     
  0.15000000000000002        3331.4534796413100     
  0.16000000000000000        3308.2784674059981     
  0.17000000000000001        3283.6403886172156     
  0.18000000000000002        3257.7332737132756     
  0.19000000000000000        3230.3903683104281     
  0.20000000000000001        3201.6379744398746     
  0.21000000000000002        3171.7204075391533     
  0.22000000000000003        3140.5117240178429     
  0.23000000000000001        3108.2406797947956     
  0.24000000000000002        3074.7900989402674     
  0.25000000000000000        3040.1790549240632     
  0.26000000000000001        3004.6217267208308     
  0.27000000000000002        2968.1570696399585     
  0.28000000000000003        2930.5533115638350     
  0.29000000000000004        2892.1347031195683     
  0.30000000000000004        2852.7432147615955     
  0.31000000000000000        2812.4279870252767     
  0.32000000000000001        2771.6529135724345     
  0.33000000000000002        2730.1047631363108     
  0.34000000000000002        2688.0081881771384     
  0.35000000000000003        2645.2539126262786     
  0.36000000000000004        2601.9525787134753     
  0.37000000000000005        2558.3574150076647     
  0.38000000000000000        2514.5680027507742     
  0.39000000000000001        2470.6079545785174     
  0.40000000000000002        2426.0382743416158     
  0.41000000000000003        2381.1794300599686     
  0.42000000000000004        2336.3366285171460     
  0.43000000000000005        2291.6607056474277     
  0.44000000000000006        2246.9033100570855     
  0.45000000000000001        2202.3286779170139     
  0.46000000000000002        2157.9290905710791     
  0.47000000000000003        2113.7500409945642     
  0.48000000000000004        2069.7755022060528     
  0.49000000000000005        2026.4581745180353     
  0.50000000000000000        1983.6308253847633     
  0.51000000000000001        1941.4172176394713     
  0.52000000000000002        1899.8985778436963     
  0.53000000000000003        1859.0228962126362     
  0.54000000000000004        1819.0169531753388     
  0.55000000000000004        1780.1467393549101     
  0.56000000000000005        1742.7324309237126     
  0.57000000000000006        1705.8733822400229     
  0.58000000000000007        1670.0779026046916     
  0.59000000000000008        1636.0468937826511     
  0.60000000000000009        1603.5413807296702     
  0.61000000000000010        1572.8611462234819     
  0.62000000000000000        1543.5317906731652     
  0.63000000000000000        1515.6328772578115     
  0.64000000000000001        1489.6853030305551     
  0.65000000000000002        1465.5520532945404     
  0.66000000000000003        1443.9399139003240     
  0.67000000000000004        1424.8943497625858     
  0.68000000000000005        1407.9572081638591     
  0.69000000000000006        1392.6295839034447     
  0.70000000000000007        1380.1216878581668     
  0.71000000000000008        1370.0352398364685     
  0.72000000000000008        1363.2322772918990     
  0.73000000000000009        1359.5093235745085     
  0.74000000000000010        1358.8675047648890     
  0.75000000000000011        1360.1748062882582     
  0.76000000000000001        1361.0683430276047     
  0.77000000000000002        1360.9639063244208     
  0.78000000000000003        1360.1840005159611     
  0.79000000000000004        1359.4268956516692     
  0.80000000000000004        1359.0832091626619     
  0.81000000000000005        1359.0790527982408     
  0.82000000000000006        1359.0576670824614     
  0.83000000000000007        1358.8363218206250     
  0.84000000000000008        1358.4752541950127     
  0.85000000000000009        1358.2176466645549     
  0.86000000000000010        1358.1244802725380     
  0.87000000000000011        1358.1037443777011     
  0.88000000000000012        1358.0232505523802     
  0.89000000000000012        1357.8470948915369     
  0.90000000000000002        1357.6681969539852     
  0.91000000000000003        1357.5429174111055     
  0.92000000000000004        1357.4603465614214     
  0.93000000000000005        1357.3878518583831     
  0.94000000000000006        1357.2789308383369     
  0.95000000000000007        1357.1729392791890     
  0.96000000000000008        1357.0806500669685     
  0.97000000000000008        1357.0001875287353     
  0.98000000000000009        1356.9199878125592     
  0.99000000000000010        1356.8688237774102     
   1.0000000000000000        1356.8229223862006     
   1.0100000000000000        1356.7658272563251     
   1.0200000000000000        1356.6920373373914     
   1.0300000000000000        1356.6528814478115     
   1.0400000000000000        1356.6477086597206     
   1.0500000000000000        1356.6222680019330     
   1.0600000000000001        1356.5667429872083     
   1.0700000000000001        1356.5069459887316     
   1.0800000000000001        1356.4630283244760     
   1.0900000000000001        1356.4419164128158     
   1.1000000000000001        1356.4214888354716     
   1.1100000000000001        1356.3859705577045     
   1.1200000000000001        1356.3484811384062     
   1.1300000000000001        1356.3237705580848     
   1.1400000000000001        1356.3046126808445     
   1.1500000000000001        1356.2810313014918     
   1.1600000000000001        1356.2454776981008     
   1.1700000000000002        1356.2140518842648     
   1.1800000000000002        1356.1835652082220     
   1.1900000000000002        1356.1566428072729     
   1.2000000000000002        1356.1329831556197     
   1.2100000000000002        1356.1092121341380     
   1.2200000000000002        1356.0901057765509     
   1.2300000000000002        1356.0677494102547     
   1.2400000000000000        1356.0380196855629     
   1.2500000000000000        1356.0119185045312     
   1.2600000000000000        1355.9949702836125     
   1.2700000000000000        1355.9804122589808     
   1.2800000000000000        1355.9586517277030     
   1.2900000000000000        1355.9357309584504     
   1.3000000000000000        1355.9140034889206     
   1.3100000000000001        1355.8950216226258     
   1.3200000000000001        1355.8767743560156     
   1.3300000000000001        1355.8597651543928     
   1.3400000000000001        1355.8458486574771     
   1.3500000000000001        1355.8273987493592     
   1.3600000000000001        1355.8059679339478     
   1.3700000000000001        1355.7871503176350     
   1.3800000000000001        1355.7738915124767     
   1.3900000000000001        1355.7638490457859     
   1.4000000000000001        1355.7532972280367     
   1.4100000000000001        1355.7424737995245     
   1.4200000000000002        1355.7313759827757     
   1.4300000000000002        1355.7212176705034     
   1.4400000000000002        1355.7132844290938     
   1.4500000000000002        1355.7050610930530     
   1.4600000000000002        1355.6915649288894     
   1.4700000000000002        1355.6744784728426     
   1.4800000000000002        1355.6629309641828     
   1.4900000000000002        1355.6576240647930     
   1.5000000000000002        1355.6520599093640     
   1.5100000000000002        1355.6416027830046     
   1.5200000000000000        1355.6267011516140     
   1.5300000000000000        1355.6146151805610     
   1.5400000000000000        1355.6051777157033     
   1.5500000000000000        1355.5978981592700     
   1.5600000000000001        1355.5868757187141     
   1.5700000000000001        1355.5750894948203     
   1.5800000000000001        1355.5630694836905     
   1.5900000000000001        1355.5537727103526     
   1.6000000000000001        1355.5447759285680     
   1.6100000000000001        1355.5311790599410     
   1.6200000000000001        1355.5149262318869     
   1.6300000000000001        1355.4993947235685     
   1.6400000000000001        1355.4919133379781     
   1.6500000000000001        1355.4850511981576     
   1.6600000000000001        1355.4739452082051     
   1.6700000000000002        1355.4602857302541     
   1.6800000000000002        1355.4504872027992     
   1.6900000000000002        1355.4434181983220     
   1.7000000000000002        1355.4351084477701     
   1.7100000000000002        1355.4278227311188     
   1.7200000000000002        1355.4202049420994     
   1.7300000000000002        1355.4119781780134     
   1.7400000000000002        1355.4038632509153     
   1.7500000000000002        1355.3933451372368     
   1.7600000000000002        1355.3799099830089     
   1.7700000000000002        1355.3706281160576     
   1.7800000000000002        1355.3644948802169     
   1.7900000000000000        1355.3547928821781     
   1.8000000000000000        1355.3443232799759     
   1.8100000000000001        1355.3348034040459     
   1.8200000000000001        1355.3288228606370     
   1.8300000000000001        1355.3204472138618     
   1.8400000000000001        1355.3090404950735     
   1.8500000000000001        1355.2966770098139     
   1.8600000000000001        1355.2897719100845     
   1.8700000000000001        1355.2841103246399     
   1.8800000000000001        1355.2724284159463     
   1.8900000000000001        1355.2550447054284     
   1.9000000000000001        1355.2438062180122     
   1.9100000000000001        1355.2389156596685     
   1.9200000000000002        1355.2332403469820     
   1.9300000000000002        1355.2265980430775     
   1.9400000000000002        1355.2211627703184     
   1.9500000000000002        1355.2177241792151     
   1.9600000000000002        1355.2150304465304     
   1.9700000000000002        1355.2076354086705     
   1.9800000000000002        1355.1996001910541     
   1.9900000000000002        1355.1952148117959     
   2.0000000000000000        1355.1940009306538     
   2.0100000000000002        1355.1911360499253     
   2.0200000000000000        1355.1873328308473     
   2.0300000000000002        1355.1819651607582     
   2.0400000000000000        1355.1767323444838     
   2.0500000000000003        1355.1713319691146     
   2.0600000000000001        1355.1665868081027     
   2.0700000000000003        1355.1616948095168     
   2.0800000000000001        1355.1577505418704     
   2.0900000000000003        1355.1536004729505     
   2.1000000000000001        1355.1465491842255     
   2.1100000000000003        1355.1349140665543     
   2.1200000000000001        1355.1247122336169     
   2.1300000000000003        1355.1241355963334     
   2.1400000000000001        1355.1282968456999     
   2.1500000000000004        1355.1268995858659     
   2.1600000000000001        1355.1167157727896     
   2.1700000000000004        1355.1084308551744     
   2.1800000000000002        1355.1069935401383     
   2.1900000000000004        1355.1060878748333     
   2.2000000000000002        1355.0986982733148     
   2.2100000000000000        1355.0892768364281     
   2.2200000000000002        1355.0835767504218     
   2.2300000000000000        1355.0818481430397     
   2.2400000000000002        1355.0788210225253     
   2.2500000000000000        1355.0734990240246     
   2.2600000000000002        1355.0687124424721     
   2.2700000000000000        1355.0617137336690     
   2.2800000000000002        1355.0577339046786     
   2.2900000000000000        1355.0578853758429     
   2.3000000000000003        1355.0542579338951     
   2.3100000000000001        1355.0454662982661     
   2.3200000000000003        1355.0371938216310     
   2.3300000000000001        1355.0333803101701     
   2.3400000000000003        1355.0309725623799     
   2.3500000000000001        1355.0238289985855     
   2.3600000000000003        1355.0140236662012     
   2.3700000000000001        1355.0066906761488     
   2.3800000000000003        1355.0013728665976     
   2.3900000000000001        1354.9969385686531     
   2.4000000000000004        1354.9958168790386     
   2.4100000000000001        1354.9923371389593     
   2.4200000000000004        1354.9828132032176     
   2.4300000000000002        1354.9736213001001     
   2.4400000000000004        1354.9666524128231     
   2.4500000000000002        1354.9652707777984     
   2.4600000000000004        1354.9643187992649     
   2.4700000000000002        1354.9544519711494     
   2.4800000000000000        1354.9421248329725     
   2.4900000000000002        1354.9338515432376     
   2.5000000000000000        1354.9327046859521     
   2.5100000000000002        1354.9295460423402     
   2.5200000000000000        1354.9233035122902     
   2.5300000000000002        1354.9136140614389     
   2.5400000000000000        1354.9060006038965     
   2.5500000000000003        1354.9067043215248     
   2.5600000000000001        1354.9067926513271     
   2.5700000000000003        1354.9028235708265     
   2.5800000000000001        1354.8976950060830     
   2.5900000000000003        1354.8941674949685     
   2.6000000000000001        1354.8905978128271     
   2.6100000000000003        1354.8869939822355     
   2.6200000000000001        1354.8836576365559     
   2.6300000000000003        1354.8813961969074     
   2.6400000000000001        1354.8759796393913     
   2.6500000000000004        1354.8708480953783     
   2.6600000000000001        1354.8702383406051     
   2.6700000000000004        1354.8682839204255     
   2.6800000000000002        1354.8644493634920     
   2.6900000000000004        1354.8574281744943     
   2.7000000000000002        1354.8531417421575     
   2.7100000000000004        1354.8486536616417     
   2.7200000000000002        1354.8449927594727     
   2.7300000000000004        1354.8438387181989     
   2.7400000000000002        1354.8364251268790     
   2.7500000000000004        1354.8294292225316     
   2.7600000000000002        1354.8255553603879     
   2.7700000000000000        1354.8238279499992     
   2.7800000000000002        1354.8182849152095     
   2.7900000000000000        1354.8119525079530     
   2.8000000000000003        1354.8103109909900     
   2.8100000000000001        1354.8094761082943     
   2.8200000000000003        1354.8058299976849     
   2.8300000000000001        1354.7998622902337     
   2.8400000000000003        1354.7910103650381     
   2.8500000000000001        1354.7815666175991     
   2.8600000000000003        1354.7750883693304     
   2.8700000000000001        1354.7783534345647     
   2.8800000000000003        1354.7777515757475     
   2.8900000000000001        1354.7716072632986     
   2.9000000000000004        1354.7636814961347     
   2.9100000000000001        1354.7607947159352     
   2.9200000000000004        1354.7604944927102     
   2.9300000000000002        1354.7584818102323     
   2.9400000000000004        1354.7553652964746     
   2.9500000000000002        1354.7494409736194     
   2.9600000000000004        1354.7422453463826     
   2.9700000000000002        1354.7371702138889     
   2.9800000000000004        1354.7373096218316     
   2.9900000000000002        1354.7379541749149     
   3.0000000000000004        1354.7339629432097     
