   3.5000000000000004       0.92230125330088208     
   3.5000100000000001        1.0216866419800319     
   3.5000200000000001       0.89866681393105496     
   3.5000300000000002        1.0514527763456964     
   3.5000400000000003       0.90319019987271776     
   3.5000500000000003        1.0747350756235334     
   3.5000600000000004       0.91207115233795488     
   3.5000700000000005        1.0656080931198395     
   3.5000800000000001       0.89749313670400366     
   3.5000900000000001        1.1104442632227445     
   3.5001000000000002       0.90031140749521954     
   3.5001100000000003        1.1422487180634417     
   3.5001200000000003       0.90770255684266132     
   3.5001300000000004        1.1094076566853333     
   3.5001400000000005       0.93968072167680627     
   3.5001500000000001        1.0892105055918522     
   3.5001600000000002       0.93303246692641562     
   3.5001700000000002        1.0560041418299209     
   3.5001800000000003        1.0180564341632468     
   3.5001900000000004        1.0493984424203249     
   3.5002000000000004       0.97387980260159701     
   3.5002100000000005        1.0600821961882212     
   3.5002200000000001       0.95881368227977537     
   3.5002300000000002        1.0135455049181701     
   3.5002400000000002        1.0098962079573188     
   3.5002500000000003        1.0076594487191399     
   3.5002600000000004       0.99537405236838605     
   3.5002700000000004        1.0336456852895455     
   3.5002800000000005       0.97929964297904215     
   3.5002900000000001        1.0530091701333117     
   3.5003000000000002       0.96841723000096747     
   3.5003100000000003        1.0424825530851913     
   3.5003200000000003        1.0062745797804575     
   3.5003300000000004        1.0008969523572284     
   3.5003400000000005        1.0411156773217181     
   3.5003500000000001       0.98270648063616439     
   3.5003600000000001        1.0651476323434867     
   3.5003700000000002       0.98059554113974934     
   3.5003800000000003        1.0755665562083410     
   3.5003900000000003        1.0095822111778372     
   3.5004000000000004        1.0458824444257011     
   3.5004100000000005        1.0179649802697062     
   3.5004200000000001        1.0646864220542955     
   3.5004300000000002        1.0136794942857206     
   3.5004400000000002        1.0561071693856472     
   3.5004500000000003       0.99498620581154806     
   3.5004600000000003        1.0734655833757278     
   3.5004700000000004       0.97888929418710902     
   3.5004800000000005        1.0461182067223611     
   3.5004900000000001        1.0427337337667235     
   3.5005000000000002        1.0256194400295529     
   3.5005100000000002        1.0538420195998615     
   3.5005200000000003        1.0529822521362218     
   3.5005300000000004        1.0707760293598976     
   3.5005400000000004        1.0955640608682597     
   3.5005500000000005        1.0268794801065435     
   3.5005600000000001        1.1456745688753025     
   3.5005700000000002        1.0527319855671964     
   3.5005800000000002        1.1235526458896752     
   3.5005900000000003        1.0397250372738602     
   3.5006000000000004        1.1060124303101138     
   3.5006100000000004        1.0441004823207660     
   3.5006200000000001        1.0913922606239477     
   3.5006300000000001        1.0337280359984189     
   3.5006400000000002        1.0870992287619763     
   3.5006500000000003        1.0507610500935027     
   3.5006600000000003        1.0694467985772669     
   3.5006700000000004       0.99215022804257391     
   3.5006800000000005        1.0816079775821741     
   3.5006900000000001        1.0144339316588631     
   3.5007000000000001        1.0511778563150478     
   3.5007100000000002        1.0396938044941704     
   3.5007200000000003        1.0115655210874399     
   3.5007300000000003        1.0419089872621026     
   3.5007400000000004        1.0159420326283353     
   3.5007500000000005       0.99457390467569384     
   3.5007600000000001        1.0376482078108060     
   3.5007700000000002        1.0292680974641142     
   3.5007800000000002        1.0245928557265451     
   3.5007900000000003        1.0261164637932392     
   3.5008000000000004        1.0492456140351976     
   3.5008100000000004        1.0157242644933471     
   3.5008200000000005        1.0382268581061880     
   3.5008300000000001       0.98783559815097643     
   3.5008400000000002       0.99740871512997475     
   3.5008500000000002        1.0249399316900623     
   3.5008600000000003       0.99692094366128003     
   3.5008700000000004        1.0275489930428434     
   3.5008800000000004        1.0077703009551828     
   3.5008900000000005        1.0529185194642119     
   3.5009000000000001       0.97257953673122766     
   3.5009100000000002        1.0667485268801926     
   3.5009200000000003        1.0234574087712551     
   3.5009300000000003        1.0589847220569677     
   3.5009400000000004        1.0486676297264226     
   3.5009500000000005        1.0574399712036067     
   3.5009600000000001        1.0504666464367962     
   3.5009700000000001        1.0658447456052536     
   3.5009800000000002        1.0361953655057075     
   3.5009900000000003        1.0160691433941444     
   3.5010000000000003        1.0342533848361699     
   3.5010100000000004       0.98730088885942380     
   3.5010200000000005        1.0766877616259933     
   3.5010300000000001       0.99257998198149133     
   3.5010400000000002        1.1002814649624104     
   3.5010500000000002       0.98715211821910620     
   3.5010600000000003        1.0678288502145588     
   3.5010700000000003        1.0214504509359752     
   3.5010800000000004        1.0633186957140583     
   3.5010900000000005        1.0176075292721296     
   3.5011000000000001        1.0576245621709519     
   3.5011100000000002        1.0406512923813345     
   3.5011200000000002        1.0931920388116401     
   3.5011300000000003        1.0377101596177034     
   3.5011400000000004        1.0801672695828153     
   3.5011500000000004        1.0308933532651370     
   3.5011600000000005        1.1026088982915065     
   3.5011700000000001        1.0136068453681746     
   3.5011800000000002        1.1350881216725868     
   3.5011900000000002        1.0170853046525685     
   3.5012000000000003        1.1163985697647802     
   3.5012100000000004        1.0177619955796189     
   3.5012200000000004        1.1243606934913770     
   3.5012300000000001       0.96988498041868065     
   3.5012400000000001        1.1393525403107674     
   3.5012500000000002       0.98617999433962766     
   3.5012600000000003        1.1499412141552576     
   3.5012700000000003        1.0563094737476821     
   3.5012800000000004        1.1577097513399093     
   3.5012900000000005        1.0382510289796436     
   3.5013000000000001        1.1406225162656161     
   3.5013100000000001        1.0729794417828225     
   3.5013200000000002        1.1419263946488059     
   3.5013300000000003        1.0389571148437637     
   3.5013400000000003        1.1376284730153616     
   3.5013500000000004        1.0616433785411523     
   3.5013600000000005        1.1102620194785531     
   3.5013700000000001        1.1172350401171305     
   3.5013800000000002        1.1158513956779101     
   3.5013900000000002        1.0992633340480680     
   3.5014000000000003        1.0672305870450756     
   3.5014100000000004        1.0744139602387850     
   3.5014200000000004        1.0402747958917913     
   3.5014300000000005        1.0383615191606921     
   3.5014400000000001        1.0712544518920428     
   3.5014500000000002        1.0585794832079902     
   3.5014600000000002        1.0536236592365618     
   3.5014700000000003        1.0655935977447646     
   3.5014800000000004        1.0354015977109861     
   3.5014900000000004        1.0824334648153133     
   3.5015000000000005       0.98642467636313680     
   3.5015100000000001        1.0995909336075336     
   3.5015200000000002        1.0151385170344709     
   3.5015300000000003        1.0832369330336689     
   3.5015400000000003        1.0734280811091346     
   3.5015500000000004        1.0531814672760322     
   3.5015600000000004        1.0527634377598922     
   3.5015700000000001        1.0634527641943381     
   3.5015800000000001        1.0448271826124684     
   3.5015900000000002        1.0747300926517724     
   3.5016000000000003        1.0272928700937560     
   3.5016100000000003        1.0661012223988418     
   3.5016200000000004        1.0138609133696310     
   3.5016300000000005        1.0528507222667922     
   3.5016400000000001        1.0172828727748191     
   3.5016500000000002        1.0498897122503854     
   3.5016600000000002        1.0434481563938371     
   3.5016700000000003        1.0050307758696326     
   3.5016800000000003        1.0461322158667006     
   3.5016900000000004       0.97426034986065679     
   3.5017000000000005        1.0482636191144274     
   3.5017100000000001       0.98481144525584374     
   3.5017200000000002        1.1044824276015264     
   3.5017300000000002       0.96914788314999878     
   3.5017400000000003        1.0936327456699799     
   3.5017500000000004       0.97902837917211838     
   3.5017600000000004        1.0005265468709215     
   3.5017700000000005       0.97804225862552707     
   3.5017800000000001        1.0195267061126114     
   3.5017900000000002        1.0050604667245797     
   3.5018000000000002        1.0209427892040290     
   3.5018100000000003        1.0730524805908626     
   3.5018200000000004       0.99874836758957319     
   3.5018300000000004        1.0829288913832540     
   3.5018400000000005        1.0025670514671439     
   3.5018500000000001        1.0724334963927982     
   3.5018600000000002        1.0446726119011118     
   3.5018700000000003        1.0415500419174535     
   3.5018800000000003        1.0717791364955898     
   3.5018900000000004        1.1022311455357237     
   3.5019000000000005        1.0684791468739516     
   3.5019100000000001        1.1006824688836503     
   3.5019200000000001        1.0680377129601610     
   3.5019300000000002        1.0952939558182682     
   3.5019400000000003        1.1156080284283201     
   3.5019500000000003        1.0996088206749530     
   3.5019600000000004        1.1443473059624409     
   3.5019700000000005        1.0812744613352885     
   3.5019800000000001        1.1545531666966331     
   3.5019900000000002        1.1079920368013361     
   3.5020000000000002        1.1073164411647474     
   3.5020100000000003        1.1274299743659497     
   3.5020200000000004        1.0779212055726486     
   3.5020300000000004        1.1303429292455058     
   3.5020400000000005        1.0695920490824118     
   3.5020500000000001        1.0668150580280800     
   3.5020600000000002        1.1489436039091241     
   3.5020700000000002        1.0329562565094075     
   3.5020800000000003        1.1905094169425803     
   3.5020900000000004       0.97851769842732328     
   3.5021000000000004        1.1728805626864658     
   3.5021100000000005       0.99299694226005775     
   3.5021200000000001        1.1648221649511936     
   3.5021300000000002       0.99534531365554724     
   3.5021400000000003        1.0944122267950491     
   3.5021500000000003        1.0051783339204585     
   3.5021600000000004        1.0732807595722180     
   3.5021700000000004        1.0553792629883829     
   3.5021800000000001        1.0680844330490926     
   3.5021900000000001        1.0281375696080490     
   3.5022000000000002        1.1459492056487479     
   3.5022100000000003        1.0501443423503949     
   3.5022200000000003        1.1255670877166311     
   3.5022300000000004        1.0329174781070372     
   3.5022400000000005        1.2019637493026281     
   3.5022500000000001        1.0259617134244918     
   3.5022600000000002        1.2559839718162922     
   3.5022700000000002        1.0452994600877370     
   3.5022800000000003        1.2452148222281163     
   3.5022900000000003        1.0297449996962527     
   3.5023000000000004        1.3214226364518069     
   3.5023100000000005        1.0545895992752778     
   3.5023200000000001        1.2019838998049224     
   3.5023300000000002        1.0116842476005348     
   3.5023400000000002        1.1816200949972295     
   3.5023500000000003       0.98978313368241311     
   3.5023600000000004        1.1270250678016305     
   3.5023700000000004       0.99778989314306243     
   3.5023800000000005        1.0879746233350631     
   3.5023900000000001       0.99949276672744358     
   3.5024000000000002        1.1119741143004631     
   3.5024100000000002        1.0383580381887922     
   3.5024200000000003        1.0897238808130818     
   3.5024300000000004        1.0751856578053929     
   3.5024400000000004        1.1005302591787673     
   3.5024500000000005        1.1090428682753286     
   3.5024600000000001        1.0795744043529047     
   3.5024700000000002        1.1365242335490331     
   3.5024800000000003        1.0793678330561902     
   3.5024900000000003        1.1556412016030144     
   3.5025000000000004        1.0917372150483882     
   3.5025100000000005        1.1350641701382940     
   3.5025200000000001        1.0807978496458486     
   3.5025300000000001        1.1162636233757717     
   3.5025400000000002        1.0878344701187488     
   3.5025500000000003        1.0682809541637472     
   3.5025600000000003        1.0372416849248491     
   3.5025700000000004        1.0500607041366252     
   3.5025800000000005        1.0124920392887859     
   3.5025900000000001        1.0389705352963714     
   3.5026000000000002        1.0270383385921940     
   3.5026100000000002        1.0148345931635807     
   3.5026200000000003        1.0493802612473087     
   3.5026300000000004        1.0224035646801499     
   3.5026400000000004        1.0493915071192483     
   3.5026500000000005        1.0590552749767348     
   3.5026600000000001        1.0670484657541885     
   3.5026700000000002        1.0197987223014442     
   3.5026800000000002        1.1541739951355778     
   3.5026900000000003        1.0275915254507051     
   3.5027000000000004        1.1578445296341273     
   3.5027100000000004        1.0698859477727389     
   3.5027200000000005        1.1302450127968924     
   3.5027300000000001        1.0438647653015805     
   3.5027400000000002        1.0725409913102391     
   3.5027500000000003        1.1114844252525844     
   3.5027600000000003       0.98126789348730958     
   3.5027700000000004        1.1404999764969930     
   3.5027800000000004        1.0422395698025246     
   3.5027900000000001        1.0698966393766085     
   3.5028000000000001        1.0726585061224807     
   3.5028100000000002        1.0505085861237975     
   3.5028200000000003        1.0768017476572531     
   3.5028300000000003        1.0240573886274562     
   3.5028400000000004        1.1267504123969057     
   3.5028500000000005        1.0622024330008257     
   3.5028600000000001        1.1556873576967397     
   3.5028700000000002        1.0781831124733199     
   3.5028800000000002        1.1505862756654741     
   3.5028900000000003        1.0979682991557553     
   3.5029000000000003        1.2145569478476257     
   3.5029100000000004        1.1023224623735557     
   3.5029200000000005        1.2499118272650336     
   3.5029300000000001        1.0937031334364198     
   3.5029400000000002        1.3293819292943441     
   3.5029500000000002        1.0485256450981228     
   3.5029600000000003        1.3076420293558650     
   3.5029700000000004        1.0940730371014180     
   3.5029800000000004        1.2327383317788618     
   3.5029900000000005        1.0560651885112271     
   3.5030000000000001        1.1955485277201514     
   3.5030100000000002        1.0183289066873791     
   3.5030200000000002        1.1018830373421853     
   3.5030300000000003       0.96079806677796342     
   3.5030400000000004        1.0475813329268202     
   3.5030500000000004       0.99872459033957173     
   3.5030600000000005        1.0565438646914447     
   3.5030700000000001       0.98346097926408926     
   3.5030800000000002        1.0713388981706538     
   3.5030900000000003        1.0191620748010499     
   3.5031000000000003        1.0659366950545954     
   3.5031100000000004       0.97862012690425793     
   3.5031200000000005        1.0681405313967669     
   3.5031300000000001        1.0121036281253721     
   3.5031400000000001        1.0874759792855666     
   3.5031500000000002        1.0292134399057402     
   3.5031600000000003        1.0752606708654895     
   3.5031700000000003        1.0171587485270572     
   3.5031800000000004        1.1089525888420801     
   3.5031900000000005        1.0217705332629188     
   3.5032000000000001        1.0983278034125517     
   3.5032100000000002       0.98420419808839599     
   3.5032200000000002        1.0816451993896985     
   3.5032300000000003       0.98292782517312804     
   3.5032400000000004        1.0949113214115134     
   3.5032500000000004       0.97495083344275824     
   3.5032600000000005        1.0351466478428277     
   3.5032700000000001        1.0155332974148490     
   3.5032800000000002        1.0409737863872226     
   3.5032900000000002        1.0285012207502302     
   3.5033000000000003        1.0492231139723063     
   3.5033100000000004        1.0433522809852718     
   3.5033200000000004        1.0769190848780845     
   3.5033300000000005        1.0659953344237680     
   3.5033400000000001        1.0498256595189217     
   3.5033500000000002        1.1048690818281068     
   3.5033600000000003        1.0709333435251778     
   3.5033700000000003        1.1056204929063649     
   3.5033800000000004        1.1005200513590390     
   3.5033900000000004        1.0998236974721298     
   3.5034000000000001        1.0862934987112147     
   3.5034100000000001        1.1070679455208166     
   3.5034200000000002        1.0850596486090229     
   3.5034300000000003        1.0428857912567631     
   3.5034400000000003        1.1063464660229225     
   3.5034500000000004        1.0304535179831877     
   3.5034600000000005        1.0636661257584366     
   3.5034700000000001        1.0757767836482988     
   3.5034800000000001        1.0465690870485815     
   3.5034900000000002        1.0830860832380726     
   3.5035000000000003        1.0218724318742729     
   3.5035100000000003        1.0737955892853335     
   3.5035200000000004       0.99820263383656938     
   3.5035300000000005        1.0754981841779043     
   3.5035400000000001       0.96518455327660235     
   3.5035500000000002        1.0898479016190377     
   3.5035600000000002       0.99561155188861872     
   3.5035700000000003        1.0395252963558863     
   3.5035800000000004       0.99874248301746693     
   3.5035900000000004       0.99139263799175814     
   3.5036000000000005        1.0711415811391920     
   3.5036100000000001        1.0066064535870161     
   3.5036200000000002        1.0643920120143617     
   3.5036300000000002        1.0528587798951670     
   3.5036400000000003        1.0860395358438644     
   3.5036500000000004        1.0115593417042925     
   3.5036600000000004        1.1192712151400344     
   3.5036700000000005       0.98323235592073333     
   3.5036800000000001        1.1722436699705105     
   3.5036900000000002       0.93884734740133768     
   3.5037000000000003        1.1808455094274608     
   3.5037100000000003       0.92340696924181331     
   3.5037200000000004        1.1642207013978851     
   3.5037300000000005       0.92754134606729033     
   3.5037400000000001        1.1477968165318970     
   3.5037500000000001       0.92898180788529228     
   3.5037600000000002        1.1664962087699191     
   3.5037700000000003       0.90770723329417824     
   3.5037800000000003        1.1145257246965907     
   3.5037900000000004       0.95617577217644045     
   3.5038000000000005        1.0691356919529149     
   3.5038100000000001       0.92382439322958787     
   3.5038200000000002        1.1550852304136137     
   3.5038300000000002       0.97591032423240776     
   3.5038400000000003        1.1184525201935536     
   3.5038500000000004        1.0173544911537000     
   3.5038600000000004        1.0912316614585253     
   3.5038700000000005       0.99397844899755450     
   3.5038800000000001        1.0637639329248778     
   3.5038900000000002        1.0316046877314671     
   3.5039000000000002        1.0773711251462723     
   3.5039100000000003        1.0415488697316455     
   3.5039200000000004        1.0083996785207443     
   3.5039300000000004        1.0698855114088663     
   3.5039400000000005        1.0501217245050187     
   3.5039500000000001        1.1161014419079907     
   3.5039600000000002       0.97431687689884272     
   3.5039700000000003        1.0749459233050127     
   3.5039800000000003        1.0152494343790648     
   3.5039900000000004        1.1195833575355503     
   3.5040000000000004        1.0344029451015204     
   3.5040100000000001        1.0857641013791850     
   3.5040200000000001       0.99137834143906822     
   3.5040300000000002        1.0817829405769230     
   3.5040400000000003       0.98707800620789699     
   3.5040500000000003        1.1071567962472733     
   3.5040600000000004       0.94807581337739522     
   3.5040700000000005        1.1358180664717379     
   3.5040800000000001       0.91858386878066456     
   3.5040900000000001        1.1036756719257912     
   3.5041000000000002       0.92027586190190203     
   3.5041100000000003        1.0916219815181101     
   3.5041200000000003       0.96576497650781756     
   3.5041300000000004        1.0706939528407917     
   3.5041400000000005       0.95174149503149374     
   3.5041500000000001        1.0601619986000426     
   3.5041600000000002       0.91962313933775186     
   3.5041700000000002        1.0479167499460162     
   3.5041800000000003       0.93601023249874749     
   3.5041900000000004       0.97452023558156442     
   3.5042000000000004        1.0154276819303918     
   3.5042100000000005       0.98543275093095739     
   3.5042200000000001        1.0266206501369142     
   3.5042300000000002       0.97703906478419977     
   3.5042400000000002        1.0527027173113588     
   3.5042500000000003       0.97476723935577780     
   3.5042600000000004        1.0703769985407430     
   3.5042700000000004       0.99068313053979995     
   3.5042800000000005        1.0725693732583688     
   3.5042900000000001       0.96609532624776773     
   3.5043000000000002        1.0462853805837260     
   3.5043100000000003       0.99080557045053685     
   3.5043200000000003        1.0138444016240391     
   3.5043300000000004       0.95643466901103413     
   3.5043400000000005        1.0519103268532373     
   3.5043500000000001       0.92794350235448197     
   3.5043600000000001        1.0106344955960644     
   3.5043700000000002       0.90749795827789914     
   3.5043800000000003       0.97678039060247501     
   3.5043900000000003       0.88538261151044451     
   3.5044000000000004       0.95103032532143938     
   3.5044100000000005       0.90068953263623497     
   3.5044200000000001       0.94584848919324604     
   3.5044300000000002       0.94930469909145088     
   3.5044400000000002       0.92482660224552804     
   3.5044500000000003       0.98926762489636888     
   3.5044600000000004       0.93424448985985808     
   3.5044700000000004       0.98737793210710145     
   3.5044800000000005       0.91296270386967215     
   3.5044900000000001       0.96193320017216211     
   3.5045000000000002       0.97049708194954243     
   3.5045100000000002       0.98139922504662236     
   3.5045200000000003        1.0043834317736260     
   3.5045300000000004        1.0042956817820208     
   3.5045400000000004       0.97012018394488519     
   3.5045500000000005        1.0137390075519326     
   3.5045600000000001       0.95500878328324601     
   3.5045700000000002        1.0055236142033621     
   3.5045800000000003       0.99762399954987235     
   3.5045900000000003       0.93265719426646754     
   3.5046000000000004       0.98494204817885922     
   3.5046100000000004       0.92694549152552441     
   3.5046200000000001       0.91926179119755413     
   3.5046300000000001       0.96231702722886769     
   3.5046400000000002       0.91243000785198658     
   3.5046500000000003       0.99852802297681442     
   3.5046600000000003       0.92921755822032326     
   3.5046700000000004       0.96247174380935097     
   3.5046800000000005       0.97162713772042197     
   3.5046900000000001       0.93648431282494793     
   3.5047000000000001       0.94869319648844175     
   3.5047100000000002       0.97632830057137954     
   3.5047200000000003       0.96916604873931589     
   3.5047300000000003       0.98184167449459392     
   3.5047400000000004       0.95995254360773419     
   3.5047500000000005       0.98572598613213169     
   3.5047600000000001       0.96513846260723424     
   3.5047700000000002       0.99609540496049187     
   3.5047800000000002       0.97090427812493252     
   3.5047900000000003       0.92201949889757007     
   3.5048000000000004        1.0028521838778370     
   3.5048100000000004       0.86821171787160145     
   3.5048200000000005       0.97450178555989819     
   3.5048300000000001       0.89781638567597488     
   3.5048400000000002       0.93793185384583067     
   3.5048500000000002       0.90327872738945780     
   3.5048600000000003       0.96955077936698686     
   3.5048700000000004       0.88302195296078889     
   3.5048800000000004       0.95858614444403878     
   3.5048900000000005       0.86033190210133681     
   3.5049000000000001       0.90685195571991073     
   3.5049100000000002       0.85845165327802653     
   3.5049200000000003       0.85566380341042614     
   3.5049300000000003       0.89485432162774525     
   3.5049400000000004       0.87953568958712280     
   3.5049500000000005       0.86834225833825951     
   3.5049600000000001       0.89484587698839446     
   3.5049700000000001       0.85877845773370742     
   3.5049800000000002       0.90646426687732562     
   3.5049900000000003       0.82708387508702419     
   3.5050000000000003       0.86609203411282165     
   3.5050100000000004       0.84032512278387061     
   3.5050200000000005       0.85176493150503640     
   3.5050300000000001       0.85496734385179929     
   3.5050400000000002       0.84262011742741494     
   3.5050500000000002       0.83231179247760445     
   3.5050600000000003       0.86801324010632419     
   3.5050700000000004       0.80919887679593305     
   3.5050800000000004       0.87462828463878028     
   3.5050900000000005       0.82103039201377648     
   3.5051000000000001       0.89488834024881192     
   3.5051100000000002       0.80252331715469505     
   3.5051200000000002       0.96549042388934914     
   3.5051300000000003       0.78990631232892916     
   3.5051400000000004       0.93722626082906901     
   3.5051500000000004       0.82607128867114199     
   3.5051600000000005       0.94796823675245767     
   3.5051700000000001       0.82586873178728637     
   3.5051800000000002       0.91313857347410710     
   3.5051900000000002       0.85059457932624272     
   3.5052000000000003       0.88146079015988166     
   3.5052100000000004       0.88266980914686011     
   3.5052200000000004       0.89587348373153819     
   3.5052300000000001       0.88443790450713922     
   3.5052400000000001       0.90682222441588944     
   3.5052500000000002       0.89524078626692893     
   3.5052600000000003       0.85030404290880124     
   3.5052700000000003       0.89189850113260161     
   3.5052800000000004       0.84422754903791020     
   3.5052900000000005       0.94669817973433390     
   3.5053000000000001       0.81789377984752010     
   3.5053100000000001       0.94688355620343900     
   3.5053200000000002       0.83254907713102411     
   3.5053300000000003       0.95922678450784016     
   3.5053400000000003       0.81443543397936524     
   3.5053500000000004       0.91933576848506837     
   3.5053600000000005       0.81634260375188517     
   3.5053700000000001       0.93135417295645384     
   3.5053800000000002       0.81232015025306104     
   3.5053900000000002       0.95630847803775254     
   3.5054000000000003       0.76792838652155726     
   3.5054100000000004       0.95205678219513656     
   3.5054200000000004       0.78421025487414953     
   3.5054300000000005       0.93429844787243477     
   3.5054400000000001       0.75377255880626370     
   3.5054500000000002       0.94798101836066084     
   3.5054600000000002       0.77282056210190431     
   3.5054700000000003       0.93040572840511238     
   3.5054800000000004       0.73672964144194986     
   3.5054900000000004       0.91177762555248731     
   3.5055000000000005       0.73037679946680711     
   3.5055100000000001       0.89766027621785172     
   3.5055200000000002       0.78332547062626101     
   3.5055300000000003       0.85761608896648167     
   3.5055400000000003       0.81960892531363816     
   3.5055500000000004       0.82701892505078323     
   3.5055600000000005       0.81350957102644617     
   3.5055700000000001       0.82650300879792515     
   3.5055800000000001       0.84181160069350702     
   3.5055900000000002       0.83325396388246575     
   3.5056000000000003       0.87320754210054208     
   3.5056100000000003       0.81054560916816210     
   3.5056200000000004       0.86990463990533962     
   3.5056300000000005       0.83974756917004656     
   3.5056400000000001       0.86086735534897263     
   3.5056500000000002       0.85742844856939426     
   3.5056600000000002       0.80409944752004558     
   3.5056700000000003       0.87029278320354708     
   3.5056800000000004       0.80349555656611149     
   3.5056900000000004       0.83063464247377350     
   3.5057000000000005       0.81368298000543648     
   3.5057100000000001       0.81879924126005510     
   3.5057200000000002       0.80940996898824202     
   3.5057300000000002       0.83705733989110576     
   3.5057400000000003       0.82308193707287769     
   3.5057500000000004       0.85708793135397932     
   3.5057600000000004       0.86492918042569944     
   3.5057700000000005       0.84574231336491779     
   3.5057800000000001       0.93026204008481328     
   3.5057900000000002       0.83393751953163409     
   3.5058000000000002       0.91472896234393608     
   3.5058100000000003       0.85242142469029547     
   3.5058200000000004       0.96339705945640353     
   3.5058300000000004       0.83783754937067711     
   3.5058400000000001       0.93707714346957405     
   3.5058500000000001       0.81714577294330581     
   3.5058600000000002       0.90494789366297523     
   3.5058700000000003       0.87919369485181764     
   3.5058800000000003       0.86176603088781678     
   3.5058900000000004       0.90882657986269577     
   3.5059000000000005       0.82270189271418970     
   3.5059100000000001       0.86431269900713759     
   3.5059200000000001       0.85129316941849043     
   3.5059300000000002       0.83338049341570675     
   3.5059400000000003       0.85915613517578437     
   3.5059500000000003       0.84290130403971431     
   3.5059600000000004       0.81727419844216576     
   3.5059700000000005       0.81612435363752522     
   3.5059800000000001       0.85779781209205086     
   3.5059900000000002       0.80786843562151489     
   3.5060000000000002       0.85804183830329694     
   3.5060100000000003       0.82890444943631680     
   3.5060200000000004       0.85355917349195720     
   3.5060300000000004       0.83029356802643728     
   3.5060400000000005       0.85414538174489685     
   3.5060500000000001       0.79873180903396501     
   3.5060600000000002       0.77365584194813408     
   3.5060700000000002       0.81838892057736790     
   3.5060800000000003       0.73481050327498176     
   3.5060900000000004       0.85844614972927091     
   3.5061000000000004       0.74094238411066060     
   3.5061100000000005       0.88492731334892738     
   3.5061200000000001       0.74281576820606943     
   3.5061300000000002       0.80788141053091755     
   3.5061400000000003       0.77200531599697009     
   3.5061500000000003       0.79949299382050709     
   3.5061600000000004       0.73765372909328397     
   3.5061700000000005       0.78482576785207514     
   3.5061800000000001       0.73974248154579680     
   3.5061900000000001       0.74866435028627043     
   3.5062000000000002       0.78885985846553819     
   3.5062100000000003       0.69529845067272367     
   3.5062200000000003       0.77756823867422997     
   3.5062300000000004       0.72268718537885901     
   3.5062400000000005       0.78035392637705292     
   3.5062500000000001       0.70690252658695296     
   3.5062600000000002       0.79852765218685784     
   3.5062700000000002       0.73205339934273395     
   3.5062800000000003       0.82991474979002622     
   3.5062900000000004       0.72106161453893658     
   3.5063000000000004       0.78353096633883490     
   3.5063100000000005       0.75002851771656509     
   3.5063200000000001       0.78068182773176664     
   3.5063300000000002       0.73766010980099705     
   3.5063400000000002       0.73824264045734145     
   3.5063500000000003       0.71572067620621482     
   3.5063600000000004       0.73330120645630803     
   3.5063700000000004       0.71595012982382800     
   3.5063800000000005       0.74828388474535801     
   3.5063900000000001       0.67530347022117354     
   3.5064000000000002       0.76249723179713125     
   3.5064100000000002       0.65589929469956032     
   3.5064200000000003       0.73898249164365781     
   3.5064300000000004       0.64701466720973522     
   3.5064400000000004       0.76732397672477937     
   3.5064500000000001       0.68340116229211045     
   3.5064600000000001       0.79358964188920167     
   3.5064700000000002       0.69003108555997750     
   3.5064800000000003       0.75434314292332239     
   3.5064900000000003       0.72394402547592118     
   3.5065000000000004       0.71781223450264720     
   3.5065100000000005       0.82271751199561194     
   3.5065200000000001       0.70673990198177150     
   3.5065300000000001       0.79925232677646751     
   3.5065400000000002       0.70980490653334660     
   3.5065500000000003       0.85936213777745640     
   3.5065600000000003       0.74464438096322616     
   3.5065700000000004       0.82194645769077501     
   3.5065800000000005       0.75301687238712578     
   3.5065900000000001       0.79864565535000509     
   3.5066000000000002       0.79126115261318797     
   3.5066100000000002       0.75001239433378497     
   3.5066200000000003       0.77720922825289107     
   3.5066300000000004       0.68201149689836038     
   3.5066400000000004       0.76074858325678807     
   3.5066500000000005       0.70631567250896277     
   3.5066600000000001       0.69057057042831849     
   3.5066700000000002       0.69494447863775022     
   3.5066800000000002       0.68574999085845745     
   3.5066900000000003       0.67341677279154977     
   3.5067000000000004       0.69625423494672323     
   3.5067100000000004       0.66779542337171538     
   3.5067200000000005       0.69013030564768862     
   3.5067300000000001       0.67417323981945143     
   3.5067400000000002       0.69896948368644929     
   3.5067500000000003       0.67744717418473233     
   3.5067600000000003       0.71044300426484963     
   3.5067700000000004       0.67061745224356084     
   3.5067800000000005       0.71523330598051427     
   3.5067900000000001       0.70334762840635290     
   3.5068000000000001       0.72691108885380196     
   3.5068100000000002       0.72207278748180725     
   3.5068200000000003       0.68592097693231369     
   3.5068300000000003       0.78924875917981085     
   3.5068400000000004       0.71083961105926974     
   3.5068500000000005       0.77153173308095746     
   3.5068600000000001       0.71506377310700153     
   3.5068700000000002       0.78048800122123507     
   3.5068800000000002       0.71776442752876402     
   3.5068900000000003       0.73671308905329869     
   3.5069000000000004       0.71937547044535688     
   3.5069100000000004       0.70340137280020754     
   3.5069200000000005       0.68420667648376399     
   3.5069300000000001       0.69472289200765680     
   3.5069400000000002       0.66180753808229487     
   3.5069500000000002       0.66030276813765010     
   3.5069600000000003       0.66505859336087270     
   3.5069700000000004       0.63996455327097357     
   3.5069800000000004       0.64114975332664670     
   3.5069900000000005       0.63225377637601332     
   3.5070000000000001       0.62616849176573375     
   3.5070100000000002       0.62949813597224102     
   3.5070200000000002       0.61997015987889015     
   3.5070300000000003       0.64896069482877483     
   3.5070400000000004       0.58035529841129041     
   3.5070500000000004       0.63991366882828349     
   3.5070600000000001       0.56360415838199496     
   3.5070700000000001       0.63353157359280121     
   3.5070800000000002       0.57224625017453434     
   3.5070900000000003       0.69438303400138712     
   3.5071000000000003       0.57426683266088441     
   3.5071100000000004       0.68765829644953380     
   3.5071200000000005       0.62153731180423943     
   3.5071300000000001       0.68519364575179287     
   3.5071400000000001       0.63565959845235909     
   3.5071500000000002       0.70279577692637440     
   3.5071600000000003       0.70628830921578856     
   3.5071700000000003       0.70531989786478955     
   3.5071800000000004       0.70187697762917933     
   3.5071900000000005       0.73911588653635851     
   3.5072000000000001       0.71594693610278060     
   3.5072100000000002       0.76947802001562793     
   3.5072200000000002       0.72663897681843148     
   3.5072300000000003       0.72691776291598298     
   3.5072400000000004       0.72547475334053457     
   3.5072500000000004       0.79963535315267131     
   3.5072600000000005       0.66855180725021435     
   3.5072700000000001       0.78507053671646665     
   3.5072800000000002       0.65461630128147197     
   3.5072900000000002       0.72636421026059739     
   3.5073000000000003       0.60621002114548073     
   3.5073100000000004       0.66230815574720225     
   3.5073200000000004       0.56461753565396655     
   3.5073300000000005       0.63628364688239236     
   3.5073400000000001       0.56396692823240591     
   3.5073500000000002       0.59177304623840543     
   3.5073600000000003       0.56857969667046715     
   3.5073700000000003       0.58680872679864049     
   3.5073800000000004       0.56405677283926858     
   3.5073900000000005       0.54779932656573616     
   3.5074000000000001       0.57155508202911376     
   3.5074100000000001       0.50716303880391278     
   3.5074200000000002       0.57849813106557668     
   3.5074300000000003       0.47986679402945853     
   3.5074400000000003       0.58660407514254609     
   3.5074500000000004       0.49686661233342938     
   3.5074600000000005       0.57412689860059973     
   3.5074700000000001       0.53717506107742508     
   3.5074800000000002       0.55814731684318841     
   3.5074900000000002       0.48234462802526801     
   3.5075000000000003       0.56694730777156688     
   3.5075100000000003       0.49088528578963281     
   3.5075200000000004       0.56382623477977056     
   3.5075300000000005       0.50811339259240218     
   3.5075400000000001       0.55788538627410744     
   3.5075500000000002       0.52844265597765427     
   3.5075600000000002       0.55738248847280003     
   3.5075700000000003       0.52462472216463552     
   3.5075800000000004       0.56766206575313227     
   3.5075900000000004       0.55989110777820361     
   3.5076000000000005       0.57928714281443172     
   3.5076100000000001       0.57203337760625883     
   3.5076200000000002       0.59741065767903756     
   3.5076300000000002       0.53828154328037270     
   3.5076400000000003       0.61226873150371519     
   3.5076500000000004       0.56851953313162207     
   3.5076600000000004       0.60661562492456755     
   3.5076700000000001       0.51135484380100504     
   3.5076800000000001       0.61251982144109796     
   3.5076900000000002       0.54700248211175995     
   3.5077000000000003       0.60996787625970861     
   3.5077100000000003       0.54406036919865652     
   3.5077200000000004       0.59057261036084763     
   3.5077300000000005       0.55507565233584955     
   3.5077400000000001       0.54286132149053257     
   3.5077500000000001       0.49508318322647987     
   3.5077600000000002       0.57060602333628907     
   3.5077700000000003       0.46282659140838583     
   3.5077800000000003       0.54527631673442012     
   3.5077900000000004       0.46897977111660710     
   3.5078000000000005       0.49958984654707167     
   3.5078100000000001       0.48288063628133532     
   3.5078200000000002       0.47845480620611502     
   3.5078300000000002       0.49295462426596731     
   3.5078400000000003       0.47561584351812325     
   3.5078500000000004       0.47073592439094480     
   3.5078600000000004       0.47902038311080047     
   3.5078700000000005       0.47211726001897303     
   3.5078800000000001       0.49438218720627397     
   3.5078900000000002       0.49162867144353933     
   3.5079000000000002       0.47625275683517132     
   3.5079100000000003       0.49992120866048728     
   3.5079200000000004       0.48384324684118035     
   3.5079300000000004       0.52866422121535450     
   3.5079400000000005       0.46357740756844446     
   3.5079500000000001       0.54463228042505218     
   3.5079600000000002       0.47521074053599061     
   3.5079700000000003       0.55918192549672197     
   3.5079800000000003       0.48552409079169589     
   3.5079900000000004       0.54541363336617055     
   3.5080000000000005       0.50041696319349382     
   3.5080100000000001       0.52646446757985221     
   3.5080200000000001       0.53839235528564633     
   3.5080300000000002       0.53710182022265096     
   3.5080400000000003       0.50321009398552030     
   3.5080500000000003       0.57337122543673014     
   3.5080600000000004       0.51063716967238504     
   3.5080700000000005       0.55160062204685911     
   3.5080800000000001       0.50358661740475652     
   3.5080900000000002       0.52201982456550722     
   3.5081000000000002       0.50852536396677217     
   3.5081100000000003       0.50372928829894692     
   3.5081200000000003       0.49714296605201158     
   3.5081300000000004       0.50533629322551854     
   3.5081400000000005       0.46421812370724347     
   3.5081500000000001       0.45761362582485821     
   3.5081600000000002       0.47075638994189833     
   3.5081700000000002       0.45022489486927425     
   3.5081800000000003       0.45333482585267182     
   3.5081900000000004       0.44099003792524288     
   3.5082000000000004       0.43260008570928321     
   3.5082100000000005       0.45295860471824728     
   3.5082200000000001       0.43303718910443717     
   3.5082300000000002       0.46120099585948932     
   3.5082400000000002       0.42992726331174730     
   3.5082500000000003       0.38949040666919627     
   3.5082600000000004       0.45341027689024688     
   3.5082700000000004       0.35587300237573660     
   3.5082800000000001       0.49410348093345724     
   3.5082900000000001       0.38743468902359651     
   3.5083000000000002       0.46848710142495270     
   3.5083100000000003       0.35692899484345197     
   3.5083200000000003       0.50920013942673237     
   3.5083300000000004       0.36366769973095431     
   3.5083400000000005       0.49069205672752475     
   3.5083500000000001       0.36910860768976089     
   3.5083600000000001       0.47180355956304398     
   3.5083700000000002       0.37351594010182493     
   3.5083800000000003       0.50245287550401263     
   3.5083900000000003       0.36213427081508953     
   3.5084000000000004       0.51867257238749076     
   3.5084100000000005       0.35680999859558571     
   3.5084200000000001       0.49012552937459303     
   3.5084300000000002       0.37905455119514275     
   3.5084400000000002       0.49272692400635754     
   3.5084500000000003       0.39371669900775186     
   3.5084600000000004       0.52765607823730187     
   3.5084700000000004       0.38188374575415318     
   3.5084800000000005       0.52274126286245837     
   3.5084900000000001       0.35798467556609359     
   3.5085000000000002       0.51512361442199528     
   3.5085100000000002       0.34650582341418867     
   3.5085200000000003       0.47566781491509424     
   3.5085300000000004       0.35395764630880217     
   3.5085400000000004       0.43939215308219759     
   3.5085500000000005       0.35014814477489803     
   3.5085600000000001       0.42145064908940705     
   3.5085700000000002       0.36171570439732720     
   3.5085800000000003       0.42528712809743513     
   3.5085900000000003       0.33292528501932223     
   3.5086000000000004       0.43837792347948468     
   3.5086100000000005       0.34612712085332747     
   3.5086200000000001       0.39265334212381103     
   3.5086300000000001       0.36201874073537399     
   3.5086400000000002       0.37788831401193473     
   3.5086500000000003       0.35428902325214551     
   3.5086600000000003       0.40182602681922552     
   3.5086700000000004       0.33459488697815437     
   3.5086800000000005       0.39510030597553980     
   3.5086900000000001       0.34323291956239127     
   3.5087000000000002       0.39298097448834185     
   3.5087100000000002       0.32819783654949869     
   3.5087200000000003       0.36374822986887434     
   3.5087300000000003       0.33349161594918314     
   3.5087400000000004       0.36592453589527529     
   3.5087500000000005       0.32743350797976933     
   3.5087600000000001       0.34421048838231588     
   3.5087700000000002       0.32885975849039850     
   3.5087800000000002       0.30440996374845675     
   3.5087900000000003       0.33367256376981774     
   3.5088000000000004       0.30348141976167281     
   3.5088100000000004       0.32238846961071271     
   3.5088200000000005       0.31196585482912187     
   3.5088300000000001       0.31318449350326555     
   3.5088400000000002       0.33061048749145672     
   3.5088500000000002       0.32023322156345324     
   3.5088600000000003       0.33875612482988815     
   3.5088700000000004       0.34228546226390316     
   3.5088800000000004       0.34526087613186723     
   3.5088900000000005       0.33222289908514280     
   3.5089000000000001       0.33896849335176077     
   3.5089100000000002       0.35164829357123556     
   3.5089200000000003       0.33293992945925260     
   3.5089300000000003       0.35445909711663198     
   3.5089400000000004       0.32322401752108332     
   3.5089500000000005       0.36595810753321811     
   3.5089600000000001       0.32173947478204928     
   3.5089700000000001       0.35016010647573487     
   3.5089800000000002       0.32775111686253400     
   3.5089900000000003       0.32319081302411212     
   3.5090000000000003       0.31848315705294972     
   3.5090100000000004       0.33088008110105899     
   3.5090200000000005       0.28907421429998365     
   3.5090300000000001       0.33648717434666620     
   3.5090400000000002       0.27801529973596129     
   3.5090500000000002       0.33192828357331866     
   3.5090600000000003       0.28900873042535369     
   3.5090700000000004       0.33371113928354018     
   3.5090800000000004       0.29860948520191244     
   3.5090900000000005       0.33422077206963841     
   3.5091000000000001       0.29174609301713450     
   3.5091100000000002       0.33009586071677610     
   3.5091200000000002       0.30482480683419155     
   3.5091300000000003       0.33459660920706991     
   3.5091400000000004       0.29394506533573694     
   3.5091500000000004       0.32037538539572535     
   3.5091600000000005       0.30001440911920457     
   3.5091700000000001       0.33096689443200150     
   3.5091800000000002       0.29275240352252024     
   3.5091900000000003       0.32641059310017934     
   3.5092000000000003       0.28646837338736608     
   3.5092100000000004       0.33203536561430386     
   3.5092200000000005       0.29200268705641413     
   3.5092300000000001       0.32393001670106680     
   3.5092400000000001       0.30056359851619369     
   3.5092500000000002       0.29976240442400848     
   3.5092600000000003       0.29861233884504046     
   3.5092700000000003       0.28759678524546817     
   3.5092800000000004       0.28556773062887064     
   3.5092900000000005       0.27003754246464362     
   3.5093000000000001       0.28419610337724477     
   3.5093100000000002       0.27057290823857266     
   3.5093200000000002       0.28269197488911008     
   3.5093300000000003       0.26923755717008430     
   3.5093400000000003       0.27605555757298655     
   3.5093500000000004       0.26991785604842117     
   3.5093600000000005       0.26692809754030999     
   3.5093700000000001       0.26592660048482492     
   3.5093800000000002       0.26570482138096491     
   3.5093900000000002       0.27057764273130164     
   3.5094000000000003       0.25834743565453561     
   3.5094100000000004       0.28199348118370604     
   3.5094200000000004       0.26260974936468595     
   3.5094300000000005       0.26556387188181568     
   3.5094400000000001       0.26337801054358101     
   3.5094500000000002       0.27040741418864672     
   3.5094600000000002       0.25637863608519279     
   3.5094700000000003       0.28173381733806380     
   3.5094800000000004       0.26267060171232764     
   3.5094900000000004       0.26599166671726748     
   3.5095000000000005       0.28869628359003974     
   3.5095100000000001       0.25489207068956954     
   3.5095200000000002       0.27337967026360260     
   3.5095300000000003       0.26857576747406764     
   3.5095400000000003       0.25868107953787534     
   3.5095500000000004       0.25879019454491975     
   3.5095600000000005       0.26000913901704931     
   3.5095700000000001       0.26431195807636437     
   3.5095800000000001       0.22669118904935009     
   3.5095900000000002       0.26362974748349594     
   3.5096000000000003       0.22886037210688129     
   3.5096100000000003       0.27247162161619304     
   3.5096200000000004       0.21080246062753596     
   3.5096300000000005       0.27102691368055820     
   3.5096400000000001       0.21581641191225040     
   3.5096500000000002       0.25622888067065319     
   3.5096600000000002       0.21501132107965407     
   3.5096700000000003       0.25768070791950060     
   3.5096800000000004       0.20115006640762342     
   3.5096900000000004       0.23303002643848175     
   3.5097000000000005       0.21558831337080234     
   3.5097100000000001       0.21348826368619525     
   3.5097200000000002       0.21942635036560523     
   3.5097300000000002       0.19859389778011594     
   3.5097400000000003       0.23559199862554059     
   3.5097500000000004       0.18185590732367518     
   3.5097600000000004       0.24731795511321236     
   3.5097700000000005       0.17572464501141025     
   3.5097800000000001       0.24966754014558820     
   3.5097900000000002       0.18240893179607437     
   3.5098000000000003       0.22474849293208435     
   3.5098100000000003       0.17178778576937925     
   3.5098200000000004       0.21940165015326835     
   3.5098300000000004       0.18009052635639253     
   3.5098400000000001       0.20591529214663834     
   3.5098500000000001       0.17477532600823920     
   3.5098600000000002       0.20424805263498069     
   3.5098700000000003       0.17856770847945325     
   3.5098800000000003       0.21237522953662774     
   3.5098900000000004       0.18015376021998708     
   3.5099000000000005       0.19865689133750675     
   3.5099100000000001       0.18904205623667381     
   3.5099200000000002       0.21344147105240402     
   3.5099300000000002       0.18670656505424335     
   3.5099400000000003       0.20836801122951093     
   3.5099500000000003       0.18335016378860833     
   3.5099600000000004       0.21758468951819956     
   3.5099700000000005       0.17536771280319083     
   3.5099800000000001       0.22304991534702076     
   3.5099900000000002       0.17760475084057797     
   3.5100000000000002       0.21282721570615015     
