   3.5000000000000004        11167.678723171686     
   3.5000100000000001        11167.763852152282     
   3.5000200000000001        11167.641836362869     
   3.5000300000000002        11167.784348782163     
   3.5000400000000003        11167.640687907220     
   3.5000500000000003        11167.802338057079     
   3.5000600000000004        11167.642007498676     
   3.5000700000000005        11167.797757565426     
   3.5000800000000001        11167.644084298736     
   3.5000900000000001        11167.864588453882     
   3.5001000000000002        11167.671827924240     
   3.5001100000000003        11167.923220969711     
   3.5001200000000003        11167.708900904561     
   3.5001300000000004        11167.919760575356     
   3.5001400000000005        11167.767866026572     
   3.5001500000000001        11167.931127121155     
   3.5001600000000002        11167.786653341993     
   3.5001700000000002        11167.910881803909     
   3.5001800000000003        11167.874036743933     
   3.5001900000000004        11167.910800328000     
   3.5002000000000004        11167.831605439773     
   3.5002100000000005        11167.922359616186     
   3.5002200000000001        11167.817678089010     
   3.5002300000000002        11167.882856874830     
   3.5002400000000002        11167.878624595707     
   3.5002500000000003        11167.883355931033     
   3.5002600000000004        11167.882970903631     
   3.5002700000000004        11167.938322227626     
   3.5002800000000005        11167.887015148104     
   3.5002900000000001        11167.976525517606     
   3.5003000000000002        11167.899783023555     
   3.5003100000000003        11167.999065422564     
   3.5003200000000003        11167.962702790321     
   3.5003300000000004        11167.959031303242     
   3.5003400000000005        11168.001086186321     
   3.5003500000000001        11167.944692383007     
   3.5003600000000001        11168.021159090373     
   3.5003700000000002        11167.936476101622     
   3.5003800000000003        11168.022335703825     
   3.5003900000000003        11167.955308201905     
   3.5004000000000004        11167.979656772835     
   3.5004100000000005        11167.954045155699     
   3.5004200000000001        11167.998186200201     
   3.5004300000000002        11167.949752769553     
   3.5004400000000002        11167.986029351605     
   3.5004500000000003        11167.923922929680     
   3.5004600000000003        11168.001875130743     
   3.5004700000000004        11167.920563365253     
   3.5004800000000005        11167.972669628487     
   3.5004900000000001        11167.975858988182     
   3.5005000000000002        11167.933189813049     
   3.5005100000000002        11167.959489043344     
   3.5005200000000003        11167.933456569668     
   3.5005300000000004        11167.945067736771     
   3.5005400000000004        11167.954337428320     
   3.5005500000000005        11167.891494196458     
   3.5005600000000001        11167.994489431459     
   3.5005700000000002        11167.918991253180     
   3.5005800000000002        11167.985716478186     
   3.5005900000000003        11167.924847016886     
   3.5006000000000004        11167.988098856562     
   3.5006100000000004        11167.951014889106     
   3.5006200000000001        11167.988354794212     
   3.5006300000000001        11167.955046594176     
   3.5006400000000002        11168.010346067131     
   3.5006500000000003        11167.992240668340     
   3.5006600000000003        11168.010217937324     
   3.5006700000000004        11167.945185085937     
   3.5006800000000005        11168.039439541217     
   3.5006900000000001        11167.976311571922     
   3.5007000000000001        11168.030821104239     
   3.5007100000000002        11168.039353123830     
   3.5007200000000003        11168.021070098124     
   3.5007300000000003        11168.063574498930     
   3.5007400000000004        11168.043995461761     
   3.5007500000000005        11168.044872531418     
   3.5007600000000001        11168.102475262480     
   3.5007700000000002        11168.116890143885     
   3.5007800000000002        11168.116260762941     
   3.5007900000000003        11168.137021972419     
   3.5008000000000004        11168.165229498431     
   3.5008100000000004        11168.148872003081     
   3.5008200000000005        11168.160963068392     
   3.5008300000000001        11168.110656859004     
   3.5008400000000002        11168.100070672781     
   3.5008500000000002        11168.123111367355     
   3.5008600000000003        11168.061458882985     
   3.5008700000000004        11168.079331347020     
   3.5008800000000004        11168.037212199104     
   3.5008900000000005        11168.067061220961     
   3.5009000000000001        11167.960771336022     
   3.5009100000000002        11168.037438341242     
   3.5009200000000003        11167.988370433708     
   3.5009300000000003        11168.017723626039     
   3.5009400000000004        11168.002331296630     
   3.5009500000000005        11167.999572071898     
   3.5009600000000001        11167.999019349436     
   3.5009700000000001        11168.018893494056     
   3.5009800000000002        11167.989198286483     
   3.5009900000000003        11167.975273025118     
   3.5010000000000003        11167.997920748196     
   3.5010100000000004        11167.970462111263     
   3.5010200000000005        11168.062660424181     
   3.5010300000000001        11167.990997744815     
   3.5010400000000002        11168.112915998217     
   3.5010500000000002        11168.010776257939     
   3.5010600000000003        11168.107245364175     
   3.5010700000000003        11168.065200082809     
   3.5010800000000004        11168.099973837667     
   3.5010900000000005        11168.062457365029     
   3.5011000000000001        11168.098800304162     
   3.5011100000000002        11168.086853545652     
   3.5011200000000002        11168.145684806361     
   3.5011300000000003        11168.095815853685     
   3.5011400000000004        11168.132998267542     
   3.5011500000000004        11168.093932397514     
   3.5011600000000005        11168.176766351049     
   3.5011700000000001        11168.100080410926     
   3.5011800000000002        11168.217754361636     
   3.5011900000000002        11168.110605841743     
   3.5012000000000003        11168.211921666092     
   3.5012100000000004        11168.123416149219     
   3.5012200000000004        11168.234349977001     
   3.5012300000000001        11168.090018849580     
   3.5012400000000001        11168.257471385776     
   3.5012500000000002        11168.101742951449     
   3.5012600000000003        11168.247359178024     
   3.5012700000000003        11168.147257438606     
   3.5012800000000004        11168.236398466788     
   3.5012900000000005        11168.105335420436     
   3.5013000000000001        11168.194312344896     
   3.5013100000000001        11168.133910919269     
   3.5013200000000002        11168.179924754120     
   3.5013300000000003        11168.077555699267     
   3.5013400000000003        11168.158015431143     
   3.5013500000000004        11168.091873671536     
   3.5013600000000005        11168.138618173574     
   3.5013700000000001        11168.164033234514     
   3.5013800000000002        11168.153528382496     
   3.5013900000000002        11168.164887997928     
   3.5014000000000003        11168.124386388246     
   3.5014100000000004        11168.157660955396     
   3.5014200000000004        11168.116833066224     
   3.5014300000000005        11168.141569932168     
   3.5014400000000001        11168.176627899844     
   3.5014500000000002        11168.184687031455     
   3.5014600000000002        11168.186418772222     
   3.5014700000000003        11168.202627864744     
   3.5014800000000004        11168.156380786761     
   3.5014900000000004        11168.194545492386     
   3.5015000000000005        11168.088346621389     
   3.5015100000000001        11168.185541837007     
   3.5015200000000002        11168.084929595083     
   3.5015300000000003        11168.129469128868     
   3.5015400000000003        11168.109773328093     
   3.5015500000000004        11168.079204041940     
   3.5015600000000004        11168.079069869134     
   3.5015700000000001        11168.088192578973     
   3.5015800000000001        11168.074150627152     
   3.5015900000000002        11168.113988413888     
   3.5016000000000003        11168.074310385686     
   3.5016100000000003        11168.118744606872     
   3.5016200000000004        11168.084086350022     
   3.5016300000000005        11168.139792588940     
   3.5016400000000001        11168.110862303643     
   3.5016500000000002        11168.159895104116     
   3.5016600000000002        11168.162308492925     
   3.5016700000000003        11168.141994460069     
   3.5016800000000003        11168.205160106141     
   3.5016900000000004        11168.143164814124     
   3.5017000000000005        11168.233872251947     
   3.5017100000000001        11168.178179847439     
   3.5017200000000002        11168.309461441901     
   3.5017300000000002        11168.188519307016     
   3.5017400000000003        11168.326404686630     
   3.5017500000000004        11168.222415726796     
   3.5017600000000004        11168.250939597105     
   3.5017700000000005        11168.225070519442     
   3.5017800000000001        11168.286556802537     
   3.5017900000000002        11168.268289152682     
   3.5018000000000002        11168.286284081452     
   3.5018100000000003        11168.326315965960     
   3.5018200000000004        11168.252378366416     
   3.5018300000000004        11168.321330563615     
   3.5018400000000005        11168.215731787690     
   3.5018500000000001        11168.271607755994     
   3.5018600000000002        11168.234364097527     
   3.5018700000000003        11168.210436462014     
   3.5018800000000003        11168.236835097137     
   3.5018900000000004        11168.247842555442     
   3.5019000000000005        11168.225552935299     
   3.5019100000000001        11168.249242092837     
   3.5019200000000001        11168.237381761670     
   3.5019300000000002        11168.267825202951     
   3.5019400000000003        11168.307409631609     
   3.5019500000000003        11168.313238868279     
   3.5019600000000004        11168.370614273681     
   3.5019700000000005        11168.329278594258     
   3.5019800000000001        11168.420011671209     
   3.5019900000000002        11168.384150852662     
   3.5020000000000002        11168.380692987297     
   3.5020100000000003        11168.420192241190     
   3.5020200000000004        11168.371783213455     
   3.5020300000000004        11168.431138166266     
   3.5020400000000005        11168.373307118794     
   3.5020500000000001        11168.378788550817     
   3.5020600000000002        11168.464606357700     
   3.5020700000000002        11168.360122483342     
   3.5020800000000003        11168.531163303218     
   3.5020900000000004        11168.340755735646     
   3.5021000000000004        11168.547533290623     
   3.5021100000000005        11168.398325713364     
   3.5021200000000001        11168.587124634578     
   3.5021300000000002        11168.429218794192     
   3.5021400000000003        11168.538039863259     
   3.5021500000000003        11168.451972939991     
   3.5021600000000004        11168.522717869222     
   3.5021700000000004        11168.498370041638     
   3.5021800000000001        11168.491052486634     
   3.5021900000000001        11168.426029431386     
   3.5022000000000002        11168.503665946911     
   3.5022100000000003        11168.379484792211     
   3.5022200000000003        11168.404162425566     
   3.5022300000000004        11168.279892168644     
   3.5022400000000005        11168.413844866689     
   3.5022500000000001        11168.223972913742     
   3.5022600000000002        11168.437503076744     
   3.5022700000000002        11168.248114658274     
   3.5022800000000003        11168.451506949956     
   3.5022900000000003        11168.279512048488     
   3.5023000000000004        11168.589094604862     
   3.5023100000000005        11168.376386110222     
   3.5023200000000001        11168.582151377428     
   3.5023300000000002        11168.453601325247     
   3.5023400000000002        11168.670176972901     
   3.5023500000000003        11168.526944128660     
   3.5023600000000004        11168.686691526085     
   3.5023700000000004        11168.582411237539     
   3.5023800000000005        11168.685888134361     
   3.5023900000000001        11168.598540239671     
   3.5024000000000002        11168.702851038564     
   3.5024100000000002        11168.607882047661     
   3.5024200000000003        11168.623689483429     
   3.5024300000000004        11168.586197752400     
   3.5024400000000004        11168.580763101103     
   3.5024500000000005        11168.554609481425     
   3.5024600000000001        11168.502916928499     
   3.5024700000000002        11168.531370396031     
   3.5024800000000003        11168.459887041794     
   3.5024900000000003        11168.542154964816     
   3.5025000000000004        11168.490632996300     
   3.5025100000000005        11168.559487463086     
   3.5025200000000001        11168.547203939297     
   3.5025300000000001        11168.636480539075     
   3.5025400000000002        11168.670751763311     
   3.5025500000000003        11168.704296993754     
   3.5025600000000003        11168.710440422974     
   3.5025700000000004        11168.756384374592     
   3.5025800000000005        11168.752680275571     
   3.5025900000000001        11168.799721531024     
   3.5026000000000002        11168.788063933285     
   3.5026100000000002        11168.762644030285     
   3.5026200000000003        11168.779533261568     
   3.5026300000000004        11168.713145340873     
   3.5026400000000004        11168.700546979928     
   3.5026500000000005        11168.676265474616     
   3.5026600000000001        11168.649640455737     
   3.5026700000000002        11168.567053394108     
   3.5026800000000002        11168.685076640686     
   3.5026900000000003        11168.563790689312     
   3.5027000000000004        11168.701700836642     
   3.5027100000000004        11168.637921420630     
   3.5027200000000005        11168.728885162502     
   3.5027300000000001        11168.678609193606     
   3.5027400000000002        11168.755772851702     
   3.5027500000000003        11168.833001914209     
   3.5027600000000003        11168.741155176565     
   3.5027700000000004        11168.924561811247     
   3.5027800000000004        11168.843417076641     
   3.5027900000000001        11168.882501512597     
   3.5028000000000001        11168.911143524629     
   3.5028100000000002        11168.883855533573     
   3.5028200000000003        11168.917936962345     
   3.5028300000000003        11168.839686650063     
   3.5028400000000004        11168.921433393854     
   3.5028500000000005        11168.807006212373     
   3.5028600000000001        11168.864381238478     
   3.5028700000000002        11168.724457472767     
   3.5028800000000002        11168.736656502486     
   3.5028900000000003        11168.621148610613     
   3.5029000000000003        11168.702309013495     
   3.5029100000000004        11168.545185020996     
   3.5029200000000005        11168.673377436544     
   3.5029300000000001        11168.496033302594     
   3.5029400000000002        11168.725411851756     
   3.5029500000000002        11168.452554110034     
   3.5029600000000003        11168.735775507657     
   3.5029700000000004        11168.559876119414     
   3.5029800000000004        11168.753602810688     
   3.5029900000000005        11168.637867426720     
   3.5030000000000001        11168.842406573975     
   3.5030100000000002        11168.726564145594     
   3.5030200000000002        11168.879925081068     
   3.5030300000000003        11168.791800854133     
   3.5030400000000004        11168.914022499630     
   3.5030500000000004        11168.887631700412     
   3.5030600000000005        11168.955025316101     
   3.5030700000000001        11168.889079117243     
   3.5030800000000002        11168.977505742470     
   3.5030900000000003        11168.899230908533     
   3.5031000000000003        11168.938421415411     
   3.5031100000000004        11168.826954666494     
   3.5031200000000005        11168.910470408971     
   3.5031300000000001        11168.840736437400     
   3.5031400000000001        11168.927071196522     
   3.5031500000000002        11168.855421318442     
   3.5031600000000003        11168.918341469094     
   3.5031700000000003        11168.861891738585     
   3.5031800000000004        11168.963373348510     
   3.5031900000000005        11168.888027116496     
   3.5032000000000001        11168.984913820199     
   3.5032100000000002        11168.876796171653     
   3.5032200000000002        11168.970478146157     
   3.5032300000000003        11168.881842549916     
   3.5032400000000004        11168.992386991900     
   3.5032500000000004        11168.860649173663     
   3.5032600000000005        11168.896035718848     
   3.5032700000000001        11168.871206473368     
   3.5032800000000002        11168.875671892098     
   3.5032900000000002        11168.855227517186     
   3.5033000000000003        11168.866413159143     
   3.5033100000000004        11168.852126022732     
   3.5033200000000004        11168.878982573189     
   3.5033300000000005        11168.851720429249     
   3.5033400000000001        11168.800458204490     
   3.5033500000000002        11168.851858402692     
   3.5033600000000003        11168.786863439758     
   3.5033700000000003        11168.802096894096     
   3.5033800000000004        11168.773158428370     
   3.5033900000000004        11168.779019031428     
   3.5034000000000001        11168.768943839586     
   3.5034100000000001        11168.811311578651     
   3.5034200000000002        11168.814019331738     
   3.5034300000000003        11168.793939032774     
   3.5034400000000003        11168.884744198505     
   3.5034500000000004        11168.852127526416     
   3.5034600000000005        11168.921917872713     
   3.5034700000000001        11168.988122862611     
   3.5034800000000001        11168.997731717773     
   3.5034900000000002        11169.075126783535     
   3.5035000000000003        11169.047912445221     
   3.5035100000000003        11169.115770562699     
   3.5035200000000004        11169.061900601508     
   3.5035300000000005        11169.145649844455     
   3.5035400000000001        11169.055063624277     
   3.5035500000000002        11169.153240226373     
   3.5035600000000002        11169.053869548095     
   3.5035700000000003        11169.071946092809     
   3.5035800000000004        11169.029714044727     
   3.5035900000000004        11168.976158986858     
   3.5036000000000005        11169.045838869142     
   3.5036100000000001        11168.953111320669     
   3.5036200000000002        11169.012291201734     
   3.5036300000000002        11168.990403433732     
   3.5036400000000003        11169.030591475506     
   3.5036500000000004        11168.960131623615     
   3.5036600000000004        11169.080565367281     
   3.5036700000000005        11168.961768471161     
   3.5036800000000001        11169.179113290575     
   3.5036900000000002        11168.972016753120     
   3.5037000000000003        11169.238788575884     
   3.5037100000000003        11169.003332827133     
   3.5037200000000004        11169.256266303122     
   3.5037300000000005        11169.036423584726     
   3.5037400000000001        11169.259537675947     
   3.5037500000000001        11169.028977855551     
   3.5037600000000002        11169.257583601535     
   3.5037700000000003        11168.985886641283     
   3.5037800000000003        11169.178486951188     
   3.5037900000000004        11168.995627756040     
   3.5038000000000005        11169.084700057841     
   3.5038100000000001        11168.922789477696     
   3.5038200000000002        11169.132195467828     
   3.5038300000000002        11168.943079409049     
   3.5038400000000003        11169.057180228865     
   3.5038500000000004        11168.961522145280     
   3.5038600000000004        11169.022861991689     
   3.5038700000000005        11168.922578859325     
   3.5038800000000001        11168.971119798029     
   3.5038900000000002        11168.937978741920     
   3.5039000000000002        11168.983401952441     
   3.5039100000000003        11168.949847899059     
   3.5039200000000004        11168.920814234472     
   3.5039300000000004        11168.992324371546     
   3.5039400000000005        11168.987590077708     
   3.5039500000000001        11169.059732564709     
   3.5039600000000002        11168.920174671179     
   3.5039700000000003        11169.016543142572     
   3.5039800000000003        11168.970723000955     
   3.5039900000000004        11169.079866418699     
   3.5040000000000004        11169.001691466683     
   3.5040100000000001        11169.060963994423     
   3.5040200000000001        11168.984351345283     
   3.5040300000000002        11169.071688501526     
   3.5040400000000003        11168.986927302640     
   3.5040500000000003        11169.124332614427     
   3.5040600000000004        11168.970773105610     
   3.5040700000000005        11169.185177217074     
   3.5040800000000001        11168.984097045413     
   3.5040900000000001        11169.204399654378     
   3.5041000000000002        11169.031640798339     
   3.5041100000000003        11169.232284463109     
   3.5041200000000003        11169.127413217388     
   3.5041300000000004        11169.253518948824     
   3.5041400000000005        11169.147835752132     
   3.5041500000000001        11169.282762905239     
   3.5041600000000002        11169.133067845623     
   3.5041700000000002        11169.285974039271     
   3.5041800000000003        11169.156291471414     
   3.5041900000000004        11169.203809569599     
   3.5042000000000004        11169.218036285953     
   3.5042100000000005        11169.168811757119     
   3.5042200000000001        11169.180217535988     
   3.5042300000000002        11169.108505622902     
   3.5042400000000002        11169.155889255468     
   3.5042500000000003        11169.059872521175     
   3.5042600000000004        11169.140967293328     
   3.5042700000000004        11169.061266829558     
   3.5042800000000005        11169.150670546263     
   3.5042900000000001        11169.059158239343     
   3.5043000000000002        11169.158625361486     
   3.5043100000000003        11169.126457324355     
   3.5043200000000003        11169.188890042878     
   3.5043300000000004        11169.158610636014     
   3.5043400000000005        11169.284781398466     
   3.5043500000000001        11169.182558973971     
   3.5043600000000001        11169.285493788690     
   3.5043700000000002        11169.193992191933     
   3.5043800000000003        11169.273209460800     
   3.5043900000000003        11169.179752192309     
   3.5044000000000004        11169.247787161763     
   3.5044100000000005        11169.186200931652     
   3.5044200000000001        11169.212604291328     
   3.5044300000000002        11169.207131238161     
   3.5044400000000002        11169.149906469778     
   3.5044500000000003        11169.204148401497     
   3.5044600000000004        11169.115531045478     
   3.5044700000000004        11169.146433155702     
   3.5044800000000005        11169.046685200563     
   3.5044900000000001        11169.083108919514     
   3.5045000000000002        11169.065169812106     
   3.5045100000000002        11169.059023823389     
   3.5045200000000003        11169.064338742095     
   3.5045300000000004        11169.063527127448     
   3.5045400000000004        11169.021340623598     
   3.5045500000000005        11169.078165409037     
   3.5045600000000001        11169.022497699320     
   3.5045700000000002        11169.092742604471     
   3.5045800000000003        11169.103702952310     
   3.5045900000000003        11169.077205584204     
   3.5046000000000004        11169.148552269096     
   3.5046100000000004        11169.127217057265     
   3.5046200000000001        11169.128395449654     
   3.5046300000000001        11169.188057668935     
   3.5046400000000002        11169.141681116444     
   3.5046500000000003        11169.249342518795     
   3.5046600000000003        11169.178924090373     
   3.5046700000000004        11169.221739321019     
   3.5046800000000005        11169.225685130927     
   3.5046900000000001        11169.200318717407     
   3.5047000000000001        11169.214183828941     
   3.5047100000000002        11169.242264741182     
   3.5047200000000003        11169.227301994613     
   3.5047300000000003        11169.232271016948     
   3.5047400000000004        11169.206006998411     
   3.5047500000000005        11169.222644420539     
   3.5047600000000001        11169.185423598572     
   3.5047700000000002        11169.213216573407     
   3.5047800000000002        11169.177370457150     
   3.5047900000000003        11169.116600717298     
   3.5048000000000004        11169.191595678469     
   3.5048100000000004        11169.051192827195     
   3.5048200000000005        11169.143274566419     
   3.5048300000000001        11169.070447082488     
   3.5048400000000002        11169.100161874996     
   3.5048500000000002        11169.077020393894     
   3.5048600000000003        11169.140203952833     
   3.5048700000000004        11169.072254042863     
   3.5048800000000004        11169.157099028052     
   3.5048900000000005        11169.088136510425     
   3.5049000000000001        11169.153070981452     
   3.5049100000000002        11169.139487803675     
   3.5049200000000003        11169.167487031564     
   3.5049300000000003        11169.236132685501     
   3.5049400000000004        11169.247958534161     
   3.5049500000000005        11169.258339118544     
   3.5049600000000001        11169.301331620063     
   3.5049700000000001        11169.271284796494     
   3.5049800000000002        11169.321935692842     
   3.5049900000000003        11169.252717795478     
   3.5050000000000003        11169.283069115540     
   3.5050100000000004        11169.257965045497     
   3.5050200000000005        11169.258293779987     
   3.5050300000000001        11169.250476237859     
   3.5050400000000002        11169.213029228767     
   3.5050500000000002        11169.177513200959     
   3.5050600000000003        11169.176901801815     
   3.5050700000000004        11169.096645103686     
   3.5050800000000004        11169.120925881831     
   3.5050900000000005        11169.052113264026     
   3.5051000000000001        11169.111938944898     
   3.5051100000000002        11169.010583166966     
   3.5051200000000002        11169.160234055105     
   3.5051300000000003        11168.992960744166     
   3.5051400000000004        11169.138594800423     
   3.5051500000000004        11169.049699352650     
   3.5051600000000005        11169.187960252084     
   3.5051700000000001        11169.087406328204     
   3.5051800000000002        11169.193235216819     
   3.5051900000000002        11169.132064348023     
   3.5052000000000003        11169.167740057090     
   3.5052100000000004        11169.165570956868     
   3.5052200000000004        11169.196751015254     
   3.5052300000000001        11169.188389890265     
   3.5052400000000001        11169.225602855595     
   3.5052500000000002        11169.215242832801     
   3.5052600000000003        11169.174340754729     
   3.5052700000000003        11169.209751834533     
   3.5052800000000004        11169.183914033911     
   3.5052900000000005        11169.293820839795     
   3.5053000000000001        11169.166985023774     
   3.5053100000000001        11169.295238842369     
   3.5053200000000002        11169.171021261496     
   3.5053300000000003        11169.294278367335     
   3.5053400000000003        11169.146655651006     
   3.5053500000000004        11169.259139395801     
   3.5053600000000005        11169.163584024574     
   3.5053700000000001        11169.296016114538     
   3.5053800000000002        11169.187598979970     
   3.5053900000000002        11169.352333016725     
   3.5054000000000003        11169.172427378815     
   3.5054100000000004        11169.375900873431     
   3.5054200000000004        11169.220330399930     
   3.5054300000000005        11169.377058078575     
   3.5054400000000001        11169.210067540029     
   3.5054500000000002        11169.397145743898     
   3.5054600000000002        11169.221260436219     
   3.5054700000000003        11169.370934123892     
   3.5054800000000004        11169.165803540660     
   3.5054900000000004        11169.339351664150     
   3.5055000000000005        11169.153703605558     
   3.5055100000000001        11169.315828011357     
   3.5055200000000002        11169.196809720015     
   3.5055300000000003        11169.269676085634     
   3.5055400000000003        11169.218761758901     
   3.5055500000000004        11169.229859040930     
   3.5055600000000005        11169.205828837175     
   3.5055700000000001        11169.221286817279     
   3.5055800000000001        11169.225250641866     
   3.5055900000000002        11169.219291115967     
   3.5056000000000003        11169.267830551684     
   3.5056100000000003        11169.205831409625     
   3.5056200000000004        11169.264346043188     
   3.5056300000000005        11169.249469180058     
   3.5056400000000001        11169.287072928526     
   3.5056500000000002        11169.304685088653     
   3.5056600000000002        11169.275630810986     
   3.5056700000000003        11169.375184028084     
   3.5056800000000004        11169.341382290815     
   3.5056900000000004        11169.397372311205     
   3.5057000000000005        11169.404729707316     
   3.5057100000000001        11169.432435934901     
   3.5057200000000002        11169.416761371733     
   3.5057300000000002        11169.434826403960     
   3.5057400000000003        11169.387661227807     
   3.5057500000000004        11169.402328883123     
   3.5057600000000004        11169.373058559253     
   3.5057700000000005        11169.324008073227     
   3.5057800000000001        11169.371388222356     
   3.5057900000000002        11169.260367606965     
   3.5058000000000002        11169.327204837205     
   3.5058100000000003        11169.280893205263     
   3.5058200000000004        11169.397873354827     
   3.5058300000000004        11169.305828304674     
   3.5058400000000001        11169.416241185374     
   3.5058500000000001        11169.355290287884     
   3.5058600000000002        11169.482371325690     
   3.5058700000000003        11169.507722645929     
   3.5058800000000003        11169.527374567286     
   3.5058900000000004        11169.620303115125     
   3.5059000000000005        11169.560093127173     
   3.5059100000000001        11169.632028862376     
   3.5059200000000001        11169.642165838664     
   3.5059300000000002        11169.633073967525     
   3.5059400000000003        11169.664110468857     
   3.5059500000000003        11169.653088951907     
   3.5059600000000004        11169.614023233951     
   3.5059700000000005        11169.619471082680     
   3.5059800000000001        11169.657318253467     
   3.5059900000000002        11169.600627110563     
   3.5060000000000002        11169.637423712165     
   3.5060100000000003        11169.593907624660     
   3.5060200000000004        11169.618371844026     
   3.5060300000000004        11169.580902720092     
   3.5060400000000005        11169.606977761447     
   3.5060500000000001        11169.555525718941     
   3.5060600000000002        11169.536951309543     
   3.5060700000000002        11169.586674693021     
   3.5060800000000003        11169.514892072397     
   3.5060900000000004        11169.638385469007     
   3.5061000000000004        11169.524818222511     
   3.5061100000000005        11169.685180983344     
   3.5061200000000001        11169.550898823803     
   3.5061300000000002        11169.634248530294     
   3.5061400000000003        11169.611184305841     
   3.5061500000000003        11169.663234907981     
   3.5061600000000004        11169.614090988984     
   3.5061700000000005        11169.682776831443     
   3.5061800000000001        11169.633476528577     
   3.5061900000000001        11169.642064192436     
   3.5062000000000002        11169.671319401206     
   3.5062100000000003        11169.570227767339     
   3.5062200000000003        11169.635038177645     
   3.5062300000000004        11169.578327974617     
   3.5062400000000005        11169.617951440445     
   3.5062500000000001        11169.519576585537     
   3.5062600000000002        11169.597482265010     
   3.5062700000000002        11169.521977908162     
   3.5062800000000003        11169.615268439127     
   3.5062900000000004        11169.503112074259     
   3.5063000000000004        11169.590246742753     
   3.5063100000000005        11169.566834123658     
   3.5063200000000001        11169.617920615507     
   3.5063300000000002        11169.600053082986     
   3.5063400000000002        11169.630261727481     
   3.5063500000000003        11169.627076828043     
   3.5063600000000004        11169.667722879010     
   3.5063700000000004        11169.660838278796     
   3.5063800000000005        11169.724129038017     
   3.5063900000000001        11169.662579399826     
   3.5064000000000002        11169.771842575312     
   3.5064100000000002        11169.663201861216     
   3.5064200000000003        11169.758997476943     
   3.5064300000000004        11169.652588060861     
   3.5064400000000004        11169.771138254269     
   3.5064500000000001        11169.662015096819     
   3.5064600000000001        11169.758605248862     
   3.5064700000000002        11169.624200980941     
   3.5064800000000003        11169.670014359335     
   3.5064900000000003        11169.608656102788     
   3.5065000000000004        11169.578402353560     
   3.5065100000000005        11169.651205987624     
   3.5065200000000001        11169.509382039188     
   3.5065300000000001        11169.597131647190     
   3.5065400000000002        11169.493476490275     
   3.5065500000000003        11169.650524220771     
   3.5065600000000003        11169.548575614937     
   3.5065700000000004        11169.638252981462     
   3.5065800000000005        11169.599031075546     
   3.5065900000000001        11169.672603479994     
   3.5066000000000002        11169.684413273504     
   3.5066100000000002        11169.677318985487     
   3.5066200000000003        11169.728591559804     
   3.5066300000000004        11169.655909642483     
   3.5066400000000004        11169.755598022366     
   3.5066500000000005        11169.724114734752     
   3.5066600000000001        11169.727272805863     
   3.5066700000000002        11169.744155493532     
   3.5066800000000002        11169.742189680819     
   3.5066900000000003        11169.722410374245     
   3.5067000000000004        11169.772076942276     
   3.5067100000000004        11169.734610645251     
   3.5067200000000005        11169.760330322470     
   3.5067300000000001        11169.727882499848     
   3.5067400000000002        11169.738858032026     
   3.5067500000000003        11169.691948327874     
   3.5067600000000003        11169.699059602513     
   3.5067700000000004        11169.618738741356     
   3.5067800000000005        11169.637171754424     
   3.5067900000000001        11169.583683313040     
   3.5068000000000001        11169.575865898485     
   3.5068100000000002        11169.530735017332     
   3.5068200000000003        11169.469924682999     
   3.5068300000000003        11169.545853592343     
   3.5068400000000004        11169.463998707701     
   3.5068500000000005        11169.512815437429     
   3.5068600000000001        11169.472903811200     
   3.5068700000000002        11169.546088569106     
   3.5068800000000002        11169.525036292047     
   3.5068900000000003        11169.560365167727     
   3.5069000000000004        11169.582404334347     
   3.5069100000000004        11169.583683443981     
   3.5069200000000005        11169.604396556339     
   3.5069300000000001        11169.633458161999     
   3.5069400000000002        11169.621399676487     
   3.5069500000000002        11169.641465368521     
   3.5069600000000003        11169.684713947290     
   3.5069700000000004        11169.671036612644     
   3.5069800000000004        11169.699049884199     
   3.5069900000000005        11169.720143783570     
   3.5070000000000001        11169.746498158240     
   3.5070100000000002        11169.782850317799     
   3.5070200000000002        11169.792891262407     
   3.5070300000000003        11169.843025312954     
   3.5070400000000004        11169.783694435544     
   3.5070500000000004        11169.855560349086     
   3.5070600000000001        11169.762616616499     
   3.5070700000000001        11169.841258291974     
   3.5070800000000002        11169.755318685133     
   3.5070900000000003        11169.864117339468     
   3.5071000000000003        11169.698654511529     
   3.5071100000000004        11169.786929387350     
   3.5071200000000005        11169.674122628683     
   3.5071300000000001        11169.700572013577     
   3.5071400000000001        11169.602751774479     
   3.5071500000000002        11169.628837675575     
   3.5071600000000003        11169.584715064724     
   3.5071700000000003        11169.552142642959     
   3.5071800000000004        11169.500689018112     
   3.5071900000000005        11169.525823275046     
   3.5072000000000001        11169.464996395667     
   3.5072100000000002        11169.510795106546     
   3.5072200000000002        11169.460475792428     
   3.5072300000000003        11169.465343315871     
   3.5072400000000004        11169.465922763646     
   3.5072500000000004        11169.566537321736     
   3.5072600000000005        11169.478059638815     
   3.5072700000000001        11169.638981139718     
   3.5072800000000002        11169.560504660316     
   3.5072900000000002        11169.687671899183     
   3.5073000000000003        11169.631548973324     
   3.5073100000000004        11169.754485137537     
   3.5073200000000004        11169.722635492044     
   3.5073300000000005        11169.836358365263     
   3.5073400000000001        11169.814359507287     
   3.5073500000000002        11169.869104749101     
   3.5073600000000003        11169.860377030971     
   3.5073700000000003        11169.899923964589     
   3.5073800000000004        11169.875392514852     
   3.5073900000000005        11169.862118199173     
   3.5074000000000001        11169.872888041711     
   3.5074100000000001        11169.810000222857     
   3.5074200000000002        11169.875043250067     
   3.5074300000000003        11169.776621403676     
   3.5074400000000003        11169.876056356903     
   3.5074500000000004        11169.785097805787     
   3.5074600000000005        11169.848726649683     
   3.5074700000000001        11169.799489806161     
   3.5074800000000002        11169.809766774202     
   3.5074900000000002        11169.719110062670     
   3.5075000000000003        11169.782306946132     
   3.5075100000000003        11169.692655587656     
   3.5075200000000004        11169.731403692425     
   3.5075300000000005        11169.653553718368     
   3.5075400000000001        11169.674041174820     
   3.5075500000000002        11169.613771443343     
   3.5075600000000002        11169.602509912767     
   3.5075700000000003        11169.547035311718     
   3.5075800000000004        11169.564870988230     
   3.5075900000000004        11169.536199335882     
   3.5076000000000005        11169.540469903366     
   3.5076100000000001        11169.521916404896     
   3.5076200000000002        11169.544554744905     
   3.5076300000000002        11169.486428810473     
   3.5076400000000003        11169.574507771138     
   3.5076500000000004        11169.534840037300     
   3.5076600000000004        11169.584218387346     
   3.5076700000000001        11169.506393893203     
   3.5076800000000001        11169.627284590146     
   3.5076900000000002        11169.592392284938     
   3.5077000000000003        11169.679337368829     
   3.5077100000000003        11169.630168057784     
   3.5077200000000004        11169.704824604409     
   3.5077300000000005        11169.695955432167     
   3.5077400000000001        11169.720735579132     
   3.5077500000000001        11169.706748618386     
   3.5077600000000002        11169.812230036763     
   3.5077700000000003        11169.726715754028     
   3.5077800000000003        11169.832279342239     
   3.5077900000000004        11169.766630998827     
   3.5078000000000005        11169.808037756877     
   3.5078100000000001        11169.794704711117     
   3.5078200000000002        11169.779889833637     
   3.5078300000000002        11169.782887657264     
   3.5078400000000003        11169.751578294845     
   3.5078500000000004        11169.726980537145     
   3.5078600000000004        11169.724336754387     
   3.5078700000000005        11169.695416144181     
   3.5078800000000001        11169.699185232470     
   3.5078900000000002        11169.677898250224     
   3.5079000000000002        11169.658642551480     
   3.5079100000000003        11169.672686590586     
   3.5079200000000004        11169.650551386670     
   3.5079300000000004        11169.681093482994     
   3.5079400000000005        11169.604730412213     
   3.5079500000000001        11169.681992758329     
   3.5079600000000002        11169.593270690933     
   3.5079700000000003        11169.666294767545     
   3.5079800000000003        11169.584950219130     
   3.5079900000000004        11169.632395097677     
   3.5080000000000005        11169.574322359587     
   3.5080100000000001        11169.590142401654     
   3.5080200000000001        11169.584469434960     
   3.5080300000000002        11169.577511993546     
   3.5080400000000003        11169.531714828632     
   3.5080500000000003        11169.603609364238     
   3.5080600000000004        11169.546903380529     
   3.5080700000000005        11169.608729513395     
   3.5080800000000001        11169.567267942923     
   3.5080900000000002        11169.613096352123     
   3.5081000000000002        11169.610350108027     
   3.5081100000000003        11169.634307528093     
   3.5081200000000003        11169.642189451419     
   3.5081300000000004        11169.682370322527     
   3.5081400000000005        11169.664884241991     
   3.5081500000000001        11169.689211796593     
   3.5081600000000002        11169.714583685069     
   3.5081700000000002        11169.718197492111     
   3.5081800000000003        11169.731417533105     
   3.5081900000000004        11169.729342881736     
   3.5082000000000004        11169.717909911118     
   3.5082100000000005        11169.732813006562     
   3.5082200000000001        11169.697806991022     
   3.5082300000000002        11169.697069979195     
   3.5082400000000002        11169.646149427243     
   3.5082500000000003        11169.584792582971     
   3.5082600000000004        11169.633547260151     
   3.5082700000000004        11169.519194564342     
   3.5082800000000001        11169.638388419915     
   3.5082900000000001        11169.536941151822     
   3.5083000000000002        11169.604307174428     
   3.5083100000000003        11169.499409663262     
   3.5083200000000003        11169.642294618508     
   3.5083300000000004        11169.511478410253     
   3.5083400000000005        11169.641138155646     
   3.5083500000000001        11169.522944240154     
   3.5083600000000001        11169.623930393420     
   3.5083700000000002        11169.517896721989     
   3.5083800000000003        11169.632467378296     
   3.5083900000000003        11169.477151442034     
   3.5084000000000004        11169.611182739884     
   3.5084100000000005        11169.431605216412     
   3.5084200000000001        11169.540772210805     
   3.5084300000000002        11169.413313434026     
   3.5084400000000002        11169.516444519679     
   3.5084500000000003        11169.420012324415     
   3.5084600000000004        11169.553805859356     
   3.5084700000000004        11169.412315276033     
   3.5084800000000005        11169.570941327836     
   3.5084900000000001        11169.421034261408     
   3.5085000000000002        11169.598207101581     
   3.5085100000000002        11169.441511151235     
   3.5085200000000003        11169.582942221583     
   3.5085300000000004        11169.470463775464     
   3.5085400000000004        11169.562345084169     
   3.5085500000000005        11169.477020568986     
   3.5085600000000001        11169.542075076530     
   3.5085700000000002        11169.475546120262     
   3.5085800000000003        11169.548523651742     
   3.5085900000000003        11169.445872841996     
   3.5086000000000004        11169.559442248581     
   3.5086100000000005        11169.450705218756     
   3.5086200000000001        11169.499755437328     
   3.5086300000000001        11169.448995447694     
   3.5086400000000002        11169.455718137802     
   3.5086500000000003        11169.423702948663     
   3.5086600000000003        11169.470392866959     
   3.5086700000000004        11169.394895447187     
   3.5086800000000005        11169.457206715302     
   3.5086900000000001        11169.403605588854     
   3.5087000000000002        11169.458549429924     
   3.5087100000000002        11169.402224473506     
   3.5087200000000003        11169.446771863031     
   3.5087300000000003        11169.423943855007     
   3.5087400000000004        11169.465079513649     
   3.5087500000000005        11169.433452078472     
   3.5087600000000001        11169.461115217868     
   3.5087700000000002        11169.449084235301     
   3.5087800000000002        11169.429909624763     
   3.5087900000000003        11169.454411473900     
   3.5088000000000004        11169.423683748633     
   3.5088100000000004        11169.430548719844     
   3.5088200000000005        11169.406369411316     
   3.5088300000000001        11169.382196150715     
   3.5088400000000002        11169.381237528365     
   3.5088500000000002        11169.350374981315     
   3.5088600000000003        11169.349899500257     
   3.5088700000000004        11169.329954214014     
   3.5088800000000004        11169.314685576895     
   3.5088900000000005        11169.294733744600     
   3.5089000000000001        11169.290367561116     
   3.5089100000000002        11169.295808812250     
   3.5089200000000003        11169.270807947198     
   3.5089300000000003        11169.294719237419     
   3.5089400000000004        11169.268823285118     
   3.5089500000000005        11169.316279198652     
   3.5089600000000001        11169.280242068602     
   3.5089700000000001        11169.310206986594     
   3.5089800000000002        11169.293842253363     
   3.5089900000000003        11169.293449868284     
   3.5090000000000003        11169.291221397056     
   3.5090100000000004        11169.308856022635     
   3.5090200000000005        11169.268260259600     
   3.5090300000000001        11169.314580360549     
   3.5090400000000002        11169.259707174351     
   3.5090500000000002        11169.315571105411     
   3.5090600000000003        11169.273603896892     
   3.5090700000000004        11169.315142660114     
   3.5090800000000004        11169.276756148709     
   3.5090900000000005        11169.305881008569     
   3.5091000000000001        11169.263596749486     
   3.5091100000000002        11169.300788162758     
   3.5091200000000002        11169.271369873799     
   3.5091300000000003        11169.304194225553     
   3.5091400000000004        11169.260710728282     
   3.5091500000000004        11169.280397319046     
   3.5091600000000005        11169.257202104960     
   3.5091700000000001        11169.287568710944     
   3.5091800000000002        11169.244239095566     
   3.5091900000000003        11169.278551808706     
   3.5092000000000003        11169.240466154328     
   3.5092100000000004        11169.290576452402     
   3.5092200000000005        11169.249240375284     
   3.5092300000000001        11169.278122489795     
   3.5092400000000001        11169.258631393383     
   3.5092500000000002        11169.265203101239     
   3.5092600000000003        11169.270200959094     
   3.5092700000000003        11169.265865241894     
   3.5092800000000004        11169.269953719635     
   3.5092900000000005        11169.252541055053     
   3.5093000000000001        11169.268814551839     
   3.5093100000000002        11169.253291918623     
   3.5093200000000002        11169.268235870155     
   3.5093300000000003        11169.253450745471     
   3.5093400000000003        11169.260254388772     
   3.5093500000000004        11169.252643351927     
   3.5093600000000005        11169.248952664315     
   3.5093700000000001        11169.253610639325     
   3.5093800000000002        11169.251044563583     
   3.5093900000000002        11169.254809190936     
   3.5094000000000003        11169.233680358560     
   3.5094100000000004        11169.257012833526     
   3.5094200000000004        11169.230552176137     
   3.5094300000000005        11169.225309424917     
   3.5094400000000001        11169.217240345528     
   3.5094500000000002        11169.221399185795     
   3.5094600000000002        11169.202264736365     
   3.5094700000000003        11169.224653122197     
   3.5094800000000004        11169.200412484975     
   3.5094900000000004        11169.195362634184     
   3.5095000000000005        11169.214629045753     
   3.5095100000000001        11169.174297260657     
   3.5095200000000002        11169.186737252061     
   3.5095300000000003        11169.178682730408     
   3.5095400000000003        11169.170022740642     
   3.5095500000000004        11169.168923811185     
   3.5095600000000005        11169.177332162013     
   3.5095700000000001        11169.185372465407     
   3.5095800000000001        11169.154268359105     
   3.5095900000000002        11169.195904083834     
   3.5096000000000003        11169.166295210376     
   3.5096100000000003        11169.216117195963     
   3.5096200000000004        11169.158498109638     
   3.5096300000000005        11169.222647460152     
   3.5096400000000001        11169.172096331975     
   3.5096500000000002        11169.211718313125     
   3.5096600000000002        11169.174780722102     
   3.5096700000000003        11169.212817233725     
   3.5096800000000004        11169.161473301092     
   3.5096900000000004        11169.191076370929     
   3.5097000000000005        11169.174039033976     
   3.5097100000000001        11169.169218613646     
   3.5097200000000002        11169.172167066657     
   3.5097300000000002        11169.145878660085     
   3.5097400000000003        11169.183709185445     
   3.5097500000000004        11169.125760255127     
   3.5097600000000004        11169.190328068094     
   3.5097700000000005        11169.117292531169     
   3.5097800000000001        11169.192526126582     
   3.5097900000000002        11169.123333070393     
   3.5098000000000003        11169.170946628452     
   3.5098100000000003        11169.117319346580     
   3.5098200000000004        11169.164182323648     
   3.5098300000000004        11169.122908573079     
   3.5098400000000001        11169.145535490750     
   3.5098500000000001        11169.114726349251     
   3.5098600000000002        11169.138374767275     
   3.5098700000000003        11169.109782592448     
   3.5098800000000003        11169.139593124599     
   3.5098900000000004        11169.104254375969     
   3.5099000000000005        11169.118023010466     
   3.5099100000000001        11169.107721341026     
   3.5099200000000002        11169.122994265830     
   3.5099300000000002        11169.092981545577     
   3.5099400000000003        11169.108515454611     
   3.5099500000000003        11169.081472361959     
   3.5099600000000004        11169.104168321708     
   3.5099700000000005        11169.060119857158     
   3.5099800000000001        11169.100713913505     
   3.5099900000000002        11169.052613985679     
   3.5100000000000002        11169.082427884519     
