   3.5000000000000004        2.6685735551169216     
   3.5000100000000001        2.6554531181402625     
   3.5000200000000001        2.6575869309155955     
   3.5000300000000002        2.6484352992482214     
   3.5000400000000003        2.6541521120937857     
   3.5000500000000003        2.6453655894556456     
   3.5000600000000004        2.6487988888982463     
   3.5000700000000005        2.6521050278360923     
   3.5000800000000001        2.6676318650456992     
   3.5000900000000001        2.6762623932591820     
   3.5001000000000002        2.6947047396925403     
   3.5001100000000003        2.7052230946928773     
   3.5001200000000003        2.7265043542661185     
   3.5001300000000004        2.7367069552778234     
   3.5001400000000005        2.7555802494749488     
   3.5001500000000001        2.7703444678609563     
   3.5001600000000002        2.7830758219755749     
   3.5001700000000002        2.7853523274395102     
   3.5001800000000003        2.7874682298781468     
   3.5001900000000004        2.7938942593255254     
   3.5002000000000004        2.7912175890215329     
   3.5002100000000005        2.7967617521839960     
   3.5002200000000001        2.7943352860662416     
   3.5002300000000002        2.8057613774794046     
   3.5002400000000002        2.8061517570651429     
   3.5002500000000003        2.8140861871110072     
   3.5002600000000004        2.8269485050036693     
   3.5002700000000004        2.8449827465528830     
   3.5002800000000005        2.8489717826312315     
   3.5002900000000001        2.8657156413152745     
   3.5003000000000002        2.8745022386618766     
   3.5003100000000003        2.9006499790435405     
   3.5003200000000003        2.9014201289675876     
   3.5003300000000004        2.9040435209777460     
   3.5003400000000005        2.9067924153387881     
   3.5003500000000001        2.9097116385871535     
   3.5003600000000001        2.9046361478303107     
   3.5003700000000002        2.9053946866995650     
   3.5003800000000003        2.8971673665667148     
   3.5003900000000003        2.8969984142148335     
   3.5004000000000004        2.8859166797462588     
   3.5004100000000005        2.8890820203175851     
   3.5004200000000001        2.8873560473113926     
   3.5004300000000002        2.8907729076821238     
   3.5004400000000002        2.8854602393472337     
   3.5004500000000003        2.8853019486560010     
   3.5004600000000003        2.8855983246076278     
   3.5004700000000004        2.8996755172534967     
   3.5004800000000005        2.8853600046016723     
   3.5004900000000001        2.8927309422394156     
   3.5005000000000002        2.8679658115141420     
   3.5005100000000002        2.8668229959902845     
   3.5005200000000003        2.8424251648149212     
   3.5005300000000004        2.8370077228208754     
   3.5005400000000004        2.8222487165957260     
   3.5005500000000005        2.8288415770370148     
   3.5005600000000001        2.8137870393083317     
   3.5005700000000002        2.8319697305299165     
   3.5005800000000002        2.8286059848473593     
   3.5005900000000003        2.8522885086787486     
   3.5006000000000004        2.8499708435315561     
   3.5006100000000004        2.8755091566729303     
   3.5006200000000001        2.8662608884402316     
   3.5006300000000001        2.8913128216667054     
   3.5006400000000002        2.8939306122613866     
   3.5006500000000003        2.9128432017351855     
   3.5006600000000003        2.9128084115376693     
   3.5006700000000004        2.9257355482405707     
   3.5006800000000005        2.9311896945248486     
   3.5006900000000001        2.9358823759364103     
   3.5007000000000001        2.9542891066852142     
   3.5007100000000002        2.9749359123568362     
   3.5007200000000003        2.9854070494489964     
   3.5007300000000003        2.9981829069239856     
   3.5007400000000004        3.0051817405725436     
   3.5007500000000005        3.0280281851201059     
   3.5007600000000001        3.0431537442405960     
   3.5007700000000002        3.0665343717776299     
   3.5007800000000002        3.0711621620646756     
   3.5007900000000003        3.0909702529087659     
   3.5008000000000004        3.0966150526648044     
   3.5008100000000004        3.1143342165297301     
   3.5008200000000005        3.1044742565546271     
   3.5008300000000001        3.1050997834602749     
   3.5008400000000002        3.0854757999334397     
   3.5008500000000002        3.0815106430542571     
   3.5008600000000003        3.0483991699775697     
   3.5008700000000004        3.0361559060968215     
   3.5008800000000004        3.0143236301092018     
   3.5008900000000005        2.9995224730685925     
   3.5009000000000001        2.9740649287580005     
   3.5009100000000002        2.9570492286329135     
   3.5009200000000003        2.9517544487800231     
   3.5009300000000003        2.9460521661565333     
   3.5009400000000004        2.9414450152156135     
   3.5009500000000005        2.9303725894901431     
   3.5009600000000001        2.9372474514143758     
   3.5009700000000001        2.9421898908822386     
   3.5009800000000002        2.9425851087008770     
   3.5009900000000003        2.9492183783928283     
   3.5010000000000003        2.9541084101940869     
   3.5010100000000004        2.9740192336502020     
   3.5010200000000005        2.9772409456601343     
   3.5010300000000001        2.9900880144151922     
   3.5010400000000002        3.0046989932948844     
   3.5010500000000002        3.0160747510740165     
   3.5010600000000003        3.0322442832609280     
   3.5010700000000003        3.0369457594600928     
   3.5010800000000004        3.0302122743885023     
   3.5010900000000005        3.0387588870131399     
   3.5011000000000001        3.0354283000355466     
   3.5011100000000002        3.0407893341198546     
   3.5011200000000002        3.0474063198637591     
   3.5011300000000003        3.0533357587525400     
   3.5011400000000004        3.0483707760236043     
   3.5011500000000004        3.0588791124320514     
   3.5011600000000005        3.0702913772349190     
   3.5011700000000001        3.0828914413981958     
   3.5011800000000002        3.0793603816572688     
   3.5011900000000002        3.0904816085578384     
   3.5012000000000003        3.0927449619487706     
   3.5012100000000004        3.1031280954628491     
   3.5012200000000004        3.1077088703545885     
   3.5012300000000001        3.1180914322426143     
   3.5012400000000001        3.1163090864660270     
   3.5012500000000002        3.1139780018413137     
   3.5012600000000003        3.0960534435396752     
   3.5012700000000003        3.0897952429480831     
   3.5012800000000004        3.0777437835053090     
   3.5012900000000005        3.0663392315592626     
   3.5013000000000001        3.0531415820836161     
   3.5013100000000001        3.0605723349192333     
   3.5013200000000002        3.0378249215441819     
   3.5013300000000003        3.0386021297397474     
   3.5013400000000003        3.0205638429520367     
   3.5013500000000004        3.0305730590748357     
   3.5013600000000005        3.0288611158633927     
   3.5013700000000001        3.0474578649946884     
   3.5013800000000002        3.0384875834648102     
   3.5013900000000002        3.0665785759368931     
   3.5014000000000003        3.0582499283241136     
   3.5014100000000004        3.0844744751423385     
   3.5014200000000004        3.0779156667249596     
   3.5014300000000005        3.1046898257860120     
   3.5014400000000001        3.1069731619411440     
   3.5014500000000002        3.1278205648883040     
   3.5014600000000002        3.1346165418264889     
   3.5014700000000003        3.1389591593756521     
   3.5014800000000004        3.1230021465425315     
   3.5014900000000004        3.1142275417212546     
   3.5015000000000005        3.1041252124336198     
   3.5015100000000001        3.0882368236535416     
   3.5015200000000002        3.0721548533680565     
   3.5015300000000003        3.0486685623609957     
   3.5015400000000003        3.0388501693135570     
   3.5015500000000004        3.0285909868616057     
   3.5015600000000004        3.0289332924785626     
   3.5015700000000001        3.0274186923934927     
   3.5015800000000001        3.0320477728760933     
   3.5015900000000002        3.0420223708273495     
   3.5016000000000003        3.0498141056339074     
   3.5016100000000003        3.0554668187007001     
   3.5016200000000004        3.0730692274303082     
   3.5016300000000005        3.0897975575176404     
   3.5016400000000001        3.0964399996858178     
   3.5016500000000002        3.1128631288136828     
   3.5016600000000002        3.1217074139681098     
   3.5016700000000003        3.1397926847483211     
   3.5016800000000003        3.1618301504993287     
   3.5016900000000004        3.1716730027980820     
   3.5017000000000005        3.1883347857443733     
   3.5017100000000001        3.1960440987909142     
   3.5017200000000002        3.2075944838378816     
   3.5017300000000002        3.2219189501059526     
   3.5017400000000003        3.2352413766112860     
   3.5017500000000004        3.2457727359464070     
   3.5017600000000004        3.2527043504944255     
   3.5017700000000005        3.2492199826359056     
   3.5017800000000001        3.2691129015011118     
   3.5017900000000002        3.2651955631682208     
   3.5018000000000002        3.2671828307550470     
   3.5018100000000003        3.2549734060642597     
   3.5018200000000004        3.2552008192091964     
   3.5018300000000004        3.2398269821441414     
   3.5018400000000005        3.2144366314169193     
   3.5018500000000001        3.2002860807083051     
   3.5018600000000002        3.1906354129337444     
   3.5018700000000003        3.1696565001486721     
   3.5018800000000003        3.1656428316315166     
   3.5018900000000004        3.1460090724191274     
   3.5019000000000005        3.1572738902190527     
   3.5019100000000001        3.1485560249371352     
   3.5019200000000001        3.1691271327580464     
   3.5019300000000002        3.1720931153223422     
   3.5019400000000003        3.1911338473745570     
   3.5019500000000003        3.2127260473801447     
   3.5019600000000004        3.2251193383400723     
   3.5019700000000005        3.2466058440416181     
   3.5019800000000001        3.2638014341105896     
   3.5019900000000002        3.2742341587083716     
   3.5020000000000002        3.2711770920529655     
   3.5020100000000003        3.2902797423862928     
   3.5020200000000004        3.2910893074982632     
   3.5020300000000004        3.2977236528958218     
   3.5020400000000005        3.3003368710226386     
   3.5020500000000001        3.3082800408373774     
   3.5020600000000002        3.3116470323585752     
   3.5020700000000002        3.3228179366833808     
   3.5020800000000003        3.3359650935523670     
   3.5020900000000004        3.3571985834565772     
   3.5021000000000004        3.3692565723559711     
   3.5021100000000005        3.3995654874951469     
   3.5021200000000001        3.4161649820702484     
   3.5021300000000002        3.4273534932573155     
   3.5021400000000003        3.4367172772798278     
   3.5021500000000003        3.4394869921664895     
   3.5021600000000004        3.4417243177658090     
   3.5021700000000004        3.4348655862700399     
   3.5021800000000001        3.4144225807768835     
   3.5021900000000001        3.3889189891912759     
   3.5022000000000002        3.3483085666228987     
   3.5022100000000003        3.3194900842143227     
   3.5022200000000003        3.2682957883046875     
   3.5022300000000004        3.2362165915333181     
   3.5022400000000005        3.2006579831092394     
   3.5022500000000001        3.1863144064620093     
   3.5022600000000002        3.1693419473644830     
   3.5022700000000002        3.1901487306020080     
   3.5022800000000003        3.1931297913880092     
   3.5022900000000003        3.2361004298820308     
   3.5023000000000004        3.2534955337608134     
   3.5023100000000005        3.3071030850518528     
   3.5023200000000001        3.3649503549938617     
   3.5023300000000002        3.4261703306124267     
   3.5023400000000002        3.4722736991574275     
   3.5023500000000003        3.5203355876703180     
   3.5023600000000004        3.5422932829020053     
   3.5023700000000004        3.5666945955976845     
   3.5023800000000005        3.5794268704912606     
   3.5023900000000001        3.5799958305013710     
   3.5024000000000002        3.5712533955316483     
   3.5024100000000002        3.5493228436268680     
   3.5024200000000003        3.5131804151121990     
   3.5024300000000004        3.4896373076371590     
   3.5024400000000004        3.4582629650171191     
   3.5024500000000005        3.4229950516521099     
   3.5024600000000001        3.4001635389846303     
   3.5024700000000002        3.3710541808558041     
   3.5024800000000003        3.3561077737462326     
   3.5024900000000003        3.3614768750297332     
   3.5025000000000004        3.3732268554547207     
   3.5025100000000005        3.3981158884380900     
   3.5025200000000001        3.4394533674670500     
   3.5025300000000001        3.4926134619040519     
   3.5025400000000002        3.5546561576956961     
   3.5025500000000003        3.6070907112938926     
   3.5025600000000003        3.6436029421278535     
   3.5025700000000004        3.6760528294542705     
   3.5025800000000005        3.7092334898287223     
   3.5025900000000001        3.7291084153102063     
   3.5026000000000002        3.7286850383824608     
   3.5026100000000002        3.7147670732694573     
   3.5026200000000003        3.6963997267091924     
   3.5026300000000004        3.6562729339861071     
   3.5026400000000004        3.6159625623273777     
   3.5026500000000005        3.5812875145742233     
   3.5026600000000001        3.5459310662202785     
   3.5026700000000002        3.5098510738012738     
   3.5026800000000002        3.4927480773957602     
   3.5026900000000003        3.4972873257509525     
   3.5027000000000004        3.5041783943466722     
   3.5027100000000004        3.5275843547309091     
   3.5027200000000005        3.5574059909337135     
   3.5027300000000001        3.5927206549587556     
   3.5027400000000002        3.6404095101033889     
   3.5027500000000003        3.6778893214537671     
   3.5027600000000003        3.7154440011985859     
   3.5027700000000004        3.7387961433988899     
   3.5027800000000004        3.7550796606843613     
   3.5027900000000001        3.7656664359051799     
   3.5028000000000001        3.7906969012979217     
   3.5028100000000002        3.7847010203497824     
   3.5028200000000003        3.7916225378125556     
   3.5028300000000003        3.7652412609523362     
   3.5028400000000004        3.7434118366728839     
   3.5028500000000005        3.6926426485171873     
   3.5028600000000001        3.6556336608517945     
   3.5028700000000002        3.5923079755773766     
   3.5028800000000002        3.5311904435548791     
   3.5028900000000003        3.4673790034455609     
   3.5029000000000003        3.4310220153976836     
   3.5029100000000004        3.3851971751011245     
   3.5029200000000005        3.3648572896480151     
   3.5029300000000001        3.3427711703872469     
   3.5029400000000002        3.3355129630050175     
   3.5029500000000002        3.3425470645730861     
   3.5029600000000003        3.3656804515121053     
   3.5029700000000004        3.4023720512598854     
   3.5029800000000004        3.4564484908367699     
   3.5029900000000005        3.5163941905287039     
   3.5030000000000001        3.5804511202083877     
   3.5030100000000002        3.6408239257482200     
   3.5030200000000002        3.7096207256844744     
   3.5030300000000003        3.7615638788659944     
   3.5030400000000004        3.7959806745498148     
   3.5030500000000004        3.8174188867701977     
   3.5030600000000005        3.8259590784949178     
   3.5030700000000001        3.8320563312607372     
   3.5030800000000002        3.8315600758625870     
   3.5030900000000003        3.8044117610516617     
   3.5031000000000003        3.7957712436738720     
   3.5031100000000004        3.7705584720776497     
   3.5031200000000005        3.7634857488787623     
   3.5031300000000001        3.7487162461511381     
   3.5031400000000001        3.7585998908608858     
   3.5031500000000002        3.7441268104568755     
   3.5031600000000003        3.7599075380378468     
   3.5031700000000003        3.7604632548463335     
   3.5031800000000004        3.7690458809245944     
   3.5031900000000005        3.7797728616962614     
   3.5032000000000001        3.7989852735120420     
   3.5032100000000002        3.8038684252993389     
   3.5032200000000002        3.7989793404091352     
   3.5032300000000003        3.8079246430906526     
   3.5032400000000004        3.8053419964533974     
   3.5032500000000004        3.7924151728861224     
   3.5032600000000005        3.7664499084098315     
   3.5032700000000001        3.7600685219685026     
   3.5032800000000002        3.7379226783344466     
   3.5032900000000002        3.7287721326566809     
   3.5033000000000003        3.7180491848651047     
   3.5033100000000004        3.7084392040821865     
   3.5033200000000004        3.7005278836189648     
   3.5033300000000005        3.6829821496019810     
   3.5033400000000001        3.6466730620465881     
   3.5033500000000002        3.6418057494916156     
   3.5033600000000003        3.6095140186224350     
   3.5033700000000003        3.5888199832308199     
   3.5033800000000004        3.5637319865740120     
   3.5033900000000004        3.5690320296582012     
   3.5034000000000001        3.5712214808863041     
   3.5034100000000001        3.5915433655506686     
   3.5034200000000002        3.6149801221046642     
   3.5034300000000003        3.6357880183920210     
   3.5034400000000003        3.6618381452876050     
   3.5034500000000004        3.7038125849136461     
   3.5034600000000005        3.7390801367820607     
   3.5034700000000001        3.7918589115273598     
   3.5034800000000001        3.8293527511695573     
   3.5034900000000002        3.8689020704776791     
   3.5035000000000003        3.9015648019912472     
   3.5035100000000003        3.9161585494139666     
   3.5035200000000004        3.9365316580178016     
   3.5035300000000005        3.9416307550945469     
   3.5035400000000001        3.9599960028946013     
   3.5035500000000002        3.9321421796855689     
   3.5035600000000002        3.9256331331679415     
   3.5035700000000003        3.8984171119352915     
   3.5035800000000004        3.8955819945180261     
   3.5035900000000004        3.8479851847981696     
   3.5036000000000005        3.8365181035847327     
   3.5036100000000001        3.8069226111284262     
   3.5036200000000002        3.8069073661503334     
   3.5036300000000002        3.7951376670785306     
   3.5036400000000003        3.8007237837224501     
   3.5036500000000004        3.8033158084882777     
   3.5036600000000004        3.8146032369620264     
   3.5036700000000005        3.8304052231285426     
   3.5036800000000001        3.8572919982630971     
   3.5036900000000002        3.8821398866353323     
   3.5037000000000003        3.9054546102499836     
   3.5037100000000003        3.9259743438889179     
   3.5037200000000004        3.9366249217793046     
   3.5037300000000005        3.9519896491838624     
   3.5037400000000001        3.9533709891634747     
   3.5037500000000001        3.9401431045883810     
   3.5037600000000002        3.9297471088981704     
   3.5037700000000003        3.9153443524729226     
   3.5037800000000003        3.8996280293937038     
   3.5037900000000004        3.8736129363326248     
   3.5038000000000005        3.8482166833025597     
   3.5038100000000001        3.8300989703583030     
   3.5038200000000002        3.8067230910902281     
   3.5038300000000002        3.7952523975322814     
   3.5038400000000003        3.7652760952448796     
   3.5038500000000004        3.7691731646387656     
   3.5038600000000004        3.7550898047571843     
   3.5038700000000005        3.7505049753502191     
   3.5038800000000001        3.7277019082990339     
   3.5038900000000002        3.7251517311405062     
   3.5039000000000002        3.7232367116850211     
   3.5039100000000003        3.7239234933177130     
   3.5039200000000004        3.7264538149277828     
   3.5039300000000004        3.7348831608839044     
   3.5039400000000005        3.7483117541557989     
   3.5039500000000001        3.7528657166913679     
   3.5039600000000002        3.7534781824891588     
   3.5039700000000003        3.7475952488463293     
   3.5039800000000003        3.7598434384537298     
   3.5039900000000004        3.7630155150729965     
   3.5040000000000004        3.7683781695442278     
   3.5040100000000001        3.7746380471897218     
   3.5040200000000001        3.7907548927580743     
   3.5040300000000002        3.7860241098780807     
   3.5040400000000003        3.7942984307420415     
   3.5040500000000003        3.8099477617113728     
   3.5040600000000004        3.8137862400735867     
   3.5040700000000005        3.8387584791386762     
   3.5040800000000001        3.8532174815983051     
   3.5040900000000001        3.8867270262052145     
   3.5041000000000002        3.8956608178971832     
   3.5041100000000003        3.9232436378651729     
   3.5041200000000003        3.9425105627166577     
   3.5041300000000004        3.9619602901678475     
   3.5041400000000005        3.9734987567654017     
   3.5041500000000001        3.9982646798906045     
   3.5041600000000002        3.9873649155473081     
   3.5041700000000002        4.0102241688998479     
   3.5041800000000003        3.9906920052960722     
   3.5041900000000004        3.9979342471087667     
   3.5042000000000004        3.9694851209830926     
   3.5042100000000005        3.9484786256283173     
   3.5042200000000001        3.9169173662849763     
   3.5042300000000002        3.8929973664802655     
   3.5042400000000002        3.8629253214413986     
   3.5042500000000003        3.8430423514280041     
   3.5042600000000004        3.8267234426401635     
   3.5042700000000004        3.8249050382724881     
   3.5042800000000005        3.8306082747450212     
   3.5042900000000001        3.8437461546328930     
   3.5043000000000002        3.8611977304063494     
   3.5043100000000003        3.8826756964873215     
   3.5043200000000003        3.9202319100299650     
   3.5043300000000004        3.9455207878068048     
   3.5043400000000005        3.9743699195513562     
   3.5043500000000001        3.9942629017157634     
   3.5043600000000001        4.0126511615458815     
   3.5043700000000002        4.0224252862009422     
   3.5043800000000003        4.0304946623221269     
   3.5043900000000003        4.0265641873625224     
   3.5044000000000004        4.0270763008455699     
   3.5044100000000005        4.0139510253580282     
   3.5044200000000001        3.9933114032578665     
   3.5044300000000002        3.9824931302434172     
   3.5044400000000002        3.9478527283732339     
   3.5044500000000003        3.9357552154712097     
   3.5044600000000004        3.9002573239141376     
   3.5044700000000004        3.8761176106694815     
   3.5044800000000005        3.8488715221822600     
   3.5044900000000001        3.8344070734802220     
   3.5045000000000002        3.8059805771810176     
   3.5045100000000002        3.7870034276839992     
   3.5045200000000003        3.7673995689282922     
   3.5045300000000004        3.7647361563134392     
   3.5045400000000004        3.7547793539241763     
   3.5045500000000005        3.7660350448895663     
   3.5045600000000001        3.7671415549195388     
   3.5045700000000002        3.7849092308541756     
   3.5045800000000003        3.8018010571928502     
   3.5045900000000003        3.8382958455117353     
   3.5046000000000004        3.8553761883735804     
   3.5046100000000004        3.8900506578282554     
   3.5046200000000001        3.8969179326283423     
   3.5046300000000001        3.9115226016297298     
   3.5046400000000002        3.9130232275688481     
   3.5046500000000003        3.9325713993403433     
   3.5046600000000003        3.9294402742090755     
   3.5046700000000004        3.9369714270165024     
   3.5046800000000005        3.9297240812209422     
   3.5046900000000001        3.9374543694274924     
   3.5047000000000001        3.9370568980282252     
   3.5047100000000002        3.9354412490859687     
   3.5047200000000003        3.9255741277141842     
   3.5047300000000003        3.9157917005217828     
   3.5047400000000004        3.9093343192537100     
   3.5047500000000005        3.8981077113533900     
   3.5047600000000001        3.8793776844954686     
   3.5047700000000002        3.8741110290954799     
   3.5047800000000002        3.8613474018667198     
   3.5047900000000003        3.8473451115137807     
   3.5048000000000004        3.8393855427559633     
   3.5048100000000004        3.8314922303178034     
   3.5048200000000005        3.8151496501646851     
   3.5048300000000001        3.8168664572601885     
   3.5048400000000002        3.8043213719300897     
   3.5048500000000002        3.8136811883637551     
   3.5048600000000003        3.8084380552611230     
   3.5048700000000004        3.8248551642776962     
   3.5048800000000004        3.8319714915271517     
   3.5048900000000005        3.8590931431156927     
   3.5049000000000001        3.8753333641696419     
   3.5049100000000002        3.9079706205971791     
   3.5049200000000003        3.9365746634659633     
   3.5049300000000003        3.9638410055730575     
   3.5049400000000004        3.9887941101219417     
   3.5049500000000005        4.0081711513866800     
   3.5049600000000001        4.0224607429513028     
   3.5049700000000001        4.0262752815302205     
   3.5049800000000002        4.0270315593417791     
   3.5049900000000003        4.0349791206032855     
   3.5050000000000003        4.0241052101523405     
   3.5050100000000004        4.0225433952215202     
   3.5050200000000005        4.0092040896803010     
   3.5050300000000001        3.9959487252023584     
   3.5050400000000002        3.9686089576453574     
   3.5050500000000002        3.9411538726793873     
   3.5050600000000003        3.9025901621250600     
   3.5050700000000004        3.8788899722988597     
   3.5050800000000004        3.8354799190760271     
   3.5050900000000005        3.8179957306691139     
   3.5051000000000001        3.8016893957674402     
   3.5051100000000002        3.7904167287962371     
   3.5051200000000002        3.7748137781200759     
   3.5051300000000003        3.7808303458526376     
   3.5051400000000004        3.7768453850493469     
   3.5051500000000004        3.7967984846494103     
   3.5051600000000005        3.8108516479834065     
   3.5051700000000001        3.8300784410948627     
   3.5051800000000002        3.8463142235015320     
   3.5051900000000002        3.8453569010575150     
   3.5052000000000003        3.8478307027819301     
   3.5052100000000004        3.8421123223865146     
   3.5052200000000004        3.8577433117334325     
   3.5052300000000001        3.8584684958608424     
   3.5052400000000001        3.8709425230764500     
   3.5052500000000002        3.8698063886925258     
   3.5052600000000003        3.8714776112353402     
   3.5052700000000003        3.8629267265674012     
   3.5052800000000004        3.8823889034069952     
   3.5052900000000005        3.8874508792375413     
   3.5053000000000001        3.8870420039412528     
   3.5053100000000001        3.8839255899113923     
   3.5053200000000002        3.8716584885556835     
   3.5053300000000003        3.8658517054998525     
   3.5053400000000003        3.8606312459948970     
   3.5053500000000004        3.8658241547337369     
   3.5053600000000005        3.8708684071532038     
   3.5053700000000001        3.8858940796397259     
   3.5053800000000002        3.8941124439288068     
   3.5053900000000002        3.9124576996637148     
   3.5054000000000003        3.9185277706536321     
   3.5054100000000004        3.9354675362400089     
   3.5054200000000004        3.9453344377078547     
   3.5054300000000005        3.9495646024923188     
   3.5054400000000001        3.9606889239132732     
   3.5054500000000002        3.9511475417581661     
   3.5054600000000002        3.9480077738696755     
   3.5054700000000003        3.9376803121453330     
   3.5054800000000004        3.9238071583876883     
   3.5054900000000004        3.9198876226519621     
   3.5055000000000005        3.9132194550243220     
   3.5055100000000001        3.9056376972335767     
   3.5055200000000002        3.8985288306510228     
   3.5055300000000003        3.8946788278052153     
   3.5055400000000003        3.8793413755594890     
   3.5055500000000004        3.8805963335937133     
   3.5055600000000005        3.8676407199965781     
   3.5055700000000001        3.8676666119535006     
   3.5055800000000001        3.8538791956991618     
   3.5055900000000002        3.8540290317175709     
   3.5056000000000003        3.8601642206221807     
   3.5056100000000003        3.8583708297396062     
   3.5056200000000004        3.8550682908895486     
   3.5056300000000005        3.8678847968202348     
   3.5056400000000001        3.8819012724122386     
   3.5056500000000002        3.9004792476303836     
   3.5056600000000002        3.9222760243394399     
   3.5056700000000003        3.9531517955811069     
   3.5056800000000004        3.9836597372635723     
   3.5056900000000004        4.0100163374173796     
   3.5057000000000005        4.0318281919376862     
   3.5057100000000001        4.0519143119141807     
   3.5057200000000002        4.0431223109431427     
   3.5057300000000002        4.0310272296932883     
   3.5057400000000003        3.9953214067975096     
   3.5057500000000004        3.9734610540194377     
   3.5057600000000004        3.9338235663315384     
   3.5057700000000005        3.9014275845258961     
   3.5057800000000001        3.8617537168682849     
   3.5057900000000002        3.8445185262844963     
   3.5058000000000002        3.8280218974846627     
   3.5058100000000003        3.8414695324793136     
   3.5058200000000004        3.8449222991496472     
   3.5058300000000004        3.8758796032926495     
   3.5058400000000001        3.8844922790506282     
   3.5058500000000001        3.9409061417398799     
   3.5058600000000002        3.9776159034125760     
   3.5058700000000003        4.0261480664472060     
   3.5058800000000003        4.0606483551149530     
   3.5058900000000004        4.1039316434730937     
   3.5059000000000005        4.1272577304896494     
   3.5059100000000001        4.1549896272076126     
   3.5059200000000001        4.1755450417395013     
   3.5059300000000002        4.1817631338276025     
   3.5059400000000003        4.1844143735814034     
   3.5059500000000003        4.1870366154768313     
   3.5059600000000004        4.1709814243464978     
   3.5059700000000005        4.1749602048579098     
   3.5059800000000001        4.1685082265423015     
   3.5059900000000002        4.1591170344375525     
   3.5060000000000002        4.1431061435921768     
   3.5060100000000003        4.1260911076998914     
   3.5060200000000004        4.1232589135192041     
   3.5060300000000004        4.1064117955352391     
   3.5060400000000005        4.1059869098302002     
   3.5060500000000001        4.1072981246354328     
   3.5060600000000002        4.1111437125503238     
   3.5060700000000002        4.1134762133172478     
   3.5060800000000003        4.1226093987147854     
   3.5060900000000004        4.1198025719293119     
   3.5061000000000004        4.1210698776314807     
   3.5061100000000005        4.1347756565744715     
   3.5061200000000001        4.1399291212450118     
   3.5061300000000002        4.1555353271172777     
   3.5061400000000003        4.1656664824932879     
   3.5061500000000003        4.1875476985995306     
   3.5061600000000004        4.1975564801553071     
   3.5061700000000005        4.2163826240600111     
   3.5061800000000001        4.2094737074834718     
   3.5061900000000001        4.2064471052990511     
   3.5062000000000002        4.1928122010720852     
   3.5062100000000003        4.1825869167848566     
   3.5062200000000003        4.1624270674688884     
   3.5062300000000004        4.1578970297959010     
   3.5062400000000005        4.1371478153191488     
   3.5062500000000001        4.1095181868489785     
   3.5062600000000002        4.0930890408584073     
   3.5062700000000002        4.0813484735475551     
   3.5062800000000003        4.0740631531934364     
   3.5062900000000004        4.0680440416867487     
   3.5063000000000004        4.0899884749865745     
   3.5063100000000005        4.0973565550127100     
   3.5063200000000001        4.1150624973886094     
   3.5063300000000002        4.1374880480306579     
   3.5063400000000002        4.1643797458469756     
   3.5063500000000003        4.1809827080168533     
   3.5063600000000004        4.2013071128842965     
   3.5063700000000004        4.2090329452255375     
   3.5063800000000005        4.2372438018526983     
   3.5063900000000001        4.2459283381063697     
   3.5064000000000002        4.2652464973737967     
   3.5064100000000002        4.2604519058303598     
   3.5064200000000003        4.2704082737119746     
   3.5064300000000004        4.2532104967709801     
   3.5064400000000004        4.2486909606471253     
   3.5064500000000001        4.2207292370997358     
   3.5064600000000001        4.2043640232042589     
   3.5064700000000002        4.1707535246035237     
   3.5064800000000003        4.1494835977671780     
   3.5064900000000003        4.1157557452668252     
   3.5065000000000004        4.0888576492565960     
   3.5065100000000005        4.0539821578168347     
   3.5065200000000001        4.0253550171208934     
   3.5065300000000001        4.0178141901601681     
   3.5065400000000002        4.0008213311002487     
   3.5065500000000003        4.0055292088345622     
   3.5065600000000003        4.0155081855282369     
   3.5065700000000004        4.0250960327072312     
   3.5065800000000005        4.0520097350846340     
   3.5065900000000001        4.0771615652151416     
   3.5066000000000002        4.0935574948178592     
   3.5066100000000002        4.1249161097075531     
   3.5066200000000003        4.1461882899754299     
   3.5066300000000004        4.1659033055459149     
   3.5066400000000004        4.1840460472336733     
   3.5066500000000005        4.2041893892732700     
   3.5066600000000001        4.2202789173154480     
   3.5066700000000002        4.2299760147186154     
   3.5066800000000002        4.2343857933219002     
   3.5066900000000003        4.2241233452413818     
   3.5067000000000004        4.2481286699867074     
   3.5067100000000004        4.2363006322766461     
   3.5067200000000005        4.2368580862377359     
   3.5067300000000001        4.2175411987381786     
   3.5067400000000002        4.2008889801500064     
   3.5067500000000003        4.1726713848194263     
   3.5067600000000003        4.1439514322684259     
   3.5067700000000004        4.1006200699290147     
   3.5067800000000005        4.0715971393904420     
   3.5067900000000001        4.0271536093474234     
   3.5068000000000001        3.9929279807461344     
   3.5068100000000002        3.9497896426776347     
   3.5068200000000003        3.9222820680344292     
   3.5068300000000003        3.8920332442791090     
   3.5068400000000004        3.8857350332013296     
   3.5068500000000005        3.8710058487530188     
   3.5068600000000001        3.8847065026358236     
   3.5068700000000002        3.8896114353350209     
   3.5068800000000002        3.9284249472412762     
   3.5068900000000003        3.9419465652188013     
   3.5069000000000004        3.9784618233226317     
   3.5069100000000004        3.9928524336221805     
   3.5069200000000005        4.0298942862674556     
   3.5069300000000001        4.0455753991838010     
   3.5069400000000002        4.0635653562031564     
   3.5069500000000002        4.0822682059247111     
   3.5069600000000003        4.1178910719645927     
   3.5069700000000004        4.1264376201517647     
   3.5069800000000004        4.1503938756652099     
   3.5069900000000005        4.1775133361457266     
   3.5070000000000001        4.2070800971733515     
   3.5070100000000002        4.2372318611753732     
   3.5070200000000002        4.2539268044618321     
   3.5070300000000003        4.2721973964977025     
   3.5070400000000004        4.2785971404436429     
   3.5070500000000004        4.2880314575863467     
   3.5070600000000001        4.2685227025900145     
   3.5070700000000001        4.2743613101619653     
   3.5070800000000002        4.2468310625870265     
   3.5070900000000003        4.2306177128073461     
   3.5071000000000003        4.1823957903840165     
   3.5071100000000004        4.1544044259496413     
   3.5071200000000005        4.1048426421734314     
   3.5071300000000001        4.0647607874909335     
   3.5071400000000001        4.0135982199591327     
   3.5071500000000002        3.9696761075178220     
   3.5071600000000003        3.9191875768656197     
   3.5071700000000003        3.8847140086146736     
   3.5071800000000004        3.8338321750728190     
   3.5071900000000005        3.8188575665936582     
   3.5072000000000001        3.7783311604210903     
   3.5072100000000002        3.7677318178049086     
   3.5072200000000002        3.7573861964598931     
   3.5072300000000003        3.7591095926284370     
   3.5072400000000004        3.7582687494485256     
   3.5072500000000004        3.7818598071864282     
   3.5072600000000005        3.8216038066393674     
   3.5072700000000001        3.8631413444186227     
   3.5072800000000002        3.9122578301593984     
   3.5072900000000002        3.9648155165844812     
   3.5073000000000003        4.0259856642110812     
   3.5073100000000004        4.0899602798165802     
   3.5073200000000004        4.1529403235254563     
   3.5073300000000005        4.1921346833497024     
   3.5073400000000001        4.2395906736598477     
   3.5073500000000002        4.2636670047203973     
   3.5073600000000003        4.2752714270250989     
   3.5073700000000003        4.2937293676021104     
   3.5073800000000004        4.2890905074565948     
   3.5073900000000005        4.2892145663088002     
   3.5074000000000001        4.2733702103603139     
   3.5074100000000001        4.2720156973584702     
   3.5074200000000002        4.2628641357024044     
   3.5074300000000003        4.2602142277448340     
   3.5074400000000003        4.2500524578258725     
   3.5074500000000004        4.2459712325214687     
   3.5074600000000005        4.2294791991442118     
   3.5074700000000001        4.2143322510086350     
   3.5074800000000002        4.2007730395961538     
   3.5074900000000002        4.1830539392962125     
   3.5075000000000003        4.1587813769375090     
   3.5075100000000003        4.1423256913028066     
   3.5075200000000004        4.1052641937301404     
   3.5075300000000005        4.0802595459735969     
   3.5075400000000001        4.0481045814812360     
   3.5075500000000002        4.0144072520346024     
   3.5075600000000002        3.9713324582788365     
   3.5075700000000003        3.9457428437524400     
   3.5075800000000004        3.9176680244452879     
   3.5075900000000004        3.8938951084440609     
   3.5076000000000005        3.8758942437027248     
   3.5076100000000001        3.8617210769787023     
   3.5076200000000002        3.8561047700530189     
   3.5076300000000002        3.8542310431960383     
   3.5076400000000003        3.8654447014560747     
   3.5076500000000004        3.8666498821390047     
   3.5076600000000004        3.8750520647006188     
   3.5076700000000001        3.8896099087605611     
   3.5076800000000001        3.9064561563702114     
   3.5076900000000002        3.9342022043626876     
   3.5077000000000003        3.9553000296221836     
   3.5077100000000003        3.9691582129731380     
   3.5077200000000004        3.9944201228135658     
   3.5077300000000005        4.0181657732732017     
   3.5077400000000001        4.0522772895397647     
   3.5077500000000001        4.0831862192341353     
   3.5077600000000002        4.1102609249465329     
   3.5077700000000003        4.1296421735538971     
   3.5077800000000003        4.1498705830371394     
   3.5077900000000004        4.1576335923526200     
   3.5078000000000005        4.1655439455934253     
   3.5078100000000001        4.1660354562044244     
   3.5078200000000002        4.1527609140462252     
   3.5078300000000002        4.1383725250628336     
   3.5078400000000003        4.1215150925460833     
   3.5078500000000004        4.0989115260712632     
   3.5078600000000004        4.0850952721197276     
   3.5078700000000005        4.0601931909783886     
   3.5078800000000001        4.0388113001470183     
   3.5078900000000002        4.0173938144789885     
   3.5079000000000002        4.0106277160460060     
   3.5079100000000003        3.9981188822859952     
   3.5079200000000004        3.9891752768936874     
   3.5079300000000004        3.9720106869779275     
   3.5079400000000005        3.9578483917663916     
   3.5079500000000001        3.9511701945168261     
   3.5079600000000002        3.9289822141549475     
   3.5079700000000003        3.9151509562160540     
   3.5079800000000003        3.9045775839278138     
   3.5079900000000004        3.8892494842118066     
   3.5080000000000005        3.8732880349812007     
   3.5080100000000001        3.8601763018821114     
   3.5080200000000001        3.8396890095690379     
   3.5080300000000002        3.8311380409584643     
   3.5080400000000003        3.8163464113089716     
   3.5080500000000003        3.8151961024769268     
   3.5080600000000004        3.8183375326443501     
   3.5080700000000005        3.8363159352577409     
   3.5080800000000001        3.8399823599977867     
   3.5080900000000002        3.8644935950160328     
   3.5081000000000002        3.8723564611325574     
   3.5081100000000003        3.8982261808626384     
   3.5081200000000003        3.9098096039344261     
   3.5081300000000004        3.9389144063537547     
   3.5081400000000005        3.9596630014624399     
   3.5081500000000001        3.9877144178572506     
   3.5081600000000002        3.9970621925370020     
   3.5081700000000002        4.0183278819384904     
   3.5081800000000003        4.0255586070278389     
   3.5081900000000004        4.0329513331036591     
   3.5082000000000004        4.0270302734139927     
   3.5082100000000005        4.0186990824749351     
   3.5082200000000001        4.0007381073433219     
   3.5082300000000002        3.9689628899717584     
   3.5082400000000002        3.9464410139064099     
   3.5082500000000003        3.9226478902381872     
   3.5082600000000004        3.9046087145751192     
   3.5082700000000004        3.8849207743457566     
   3.5082800000000001        3.8630097289375103     
   3.5082900000000001        3.8653585663567784     
   3.5083000000000002        3.8487983580011393     
   3.5083100000000003        3.8525877432663700     
   3.5083200000000003        3.8403278541401584     
   3.5083300000000004        3.8521734846173104     
   3.5083400000000005        3.8519355703184091     
   3.5083500000000001        3.8524552913851204     
   3.5083600000000001        3.8478740443786816     
   3.5083700000000002        3.8372590431125801     
   3.5083800000000003        3.8200203962681649     
   3.5083900000000003        3.8021543670073039     
   3.5084000000000004        3.7767754861986575     
   3.5084100000000005        3.7561917691840909     
   3.5084200000000001        3.7291706562410032     
   3.5084300000000002        3.7099133232417008     
   3.5084400000000002        3.6964997125309100     
   3.5084500000000003        3.6962078110239927     
   3.5084600000000004        3.6931899605686889     
   3.5084700000000004        3.6946020982155856     
   3.5084800000000005        3.7094983526438661     
   3.5084900000000001        3.7214775895618764     
   3.5085000000000002        3.7386386593065444     
   3.5085100000000002        3.7476885627625931     
   3.5085200000000003        3.7570838402465481     
   3.5085300000000004        3.7634434700230099     
   3.5085400000000004        3.7670168727158697     
   3.5085500000000005        3.7680641857976847     
   3.5085600000000001        3.7589419165307696     
   3.5085700000000002        3.7492758873910992     
   3.5085800000000003        3.7558089255688301     
   3.5085900000000003        3.7426490864332926     
   3.5086000000000004        3.7478940502237781     
   3.5086100000000005        3.7285383286195279     
   3.5086200000000001        3.7281916568462155     
   3.5086300000000001        3.7051982984470127     
   3.5086400000000002        3.6931825277766439     
   3.5086500000000003        3.6819002456898069     
   3.5086600000000003        3.6781855932650700     
   3.5086700000000004        3.6670546809926288     
   3.5086800000000005        3.6659950710032891     
   3.5086900000000001        3.6613992842418508     
   3.5087000000000002        3.6637324768053210     
   3.5087100000000002        3.6693315946973422     
   3.5087200000000003        3.6754690942638577     
   3.5087300000000003        3.6800421590512058     
   3.5087400000000004        3.6858899053440020     
   3.5087500000000005        3.6899029147865510     
   3.5087600000000001        3.6979382066549831     
   3.5087700000000002        3.6984100934085826     
   3.5087800000000002        3.7008380758659762     
   3.5087900000000003        3.6932339666926417     
   3.5088000000000004        3.6898540107531073     
   3.5088100000000004        3.6749725625553520     
   3.5088200000000005        3.6583767289877400     
   3.5088300000000001        3.6301497907878595     
   3.5088400000000002        3.6089299904691425     
   3.5088500000000002        3.5856137990960062     
   3.5088600000000003        3.5637840603397906     
   3.5088700000000004        3.5374824442725727     
   3.5088800000000004        3.5164110160100286     
   3.5088900000000005        3.5066732098858684     
   3.5089000000000001        3.4927386782543115     
   3.5089100000000002        3.4826803328802196     
   3.5089200000000003        3.4735696564556258     
   3.5089300000000003        3.4731461966115433     
   3.5089400000000004        3.4756703077018103     
   3.5089500000000005        3.4775796120228795     
   3.5089600000000001        3.4829505519406263     
   3.5089700000000001        3.4816861836554902     
   3.5089800000000002        3.4849245562136431     
   3.5089900000000003        3.4862889716458332     
   3.5090000000000003        3.4859661405886961     
   3.5090100000000004        3.4884039005372443     
   3.5090200000000005        3.4868167162895807     
   3.5090300000000001        3.4829296484026733     
   3.5090400000000002        3.4837368315959574     
   3.5090500000000002        3.4828979651673921     
   3.5090600000000003        3.4810619755437551     
   3.5090700000000004        3.4751122690270693     
   3.5090800000000004        3.4690436279098029     
   3.5090900000000005        3.4597750161724026     
   3.5091000000000001        3.4571850576505554     
   3.5091100000000002        3.4532474601895831     
   3.5091200000000002        3.4463217826609007     
   3.5091300000000003        3.4465968836896321     
   3.5091400000000004        3.4409888147858432     
   3.5091500000000004        3.4314703064762822     
   3.5091600000000005        3.4258628622351535     
   3.5091700000000001        3.4225044174655324     
   3.5091800000000002        3.4146181527668458     
   3.5091900000000003        3.4125034592965089     
   3.5092000000000003        3.4115938263834509     
   3.5092100000000004        3.4133716306230415     
   3.5092200000000005        3.4093045579152026     
   3.5092300000000001        3.4034973336146548     
   3.5092400000000001        3.4046126282185618     
   3.5092500000000002        3.4092267677895132     
   3.5092600000000003        3.4126181223282899     
   3.5092700000000003        3.4165433320324388     
   3.5092800000000004        3.4199089202734188     
   3.5092900000000005        3.4152757307401194     
   3.5093000000000001        3.4146423179759005     
   3.5093100000000002        3.4099966539941486     
   3.5093200000000002        3.4100784706155256     
   3.5093300000000003        3.4060071807466068     
   3.5093400000000003        3.4032551947164111     
   3.5093500000000004        3.3990464404731262     
   3.5093600000000005        3.3956130145638985     
   3.5093700000000001        3.3985422148246776     
   3.5093800000000002        3.3934703584349997     
   3.5093900000000002        3.3896377632448274     
   3.5094000000000003        3.3780177247366070     
   3.5094100000000004        3.3749842344621994     
   3.5094200000000004        3.3651901351200855     
   3.5094300000000005        3.3542793937313049     
   3.5094400000000001        3.3456853001006204     
   3.5094500000000002        3.3401074468936010     
   3.5094600000000002        3.3322971294325900     
   3.5094700000000003        3.3266282523542441     
   3.5094800000000004        3.3187513268172646     
   3.5094900000000004        3.3076849526853511     
   3.5095000000000005        3.3015531497387935     
   3.5095100000000001        3.2923357837048042     
   3.5095200000000002        3.2836005742667185     
   3.5095300000000003        3.2776667866256490     
   3.5095400000000003        3.2762204675062865     
   3.5095500000000004        3.2723354402897229     
   3.5095600000000005        3.2768497633280216     
   3.5095700000000001        3.2779170531217412     
   3.5095800000000001        3.2817650660180901     
   3.5095900000000002        3.2837990534404780     
   3.5096000000000003        3.2862974473601998     
   3.5096100000000003        3.2898510704004180     
   3.5096200000000004        3.2912465253858576     
   3.5096300000000005        3.2925207943135351     
   3.5096400000000001        3.2945310568938373     
   3.5096500000000002        3.2910962735966307     
   3.5096600000000002        3.2927341129519205     
   3.5096700000000003        3.2854635193391015     
   3.5096800000000004        3.2880149460958550     
   3.5096900000000004        3.2831067946232730     
   3.5097000000000005        3.2808812156529865     
   3.5097100000000001        3.2755353901017839     
   3.5097200000000002        3.2699217772104894     
   3.5097300000000002        3.2618456165161405     
   3.5097400000000003        3.2600593938727713     
   3.5097500000000004        3.2532313206951895     
   3.5097600000000004        3.2497228149399158     
   3.5097700000000005        3.2456687236655384     
   3.5097800000000001        3.2443504574336108     
   3.5097900000000002        3.2398098492456207     
   3.5098000000000003        3.2424794848962466     
   3.5098100000000003        3.2392114547591810     
   3.5098200000000004        3.2358622059056503     
   3.5098300000000004        3.2313032453407868     
   3.5098400000000001        3.2255126987491582     
   3.5098500000000001        3.2232529765490274     
   3.5098600000000002        3.2148417713566126     
   3.5098700000000003        3.2093452738108112     
   3.5098800000000003        3.2027672097159665     
   3.5098900000000004        3.1970712556022938     
   3.5099000000000005        3.1897621135404632     
   3.5099100000000001        3.1865035768825707     
   3.5099200000000002        3.1748100820925922     
   3.5099300000000002        3.1689674959834484     
   3.5099400000000003        3.1602792604947219     
   3.5099500000000003        3.1556956607023143     
   3.5099600000000004        3.1416041190426283     
   3.5099700000000005        3.1372214155693938     
   3.5099800000000001        3.1275873795186317     
   3.5099900000000002        3.1223883203343528     
   3.5100000000000002        3.1144406322872396     
