   3.0000000000000004        9887.4499392718590     
   3.0010000000000003        9887.8461248830026     
   3.0020000000000002        9888.1453046100014     
   3.0030000000000001        9888.4667097360380     
   3.0040000000000004        9889.0033698961743     
   3.0050000000000003        9889.1443054582378     
   3.0060000000000002        9889.3024556204819     
   3.0070000000000001        9889.2204897325919     
   3.0080000000000005        9889.0130834614265     
   3.0090000000000003        9888.8052346730510     
   3.0100000000000002        9888.7626329534978     
   3.0110000000000001        9888.4657362193793     
   3.0120000000000005        9888.3154264822879     
   3.0130000000000003        9888.2083912568633     
   3.0140000000000002        9888.1111643098611     
   3.0150000000000001        9888.0364172952741     
   3.0160000000000005        9887.9792254833683     
   3.0170000000000003        9887.9289182902103     
   3.0180000000000002        9887.8872567808939     
   3.0190000000000001        9887.8417972663574     
   3.0200000000000005        9887.8028621264912     
   3.0210000000000004        9887.7435127407825     
   3.0220000000000002        9887.6707971725173     
   3.0230000000000001        9887.6130791500673     
   3.0240000000000005        9887.5043516024725     
   3.0250000000000004        9887.4276314536182     
   3.0260000000000002        9887.3329675665427     
   3.0270000000000001        9887.2530879784026     
   3.0280000000000005        9887.2024324315826     
   3.0290000000000004        9887.0619336845357     
   3.0300000000000002        9886.9928751993284     
   3.0310000000000001        9886.9055502839255     
   3.0320000000000000        9886.8001251645255     
   3.0330000000000004        9886.8161174472607     
   3.0340000000000003        9886.8416598361528     
   3.0350000000000001        9886.9043504451456     
   3.0360000000000000        9886.9223514192581     
   3.0370000000000004        9887.1351598200690     
   3.0380000000000003        9887.1694621267598     
   3.0390000000000001        9887.2331777110012     
   3.0400000000000000        9887.4237119955451     
   3.0410000000000004        9887.4750495809785     
   3.0420000000000003        9887.4174154221728     
   3.0430000000000001        9887.3605286861475     
   3.0440000000000000        9887.3039157275562     
   3.0450000000000004        9887.1653479678153     
   3.0460000000000003        9887.0763659466083     
   3.0470000000000002        9886.9005081218220     
   3.0480000000000000        9886.7875810772621     
   3.0490000000000004        9886.6775063519181     
   3.0500000000000003        9886.6232293832782     
   3.0510000000000002        9886.5737692847470     
   3.0520000000000000        9886.4952875166564     
   3.0530000000000004        9886.4319749157930     
   3.0540000000000003        9886.4070614566190     
   3.0550000000000002        9886.3742141363018     
   3.0560000000000000        9886.3041293645383     
   3.0570000000000004        9886.2722648417075     
   3.0580000000000003        9886.2694253959489     
   3.0590000000000002        9886.2094420250105     
   3.0600000000000001        9886.2017617544643     
   3.0610000000000004        9886.2617740861224     
   3.0620000000000003        9886.2042165466846     
   3.0630000000000002        9886.1779318732479     
   3.0640000000000001        9886.1178083728264     
   3.0650000000000004        9886.1838570647124     
   3.0660000000000003        9886.2527156542583     
   3.0670000000000002        9886.2003222515468     
   3.0680000000000001        9886.4371798324464     
   3.0690000000000004        9886.6884819245224     
   3.0700000000000003        9886.6067914725882     
   3.0710000000000002        9886.7750390371584     
   3.0720000000000001        9886.7991583021631     
   3.0730000000000004        9886.8222168379034     
   3.0740000000000003        9886.7436188532611     
   3.0750000000000002        9886.6563706517136     
   3.0760000000000001        9886.5659363333925     
   3.0770000000000004        9886.5048522128818     
   3.0780000000000003        9886.3715979341996     
   3.0790000000000002        9886.3250026974474     
   3.0800000000000001        9886.2697343816526     
   3.0810000000000004        9886.2529579084367     
   3.0820000000000003        9886.2131127723806     
   3.0830000000000002        9886.1685316299609     
   3.0840000000000001        9886.1018996662169     
   3.0850000000000004        9886.0775413162009     
   3.0860000000000003        9886.0574026712820     
   3.0870000000000002        9886.0324449329328     
   3.0880000000000001        9886.0184250938946     
   3.0890000000000004        9886.0105320325529     
   3.0900000000000003        9886.0080250409192     
   3.0910000000000002        9885.9384946181963     
   3.0920000000000001        9885.9241947574628     
   3.0930000000000004        9885.8507628859425     
   3.0940000000000003        9885.8756714940228     
   3.0950000000000002        9885.9156330900278     
   3.0960000000000001        9885.8664372388848     
   3.0970000000000004        9885.9189656279032     
   3.0980000000000003        9885.9593624256195     
   3.0990000000000002        9885.9632917375784     
   3.1000000000000001        9886.0413917215028     
   3.1010000000000004        9886.1175761003997     
   3.1020000000000003        9886.1798751438328     
   3.1030000000000002        9886.1506843630486     
   3.1040000000000001        9886.2239239372011     
   3.1050000000000004        9886.1519603840825     
   3.1060000000000003        9886.1412561398811     
   3.1070000000000002        9886.1019977888482     
   3.1080000000000001        9886.0152219485462     
   3.1090000000000004        9886.0128222762105     
   3.1100000000000003        9885.9808961801500     
   3.1110000000000002        9885.8951985539243     
   3.1120000000000001        9885.8689597647463     
   3.1130000000000004        9885.8664307510626     
   3.1140000000000003        9885.7977747953919     
   3.1150000000000002        9885.7539904293844     
   3.1160000000000001        9885.7096747214673     
   3.1170000000000004        9885.6610664868258     
   3.1180000000000003        9885.6338345281420     
   3.1190000000000002        9885.5644391080841     
   3.1200000000000001        9885.5260032205515     
   3.1210000000000004        9885.4673207386513     
   3.1220000000000003        9885.4640195748379     
   3.1230000000000002        9885.4230851796656     
   3.1240000000000001        9885.3986043035875     
   3.1250000000000004        9885.4352611321756     
   3.1260000000000003        9885.4566723996304     
   3.1270000000000002        9885.7174414896526     
   3.1280000000000001        9885.8144314558322     
   3.1290000000000004        9885.9622217824017     
   3.1300000000000003        9886.1064882922838     
   3.1310000000000002        9886.0557621358566     
   3.1320000000000001        9886.0384553495060     
   3.1330000000000005        9886.1183667001624     
   3.1340000000000003        9886.0920989250517     
   3.1350000000000002        9886.0714969346045     
   3.1360000000000001        9886.0080227535909     
   3.1370000000000005        9886.0411783330437     
   3.1380000000000003        9885.9610300692348     
   3.1390000000000002        9885.9075040435782     
   3.1400000000000001        9885.9323934782660     
   3.1410000000000005        9885.8801847174382     
   3.1420000000000003        9885.8407360815581     
   3.1430000000000002        9885.7573009471325     
   3.1440000000000001        9885.7240351667479     
   3.1450000000000005        9885.6846167684143     
   3.1460000000000004        9885.6271637461959     
   3.1470000000000002        9885.5984033025397     
   3.1480000000000001        9885.5368694424178     
   3.1490000000000005        9885.4800356875821     
   3.1500000000000004        9885.4301053511481     
   3.1510000000000002        9885.3516229372963     
   3.1520000000000001        9885.3272448845601     
   3.1530000000000005        9885.3006103633488     
   3.1540000000000004        9885.4019572072521     
   3.1550000000000002        9885.4500452575139     
   3.1560000000000001        9885.5486398434568     
   3.1570000000000005        9885.7651898094573     
   3.1580000000000004        9885.8652887101744     
   3.1590000000000003        9886.0657663708098     
   3.1600000000000001        9886.1679266774117     
   3.1610000000000005        9886.2470641267701     
   3.1620000000000004        9886.2107281584031     
   3.1630000000000003        9886.3234627398688     
   3.1640000000000001        9886.2280883607764     
   3.1650000000000005        9886.1195541526959     
   3.1660000000000004        9886.1239271246031     
   3.1670000000000003        9886.0766916888733     
   3.1680000000000001        9885.9659676818774     
   3.1690000000000000        9885.9132134393622     
   3.1700000000000004        9885.8665805120290     
   3.1710000000000003        9885.8146914328227     
   3.1720000000000002        9885.7816970416989     
   3.1730000000000000        9885.7262848172286     
   3.1740000000000004        9885.6889242926936     
   3.1750000000000003        9885.6294993857173     
   3.1760000000000002        9885.5733195768134     
   3.1770000000000000        9885.5131629738044     
   3.1780000000000004        9885.4428759829698     
   3.1790000000000003        9885.3527212023055     
   3.1800000000000002        9885.2844182611152     
   3.1810000000000000        9885.3111284718434     
   3.1820000000000004        9885.2523618765372     
   3.1830000000000003        9885.2907912033570     
   3.1840000000000002        9885.4499640991780     
   3.1850000000000001        9885.5422404649144     
   3.1860000000000004        9885.7887635246989     
   3.1870000000000003        9885.9348395146189     
   3.1880000000000002        9886.3394928125890     
   3.1890000000000001        9886.5022149383512     
   3.1900000000000004        9886.5239840055110     
   3.1910000000000003        9886.6473238545732     
   3.1920000000000002        9886.6142742349366     
   3.1930000000000001        9886.6955310848680     
   3.1940000000000004        9886.5225249350260     
   3.1950000000000003        9886.4352125189707     
   3.1960000000000002        9886.3253062415570     
   3.1970000000000001        9886.2585352475016     
   3.1980000000000004        9886.1623069286452     
   3.1990000000000003        9886.1029912876129     
   3.2000000000000002        9886.0694713917837     
   3.2010000000000001        9886.0060435385640     
   3.2020000000000004        9885.9617247670849     
   3.2030000000000003        9885.9165295083239     
   3.2040000000000002        9885.8696442693272     
   3.2050000000000001        9885.8117423164895     
   3.2060000000000004        9885.7575683321629     
   3.2070000000000003        9885.6898637993363     
   3.2080000000000002        9885.6218057468814     
   3.2090000000000001        9885.5205729679728     
   3.2100000000000004        9885.4303657971304     
   3.2110000000000003        9885.3870023155469     
   3.2120000000000002        9885.3247493090985     
   3.2130000000000001        9885.3455738843331     
   3.2140000000000004        9885.4258298077766     
   3.2150000000000003        9885.6162368475671     
   3.2160000000000002        9885.7430386351116     
   3.2170000000000001        9886.1313216848321     
   3.2180000000000004        9886.3623154162688     
   3.2190000000000003        9886.5916796516303     
   3.2200000000000002        9886.6315265804988     
   3.2210000000000001        9886.7716652313648     
   3.2220000000000004        9886.7187876776170     
   3.2230000000000003        9886.7200047652641     
   3.2240000000000002        9886.6614357002127     
   3.2250000000000001        9886.5460020266746     
   3.2260000000000004        9886.3877039758590     
   3.2270000000000003        9886.3293888504722     
   3.2280000000000002        9886.2366551296673     
   3.2290000000000001        9886.1855767440884     
   3.2300000000000004        9886.1142401736197     
   3.2310000000000003        9886.0661220338825     
   3.2320000000000002        9886.0267939030637     
   3.2330000000000001        9885.9946450951538     
   3.2340000000000004        9885.9583420298877     
   3.2350000000000003        9885.9147051839027     
   3.2360000000000002        9885.8626457310766     
   3.2370000000000001        9885.8004598862026     
   3.2380000000000004        9885.7295002455012     
   3.2390000000000003        9885.6460310689781     
   3.2400000000000002        9885.5393691242243     
   3.2410000000000001        9885.4404208233573     
   3.2420000000000004        9885.4137463472889     
   3.2430000000000003        9885.3523759601339     
   3.2440000000000002        9885.4176309278373     
   3.2450000000000001        9885.5670757787211     
   3.2460000000000004        9885.7219943110485     
   3.2470000000000003        9885.8142721519107     
   3.2480000000000002        9886.0872694421942     
   3.2490000000000001        9886.4508615411632     
   3.2500000000000004        9886.7909331270184     
   3.2510000000000003        9886.9753754513295     
   3.2520000000000002        9887.0609810854930     
   3.2530000000000001        9886.9378137499989     
   3.2540000000000004        9886.7791863340935     
   3.2550000000000003        9886.6900053739701     
   3.2560000000000002        9886.5259098525930     
   3.2570000000000001        9886.4485166494087     
   3.2580000000000005        9886.3275494302452     
   3.2590000000000003        9886.2497670998746     
   3.2600000000000002        9886.1857227385717     
   3.2610000000000001        9886.1239421530390     
   3.2620000000000005        9886.0810240355640     
   3.2630000000000003        9886.0433467507137     
   3.2640000000000002        9886.0088840279132     
   3.2650000000000001        9885.9716901415850     
   3.2660000000000005        9885.9207122889220     
   3.2670000000000003        9885.8602253033569     
   3.2680000000000002        9885.7970713443501     
   3.2690000000000001        9885.7065113993922     
   3.2700000000000005        9885.6415244289019     
   3.2710000000000004        9885.5455748275763     
   3.2720000000000002        9885.4353633821574     
   3.2730000000000001        9885.3745305812172     
   3.2740000000000005        9885.3116595806332     
   3.2750000000000004        9885.3302303973251     
   3.2760000000000002        9885.3394794905143     
   3.2770000000000001        9885.5277758294033     
   3.2780000000000005        9885.8470967516314     
   3.2790000000000004        9886.1544229413157     
   3.2800000000000002        9886.4053011819651     
   3.2810000000000001        9886.8210007432590     
   3.2820000000000005        9886.7400873886818     
   3.2830000000000004        9886.7509627212876     
   3.2840000000000003        9886.7662085490574     
   3.2850000000000001        9886.7035157594582     
   3.2860000000000005        9886.5338879072169     
   3.2870000000000004        9886.4120836321326     
   3.2880000000000003        9886.2924689367446     
   3.2890000000000001        9886.2090308090192     
   3.2900000000000005        9886.1131112077928     
   3.2910000000000004        9886.0498931579659     
   3.2920000000000003        9886.0042043101748     
   3.2930000000000001        9885.9726698454797     
   3.2940000000000005        9885.9160605904999     
   3.2950000000000004        9885.8818249787546     
   3.2960000000000003        9885.8363736397896     
   3.2970000000000002        9885.7897188989573     
   3.2980000000000005        9885.7309113383162     
   3.2990000000000004        9885.6610009774522     
   3.3000000000000003        9885.5749151724722     
   3.3010000000000002        9885.4751621670985     
   3.3020000000000005        9885.3768603221724     
   3.3030000000000004        9885.2903962597502     
   3.3040000000000003        9885.2442524050184     
   3.3050000000000002        9885.1754881280031     
   3.3060000000000000        9885.3497166685756     
   3.3070000000000004        9885.4108261465080     
   3.3080000000000003        9885.6155882711864     
   3.3090000000000002        9885.8945165068817     
   3.3100000000000001        9886.3690373702666     
   3.3110000000000004        9886.2904320452417     
   3.3120000000000003        9886.7831089557512     
   3.3130000000000002        9886.7290551588358     
   3.3140000000000001        9886.7034140139476     
   3.3150000000000004        9886.7818303614113     
   3.3160000000000003        9886.6911668194862     
   3.3170000000000002        9886.5400923119432     
   3.3180000000000001        9886.4330674607045     
   3.3190000000000004        9886.3419244801134     
   3.3200000000000003        9886.2264853936504     
   3.3210000000000002        9886.1287328322305     
   3.3220000000000001        9886.0746481485385     
   3.3230000000000004        9886.0277015811316     
   3.3240000000000003        9885.9902521915847     
   3.3250000000000002        9885.9453257441583     
   3.3260000000000001        9885.9097712053590     
   3.3270000000000004        9885.8713043245170     
   3.3280000000000003        9885.8166182645709     
   3.3290000000000002        9885.7578007161192     
   3.3300000000000001        9885.6992646741273     
   3.3310000000000004        9885.6144578852382     
   3.3320000000000003        9885.5151500104166     
   3.3330000000000002        9885.4343000045246     
   3.3340000000000001        9885.3717297952808     
   3.3350000000000004        9885.2975613862800     
   3.3360000000000003        9885.3168222335571     
   3.3370000000000002        9885.3728986853002     
   3.3380000000000001        9885.4410880556934     
   3.3390000000000004        9885.6490398976257     
   3.3400000000000003        9886.0095604072758     
   3.3410000000000002        9886.0229091151105     
   3.3420000000000001        9886.3516210883954     
   3.3430000000000004        9886.6048773292168     
   3.3440000000000003        9886.7585640418311     
   3.3450000000000002        9886.7439898861339     
   3.3460000000000001        9886.7907513559421     
   3.3470000000000004        9886.6005201331609     
   3.3480000000000003        9886.4185133246101     
   3.3490000000000002        9886.3004625736412     
   3.3500000000000001        9886.1884941386543     
   3.3510000000000004        9886.1114859814279     
   3.3520000000000003        9886.0401631465757     
   3.3530000000000002        9885.9827038732165     
   3.3540000000000001        9885.9437863802832     
   3.3550000000000004        9885.9027599242854     
   3.3560000000000003        9885.8689021317623     
   3.3570000000000002        9885.8289032241137     
   3.3580000000000001        9885.7878914725934     
   3.3590000000000004        9885.7307706687825     
   3.3600000000000003        9885.6739385175570     
   3.3610000000000002        9885.5973886292359     
   3.3620000000000001        9885.4914969994497     
   3.3630000000000004        9885.4468353499869     
   3.3640000000000003        9885.3922979175732     
   3.3650000000000002        9885.3422264672063     
   3.3660000000000001        9885.2192283783825     
   3.3670000000000004        9885.2277947083785     
   3.3680000000000003        9885.2979494664905     
   3.3690000000000002        9885.4465559688979     
   3.3700000000000001        9885.6193784858697     
   3.3710000000000004        9885.8656697250717     
   3.3720000000000003        9886.1158041917624     
   3.3730000000000002        9886.1246367737313     
   3.3740000000000001        9886.2935050051001     
   3.3750000000000004        9886.3965270292265     
   3.3760000000000003        9886.2808566179374     
   3.3770000000000002        9886.1330436299431     
   3.3780000000000001        9886.0704486297673     
   3.3790000000000004        9885.9244476043441     
   3.3800000000000003        9885.8556703887480     
   3.3810000000000002        9885.7615802027758     
   3.3820000000000001        9885.6828888209966     
   3.3830000000000005        9885.6343854280931     
   3.3840000000000003        9885.5618251121759     
   3.3850000000000002        9885.5153855340523     
   3.3860000000000001        9885.4736259821839     
   3.3870000000000005        9885.4266018876333     
   3.3880000000000003        9885.3765139833249     
   3.3890000000000002        9885.3120766770462     
   3.3900000000000001        9885.2601484458319     
   3.3910000000000005        9885.1590986146675     
   3.3920000000000003        9885.0997234589431     
   3.3930000000000002        9885.0495851639553     
   3.3940000000000001        9884.9997171523264     
   3.3950000000000005        9885.0501925612207     
   3.3960000000000004        9885.0389389816028     
   3.3970000000000002        9885.1491677976810     
   3.3980000000000001        9885.2236306407776     
   3.3990000000000005        9885.4548056112235     
   3.4000000000000004        9885.6719633194789     
   3.4010000000000002        9885.8448535225471     
   3.4020000000000001        9886.1275433506835     
   3.4030000000000005        9886.0730992864355     
   3.4040000000000004        9886.0752907257247     
   3.4050000000000002        9886.1303499158985     
   3.4060000000000001        9886.1799828674339     
   3.4070000000000005        9886.0218153071510     
   3.4080000000000004        9885.9418378466798     
   3.4090000000000003        9885.9473645726848     
   3.4100000000000001        9885.9369165638745     
   3.4110000000000005        9885.8087663793194     
   3.4120000000000004        9885.6997378894976     
   3.4130000000000003        9885.6188166608081     
   3.4140000000000001        9885.5547029964509     
   3.4150000000000005        9885.5075238425288     
   3.4160000000000004        9885.4564877635912     
   3.4170000000000003        9885.3969280097699     
   3.4180000000000001        9885.3357614015458     
   3.4190000000000005        9885.2715485622502     
   3.4200000000000004        9885.1935656325804     
   3.4210000000000003        9885.1186087697552     
   3.4220000000000002        9885.0334636459720     
   3.4230000000000005        9884.9786570607612     
   3.4240000000000004        9884.9539941523981     
   3.4250000000000003        9884.9932950253478     
   3.4260000000000002        9885.0825393015239     
   3.4270000000000005        9885.2066987247654     
   3.4280000000000004        9885.2326200492062     
   3.4290000000000003        9885.5083688657560     
   3.4300000000000002        9885.5798618248064     
   3.4310000000000005        9885.7488511858774     
   3.4320000000000004        9885.7698637506455     
   3.4330000000000003        9885.8264134954352     
   3.4340000000000002        9885.8282184868785     
   3.4350000000000005        9885.8310219765171     
   3.4360000000000004        9885.7381617370993     
   3.4370000000000003        9885.7510100851505     
   3.4380000000000002        9885.7161579007461     
   3.4390000000000005        9885.6625389033052     
   3.4400000000000004        9885.5973961998043     
   3.4410000000000003        9885.5127576120722     
   3.4420000000000002        9885.3817251413584     
   3.4430000000000001        9885.3443078965793     
   3.4440000000000004        9885.2964786618049     
   3.4450000000000003        9885.2388906889482     
   3.4460000000000002        9885.1855539937824     
   3.4470000000000001        9885.1268404184430     
   3.4480000000000004        9885.0618136209741     
   3.4490000000000003        9884.9880422223068     
   3.4500000000000002        9884.9348265387780     
   3.4510000000000001        9884.8559801429874     
   3.4520000000000004        9884.8107490690454     
   3.4530000000000003        9884.7872690286258     
   3.4540000000000002        9884.8033340340553     
   3.4550000000000001        9884.8241806199112     
   3.4560000000000004        9884.8577829472815     
   3.4570000000000003        9884.9479539446929     
   3.4580000000000002        9885.1149713212471     
   3.4590000000000001        9885.1771161001598     
   3.4600000000000004        9885.3869060583202     
   3.4610000000000003        9885.5287336588099     
   3.4620000000000002        9885.4946016650229     
   3.4630000000000001        9885.6348102764096     
   3.4640000000000004        9885.6068056704335     
   3.4650000000000003        9885.6153144901182     
   3.4660000000000002        9885.5505470658991     
   3.4670000000000001        9885.5161434911006     
   3.4680000000000004        9885.3975059353725     
   3.4690000000000003        9885.3353051810263     
   3.4700000000000002        9885.2641977883832     
   3.4710000000000001        9885.2518370221314     
   3.4720000000000004        9885.1964436184517     
   3.4730000000000003        9885.1472433192721     
   3.4740000000000002        9885.0792990747905     
   3.4750000000000001        9885.0251543176983     
   3.4760000000000004        9884.9607953637824     
   3.4770000000000003        9884.9348711561415     
   3.4780000000000002        9884.8864234042303     
   3.4790000000000001        9884.8747194760417     
   3.4800000000000004        9884.8685210920812     
   3.4810000000000003        9884.8690329525270     
   3.4820000000000002        9884.7722604824849     
   3.4830000000000001        9884.7853200843765     
   3.4840000000000004        9884.7471262074887     
   3.4850000000000003        9884.8004262924369     
   3.4860000000000002        9884.8479809615910     
   3.4870000000000001        9884.9930616782167     
   3.4880000000000004        9885.1551404664151     
   3.4890000000000003        9885.2738889818811     
   3.4900000000000002        9885.3432255583903     
   3.4910000000000001        9885.4546570699094     
   3.4920000000000004        9885.4135181678685     
   3.4930000000000003        9885.5571179990220     
   3.4940000000000002        9885.4762395359830     
   3.4950000000000001        9885.4520809158603     
   3.4960000000000004        9885.3878318421757     
   3.4970000000000003        9885.3645795348202     
   3.4980000000000002        9885.2923009994793     
   3.4990000000000001        9885.2101184552048     
   3.5000000000000004        9885.1228813010257     
