   3.0000000000000004        9883.9758580898724     
   3.0010000000000003        9883.9362857282777     
   3.0020000000000002        9883.9728873239637     
   3.0030000000000001        9884.0873052096085     
   3.0040000000000004        9884.2744101164844     
   3.0050000000000003        9884.5280318330024     
   3.0060000000000002        9884.8399906441791     
   3.0070000000000001        9885.1932588433556     
   3.0080000000000005        9885.5701161683064     
   3.0090000000000003        9885.9455784657439     
   3.0100000000000002        9886.3016732638989     
   3.0110000000000001        9886.6281881077903     
   3.0120000000000005        9886.9146214278935     
   3.0130000000000003        9887.1547797836611     
   3.0140000000000002        9887.3442224653136     
   3.0150000000000001        9887.4817781476449     
   3.0160000000000005        9887.5669773381087     
   3.0170000000000003        9887.6003809340546     
   3.0180000000000002        9887.5842723590995     
   3.0190000000000001        9887.5208955489925     
   3.0200000000000005        9887.4125800560432     
   3.0210000000000004        9887.2626219507056     
   3.0220000000000002        9887.0754431284586     
   3.0230000000000001        9886.8570993039757     
   3.0240000000000005        9886.6164543458708     
   3.0250000000000004        9886.3610261353406     
   3.0260000000000002        9886.0958363803675     
   3.0270000000000001        9885.8299386725084     
   3.0280000000000005        9885.5699807131859     
   3.0290000000000004        9885.3225898073761     
   3.0300000000000002        9885.0927652252558     
   3.0310000000000001        9884.8842834769639     
   3.0320000000000000        9884.7002400328820     
   3.0330000000000004        9884.5524241578751     
   3.0340000000000003        9884.4514281179581     
   3.0350000000000001        9884.3958830463798     
   3.0360000000000000        9884.3843947325131     
   3.0370000000000004        9884.4152824978119     
   3.0380000000000003        9884.4880268044963     
   3.0390000000000001        9884.5969207838934     
   3.0400000000000000        9884.7408476011860     
   3.0410000000000004        9884.9076960700186     
   3.0420000000000003        9885.0894086114822     
   3.0430000000000001        9885.2757394632117     
   3.0440000000000000        9885.4556790770184     
   3.0450000000000004        9885.6255731693982     
   3.0460000000000003        9885.7786860548749     
   3.0470000000000002        9885.9098046440849     
   3.0480000000000000        9886.0133517587474     
   3.0490000000000004        9886.0858296647493     
   3.0500000000000003        9886.1241417849269     
   3.0510000000000002        9886.1293238445851     
   3.0520000000000000        9886.1023154868999     
   3.0530000000000004        9886.0439489910568     
   3.0540000000000003        9885.9556634493329     
   3.0550000000000002        9885.8421361861729     
   3.0560000000000000        9885.7083994860222     
   3.0570000000000004        9885.5566857602644     
   3.0580000000000003        9885.3927295779922     
   3.0590000000000002        9885.2221808034628     
   3.0600000000000001        9885.0518425340324     
   3.0610000000000004        9884.8912575517916     
   3.0620000000000003        9884.7445381745183     
   3.0630000000000002        9884.6137835325771     
   3.0640000000000001        9884.5050409192390     
   3.0650000000000004        9884.4226011192368     
   3.0660000000000003        9884.3708728484580     
   3.0670000000000002        9884.3533621026218     
   3.0680000000000001        9884.3759871923394     
   3.0690000000000004        9884.4362302561804     
   3.0700000000000003        9884.5271580888693     
   3.0710000000000002        9884.6420944744241     
   3.0720000000000001        9884.7754282931655     
   3.0730000000000004        9884.9163375568951     
   3.0740000000000003        9885.0592511450122     
   3.0750000000000002        9885.2010923699072     
   3.0760000000000001        9885.3367473709550     
   3.0770000000000004        9885.4563526439597     
   3.0780000000000003        9885.5565434719283     
   3.0790000000000002        9885.6356114038263     
   3.0800000000000001        9885.6908332179282     
   3.0810000000000004        9885.7181767523016     
   3.0820000000000003        9885.7172215412247     
   3.0830000000000002        9885.6883016271240     
   3.0840000000000001        9885.6348602537601     
   3.0850000000000004        9885.5594986191754     
   3.0860000000000003        9885.4640945860356     
   3.0870000000000002        9885.3536187132995     
   3.0880000000000001        9885.2333374312566     
   3.0890000000000004        9885.1041720709418     
   3.0900000000000003        9884.9717045550078     
   3.0910000000000002        9884.8420161795766     
   3.0920000000000001        9884.7210905058982     
   3.0930000000000004        9884.6109146616109     
   3.0940000000000003        9884.5171866993041     
   3.0950000000000002        9884.4466438461641     
   3.0960000000000001        9884.3998039405997     
   3.0970000000000004        9884.3744984476343     
   3.0980000000000003        9884.3732231809918     
   3.0990000000000002        9884.3991174864950     
   3.1000000000000001        9884.4520743465237     
   3.1010000000000004        9884.5221957017930     
   3.1020000000000003        9884.6070637759567     
   3.1030000000000002        9884.6999207271365     
   3.1040000000000001        9884.7996735537799     
   3.1050000000000004        9884.9013194455274     
   3.1060000000000003        9885.0008019274283     
   3.1070000000000002        9885.0908335274908     
   3.1080000000000001        9885.1691897831024     
   3.1090000000000004        9885.2339841471294     
   3.1100000000000003        9885.2819096529638     
   3.1110000000000002        9885.3121953988884     
   3.1120000000000001        9885.3233286604118     
   3.1130000000000004        9885.3149009856006     
   3.1140000000000003        9885.2864777001196     
   3.1150000000000002        9885.2386403195578     
   3.1160000000000001        9885.1720334975489     
   3.1170000000000004        9885.0872737972477     
   3.1180000000000003        9884.9859249184083     
   3.1190000000000002        9884.8737397554305     
   3.1200000000000001        9884.7568872046504     
   3.1210000000000004        9884.6372136670198     
   3.1220000000000003        9884.5228150507101     
   3.1230000000000002        9884.4186193080295     
   3.1240000000000001        9884.3255389783881     
   3.1250000000000004        9884.2497259808097     
   3.1260000000000003        9884.1935872442700     
   3.1270000000000002        9884.1630269300567     
   3.1280000000000001        9884.1639223663660     
   3.1290000000000004        9884.1915270531736     
   3.1300000000000003        9884.2406769777153     
   3.1310000000000002        9884.3153574226963     
   3.1320000000000001        9884.4149452854926     
   3.1330000000000005        9884.5341208372502     
   3.1340000000000003        9884.6639705516536     
   3.1350000000000002        9884.7945496836037     
   3.1360000000000001        9884.9217665120650     
   3.1370000000000005        9885.0397272890004     
   3.1380000000000003        9885.1423587570989     
   3.1390000000000002        9885.2272213019351     
   3.1400000000000001        9885.2928995206912     
   3.1410000000000005        9885.3361843521434     
   3.1420000000000003        9885.3564412573487     
   3.1430000000000002        9885.3510616809726     
   3.1440000000000001        9885.3197402660353     
   3.1450000000000005        9885.2599350529654     
   3.1460000000000004        9885.1744686169986     
   3.1470000000000002        9885.0648213160111     
   3.1480000000000001        9884.9349620522953     
   3.1490000000000005        9884.7913659422138     
   3.1500000000000004        9884.6433431969745     
   3.1510000000000002        9884.4982034876430     
   3.1520000000000001        9884.3592791318133     
   3.1530000000000005        9884.2312891473593     
   3.1540000000000004        9884.1191765917010     
   3.1550000000000002        9884.0343347238158     
   3.1560000000000001        9883.9805632219995     
   3.1570000000000005        9883.9613273056839     
   3.1580000000000004        9883.9801744248416     
   3.1590000000000003        9884.0358167296181     
   3.1600000000000001        9884.1268645359305     
   3.1610000000000005        9884.2448347278496     
   3.1620000000000004        9884.3809175661045     
   3.1630000000000003        9884.5315560285981     
   3.1640000000000001        9884.6911699655611     
   3.1650000000000005        9884.8549108667921     
   3.1660000000000004        9885.0082478347522     
   3.1670000000000003        9885.1473656636754     
   3.1680000000000001        9885.2642113021775     
   3.1690000000000000        9885.3547178049212     
   3.1700000000000004        9885.4143491351060     
   3.1710000000000003        9885.4404840405532     
   3.1720000000000002        9885.4335807801417     
   3.1730000000000000        9885.3934729973444     
   3.1740000000000004        9885.3216882586112     
   3.1750000000000003        9885.2205638889882     
   3.1760000000000002        9885.0936306704934     
   3.1770000000000000        9884.9444876199050     
   3.1780000000000004        9884.7777757603872     
   3.1790000000000003        9884.5999371422022     
   3.1800000000000002        9884.4161332034746     
   3.1810000000000000        9884.2355025818579     
   3.1820000000000004        9884.0692396178147     
   3.1830000000000003        9883.9235551621659     
   3.1840000000000002        9883.8091390089885     
   3.1850000000000001        9883.7342098166591     
   3.1860000000000004        9883.7030362060741     
   3.1870000000000003        9883.7151790844910     
   3.1880000000000002        9883.7771731289249     
   3.1890000000000001        9883.8880768741910     
   3.1900000000000004        9884.0364971572126     
   3.1910000000000003        9884.2170359545380     
   3.1920000000000002        9884.4214073375060     
   3.1930000000000001        9884.6410467604674     
   3.1940000000000004        9884.8618502189893     
   3.1950000000000003        9885.0718702754366     
   3.1960000000000002        9885.2641088793025     
   3.1970000000000001        9885.4303181006981     
   3.1980000000000004        9885.5631770801374     
   3.1990000000000003        9885.6564425066663     
   3.2000000000000002        9885.7096441839149     
   3.2010000000000001        9885.7216913151751     
   3.2020000000000004        9885.6932469318326     
   3.2030000000000003        9885.6258266392924     
   3.2040000000000002        9885.5217413143564     
   3.2050000000000001        9885.3836294914854     
   3.2060000000000004        9885.2151517560815     
   3.2070000000000003        9885.0206102098527     
   3.2080000000000002        9884.8060497985043     
   3.2090000000000001        9884.5783430300380     
   3.2100000000000004        9884.3468574979252     
   3.2110000000000003        9884.1211291607178     
   3.2120000000000002        9883.9104082326594     
   3.2130000000000001        9883.7289735139784     
   3.2140000000000004        9883.5870254334059     
   3.2150000000000003        9883.4937556583518     
   3.2160000000000002        9883.4538612829365     
   3.2170000000000001        9883.4732939260266     
   3.2180000000000004        9883.5549470528968     
   3.2190000000000003        9883.6874923042142     
   3.2200000000000002        9883.8610056144280     
   3.2210000000000001        9884.0683170238644     
   3.2220000000000004        9884.2996760470851     
   3.2230000000000003        9884.5406760442092     
   3.2240000000000002        9884.7840632605112     
   3.2250000000000001        9885.0239151173864     
   3.2260000000000004        9885.2445730834934     
   3.2270000000000003        9885.4389449365717     
   3.2280000000000002        9885.5999417278290     
   3.2290000000000001        9885.7208444912321     
   3.2300000000000004        9885.7985060774135     
   3.2310000000000003        9885.8305158784024     
   3.2320000000000002        9885.8179097499524     
   3.2330000000000001        9885.7623970470540     
   3.2340000000000004        9885.6673174363768     
   3.2350000000000003        9885.5352148274942     
   3.2360000000000002        9885.3710888497553     
   3.2370000000000001        9885.1785355969369     
   3.2380000000000004        9884.9640714265552     
   3.2390000000000003        9884.7347457644864     
   3.2400000000000002        9884.4956207712858     
   3.2410000000000001        9884.2554749650244     
   3.2420000000000004        9884.0242677169317     
   3.2430000000000003        9883.8125362709270     
   3.2440000000000002        9883.6322631890052     
   3.2450000000000001        9883.4955329079967     
   3.2460000000000004        9883.4068299780174     
   3.2470000000000003        9883.3726590550432     
   3.2480000000000002        9883.3974015265794     
   3.2490000000000001        9883.4788971234302     
   3.2500000000000004        9883.6180461912445     
   3.2510000000000003        9883.8113811640633     
   3.2520000000000002        9884.0431265323714     
   3.2530000000000001        9884.2967509698992     
   3.2540000000000004        9884.5604141453896     
   3.2550000000000003        9884.8209099129090     
   3.2560000000000002        9885.0704354341706     
   3.2570000000000001        9885.2974896153464     
   3.2580000000000005        9885.4915525202759     
   3.2590000000000003        9885.6476526025708     
   3.2600000000000002        9885.7632983556196     
   3.2610000000000001        9885.8363526507892     
   3.2620000000000005        9885.8651671671287     
   3.2630000000000003        9885.8487328704778     
   3.2640000000000002        9885.7878867999261     
   3.2650000000000001        9885.6842123355727     
   3.2660000000000005        9885.5412308274008     
   3.2670000000000003        9885.3649132569990     
   3.2680000000000002        9885.1601643078229     
   3.2690000000000001        9884.9321385218718     
   3.2700000000000005        9884.6906477548600     
   3.2710000000000004        9884.4428341193870     
   3.2720000000000002        9884.1986421424190     
   3.2730000000000001        9883.9657856542399     
   3.2740000000000005        9883.7541139397435     
   3.2750000000000004        9883.5726167706307     
   3.2760000000000002        9883.4324927790312     
   3.2770000000000001        9883.3411020314215     
   3.2780000000000005        9883.3057890342461     
   3.2790000000000004        9883.3305713079189     
   3.2800000000000002        9883.4160545436880     
   3.2810000000000001        9883.5590067740304     
   3.2820000000000005        9883.7522623914592     
   3.2830000000000004        9883.9828285773128     
   3.2840000000000003        9884.2363871754114     
   3.2850000000000001        9884.4998533299058     
   3.2860000000000005        9884.7596589704972     
   3.2870000000000004        9885.0066670716860     
   3.2880000000000003        9885.2293685272143     
   3.2890000000000001        9885.4182245027769     
   3.2900000000000005        9885.5687158099518     
   3.2910000000000004        9885.6754975455278     
   3.2920000000000003        9885.7369952037079     
   3.2930000000000001        9885.7528119332528     
   3.2940000000000005        9885.7230684261613     
   3.2950000000000004        9885.6493946393039     
   3.2960000000000003        9885.5339371037880     
   3.2970000000000002        9885.3788860713812     
   3.2980000000000005        9885.1889113676243     
   3.2990000000000004        9884.9699558186294     
   3.3000000000000003        9884.7288022137145     
   3.3010000000000002        9884.4742255781694     
   3.3020000000000005        9884.2149776477418     
   3.3030000000000004        9883.9613426023370     
   3.3040000000000003        9883.7245124125129     
   3.3050000000000002        9883.5142003384808     
   3.3060000000000000        9883.3409337562298     
   3.3070000000000004        9883.2150776284543     
   3.3080000000000003        9883.1462507569249     
   3.3090000000000002        9883.1426393284310     
   3.3100000000000001        9883.2044040415694     
   3.3110000000000004        9883.3259059258398     
   3.3120000000000003        9883.5006449288558     
   3.3130000000000002        9883.7168192889640     
   3.3140000000000001        9883.9633129162703     
   3.3150000000000004        9884.2341722531219     
   3.3160000000000003        9884.5091911392992     
   3.3170000000000002        9884.7776925546732     
   3.3180000000000001        9885.0306204164481     
   3.3190000000000004        9885.2556969270845     
   3.3200000000000003        9885.4467728421660     
   3.3210000000000002        9885.5983385667478     
   3.3220000000000001        9885.7065140562772     
   3.3230000000000004        9885.7688864328120     
   3.3240000000000003        9885.7831373143927     
   3.3250000000000002        9885.7499261006815     
   3.3260000000000001        9885.6714017543691     
   3.3270000000000004        9885.5497629901456     
   3.3280000000000003        9885.3882372694425     
   3.3290000000000002        9885.1914732412024     
   3.3300000000000001        9884.9663516937344     
   3.3310000000000004        9884.7207517070528     
   3.3320000000000003        9884.4632998008383     
   3.3330000000000002        9884.2023931860585     
   3.3340000000000001        9883.9482887449267     
   3.3350000000000004        9883.7113941316202     
   3.3360000000000003        9883.5026555622117     
   3.3370000000000002        9883.3324489666611     
   3.3380000000000001        9883.2134824115110     
   3.3390000000000004        9883.1510056298484     
   3.3400000000000003        9883.1519427257008     
   3.3410000000000002        9883.2203404717529     
   3.3420000000000001        9883.3494310556798     
   3.3430000000000004        9883.5294452331800     
   3.3440000000000003        9883.7522818888756     
   3.3450000000000002        9884.0084348979090     
   3.3460000000000001        9884.2782479926063     
   3.3470000000000004        9884.5451757592400     
   3.3480000000000003        9884.8010526861272     
   3.3490000000000002        9885.0348443241783     
   3.3500000000000001        9885.2419635973311     
   3.3510000000000004        9885.4149908425734     
   3.3520000000000003        9885.5466579552449     
   3.3530000000000002        9885.6333559734121     
   3.3540000000000001        9885.6735330025804     
   3.3550000000000004        9885.6695267060586     
   3.3560000000000003        9885.6232403018566     
   3.3570000000000002        9885.5356555637391     
   3.3580000000000001        9885.4082388831339     
   3.3590000000000004        9885.2460946252941     
   3.3600000000000003        9885.0538493837794     
   3.3610000000000002        9884.8380637122591     
   3.3620000000000001        9884.6063662955366     
   3.3630000000000004        9884.3666497866288     
   3.3640000000000003        9884.1288965411477     
   3.3650000000000002        9883.9012502895766     
   3.3660000000000001        9883.6929302477947     
   3.3670000000000004        9883.5136381199572     
   3.3680000000000003        9883.3779163928775     
   3.3690000000000002        9883.2894798699544     
   3.3700000000000001        9883.2519922190895     
   3.3710000000000004        9883.2693284445759     
   3.3720000000000003        9883.3415398214674     
   3.3730000000000002        9883.4647997956617     
   3.3740000000000001        9883.6328368024879     
   3.3750000000000004        9883.8351434183769     
   3.3760000000000003        9884.0575141407844     
   3.3770000000000002        9884.2858206213568     
   3.3780000000000001        9884.5068872528791     
   3.3790000000000004        9884.7085295016968     
   3.3800000000000003        9884.8829125628672     
   3.3810000000000002        9885.0258304564668     
   3.3820000000000001        9885.1345425699146     
   3.3830000000000005        9885.2058866385632     
   3.3840000000000003        9885.2378872544068     
   3.3850000000000002        9885.2319463724998     
   3.3860000000000001        9885.1860739513377     
   3.3870000000000005        9885.1031343813993     
   3.3880000000000003        9884.9859503958996     
   3.3890000000000002        9884.8384405389443     
   3.3900000000000001        9884.6645624901448     
   3.3910000000000005        9884.4717431525369     
   3.3920000000000003        9884.2678711102835     
   3.3930000000000002        9884.0605006188598     
   3.3940000000000001        9883.8593453078756     
   3.3950000000000005        9883.6730897204798     
   3.3960000000000004        9883.5129340067942     
   3.3970000000000002        9883.3896788359507     
   3.3980000000000001        9883.3084768392273     
   3.3990000000000005        9883.2744620749054     
   3.4000000000000004        9883.2923173382169     
   3.4010000000000002        9883.3570657427954     
   3.4020000000000001        9883.4675885133784     
   3.4030000000000005        9883.6168705873843     
   3.4040000000000004        9883.7908385498813     
   3.4050000000000002        9883.9789929557992     
   3.4060000000000001        9884.1755249028629     
   3.4070000000000005        9884.3718864105067     
   3.4080000000000004        9884.5609291442088     
   3.4090000000000003        9884.7323394847426     
   3.4100000000000001        9884.8824346671609     
   3.4110000000000005        9885.0060661056723     
   3.4120000000000004        9885.0941488298795     
   3.4130000000000003        9885.1444869109873     
   3.4140000000000001        9885.1575435336035     
   3.4150000000000005        9885.1334461950373     
   3.4160000000000004        9885.0736160971901     
   3.4170000000000003        9884.9798327263670     
   3.4180000000000001        9884.8561114165695     
   3.4190000000000005        9884.7077747747371     
   3.4200000000000004        9884.5400942542656     
   3.4210000000000003        9884.3586185528075     
   3.4220000000000002        9884.1709759566093     
   3.4230000000000005        9883.9847850322330     
   3.4240000000000004        9883.8073909046943     
   3.4250000000000003        9883.6496619407990     
   3.4260000000000002        9883.5207091346747     
   3.4270000000000005        9883.4261121574564     
   3.4280000000000004        9883.3683992866263     
   3.4290000000000003        9883.3514596564055     
   3.4300000000000002        9883.3729386362957     
   3.4310000000000005        9883.4379949417798     
   3.4320000000000004        9883.5399313080616     
   3.4330000000000003        9883.6749503373176     
   3.4340000000000002        9883.8311343714868     
   3.4350000000000005        9883.9988647389673     
   3.4360000000000004        9884.1664404638468     
   3.4370000000000003        9884.3230673193066     
   3.4380000000000002        9884.4696860116328     
   3.4390000000000005        9884.6010700646766     
   3.4400000000000004        9884.7094280122819     
   3.4410000000000003        9884.7926401470559     
   3.4420000000000002        9884.8467389354737     
   3.4430000000000001        9884.8677887014837     
   3.4440000000000004        9884.8554128578726     
   3.4450000000000003        9884.8121573432072     
   3.4460000000000002        9884.7381506699585     
   3.4470000000000001        9884.6372980831675     
   3.4480000000000004        9884.5118691987573     
   3.4490000000000003        9884.3676257694206     
   3.4500000000000002        9884.2104513856339     
   3.4510000000000001        9884.0458120299190     
   3.4520000000000004        9883.8808819380884     
   3.4530000000000003        9883.7224650115641     
   3.4540000000000002        9883.5782460366572     
   3.4550000000000001        9883.4550098819527     
   3.4560000000000004        9883.3611175738915     
   3.4570000000000003        9883.3015949401397     
   3.4580000000000002        9883.2742798620075     
   3.4590000000000001        9883.2888518260443     
   3.4600000000000004        9883.3463834184513     
   3.4610000000000003        9883.4381598558903     
   3.4620000000000002        9883.5573576282768     
   3.4630000000000001        9883.7006154791379     
   3.4640000000000004        9883.8562754088434     
   3.4650000000000003        9884.0130689526977     
   3.4660000000000002        9884.1675359592318     
   3.4670000000000001        9884.3143903991877     
   3.4680000000000004        9884.4437392845139     
   3.4690000000000003        9884.5516552261615     
   3.4700000000000002        9884.6344253299594     
   3.4710000000000001        9884.6910185178567     
   3.4720000000000004        9884.7217122171278     
   3.4730000000000003        9884.7228042127499     
   3.4740000000000002        9884.6951672923533     
   3.4750000000000001        9884.6384202873323     
   3.4760000000000004        9884.5542765357022     
   3.4770000000000003        9884.4457502675705     
   3.4780000000000002        9884.3175708230647     
   3.4790000000000001        9884.1764726776528     
   3.4800000000000004        9884.0290915552032     
   3.4810000000000003        9883.8809599937413     
   3.4820000000000002        9883.7384846661789     
   3.4830000000000001        9883.6069877817754     
   3.4840000000000004        9883.4933267355827     
   3.4850000000000003        9883.4023554456689     
   3.4860000000000002        9883.3396418871562     
   3.4870000000000001        9883.3063257542726     
   3.4880000000000004        9883.3029538518476     
   3.4890000000000003        9883.3335154469150     
   3.4900000000000002        9883.3982421281653     
   3.4910000000000001        9883.4910099236076     
   3.4920000000000004        9883.6071680159057     
   3.4930000000000003        9883.7398790375646     
   3.4940000000000002        9883.8774059786065     
   3.4950000000000001        9884.0174663286380     
   3.4960000000000004        9884.1507171403391     
   3.4970000000000003        9884.2753899696745     
   3.4980000000000002        9884.3842217449728     
   3.4990000000000001        9884.4729190780781     
   3.5000000000000004        9884.5384686352227     
