   3.5000000000000004        7.6485432203403855E-002
   3.5000100000000001        6.3707800021670466E-002
   3.5000200000000001        7.4583961264834603E-002
   3.5000300000000002        6.2732657953986110E-002
   3.5000400000000003        7.3958385741981797E-002
   3.5000500000000003        6.2935314846376503E-002
   3.5000600000000004        7.1898728273710105E-002
   3.5000700000000005        6.3603151842879277E-002
   3.5000800000000001        7.0075304148930109E-002
   3.5000900000000001        6.1996005285607038E-002
   3.5001000000000002        7.0696979224020143E-002
   3.5001100000000003        5.9501482853433645E-002
   3.5001200000000003        6.9352978998349080E-002
   3.5001300000000004        5.8026861610846997E-002
   3.5001400000000005        7.1879470669055201E-002
   3.5001500000000001        5.8779977553361736E-002
   3.5001600000000002        6.9518265699461942E-002
   3.5001700000000002        5.8084618407647989E-002
   3.5001800000000003        7.2718959048688442E-002
   3.5001900000000004        6.0476988535811113E-002
   3.5002000000000004        7.0194355210635773E-002
   3.5002100000000005        6.2770185526128813E-002
   3.5002200000000001        7.0384583491155478E-002
   3.5002300000000002        6.4639826619484100E-002
   3.5002400000000002        6.9125469012677201E-002
   3.5002500000000003        6.4526910839315985E-002
   3.5002600000000004        7.2258839425402122E-002
   3.5002700000000004        6.3414044253978508E-002
   3.5002800000000005        6.9303917613175281E-002
   3.5002900000000001        6.7980468394421276E-002
   3.5003000000000002        7.0270960792987600E-002
   3.5003100000000003        6.6670031668680851E-002
   3.5003200000000003        7.0235250134399574E-002
   3.5003300000000004        6.8642078942172585E-002
   3.5003400000000005        7.0815847515634703E-002
   3.5003500000000001        7.0678108204406218E-002
   3.5003600000000001        7.0320838089380708E-002
   3.5003700000000002        7.0853005926343554E-002
   3.5003800000000003        6.7929980238987317E-002
   3.5003900000000003        7.1450177135789120E-002
   3.5004000000000004        6.2977411332647337E-002
   3.5004100000000005        6.8533626491000629E-002
   3.5004200000000001        6.1829927193792635E-002
   3.5004300000000002        6.8268945443497528E-002
   3.5004400000000002        5.9558222830612767E-002
   3.5004500000000003        6.8804759701716872E-002
   3.5004600000000003        6.3063149829821308E-002
   3.5004700000000004        6.5229768755027714E-002
   3.5004800000000005        7.1206883596842560E-002
   3.5004900000000001        6.5286964820899643E-002
   3.5005000000000002        6.7535977778753850E-002
   3.5005100000000002        6.4066403197387614E-002
   3.5005200000000003        6.8523291389660318E-002
   3.5005300000000004        6.3331945372733053E-002
   3.5005400000000004        6.6905847429998930E-002
   3.5005500000000005        6.2707665850036773E-002
   3.5005600000000001        7.0646376079051248E-002
   3.5005700000000002        6.1625790315614187E-002
   3.5005800000000002        6.7121345192996520E-002
   3.5005900000000003        6.4201809428764176E-002
   3.5006000000000004        6.6356865116040137E-002
   3.5006100000000004        6.1381612386812556E-002
   3.5006200000000001        7.0415613067496233E-002
   3.5006300000000001        5.9778020475638946E-002
   3.5006400000000002        6.6100929515458137E-002
   3.5006500000000003        5.9541559898276558E-002
   3.5006600000000003        6.7573296551735121E-002
   3.5006700000000004        6.0362191794813086E-002
   3.5006800000000005        6.8494035813356877E-002
   3.5006900000000001        5.9967242092529051E-002
   3.5007000000000001        7.1485144850284732E-002
   3.5007100000000002        5.9503461099762261E-002
   3.5007200000000003        7.2644492808646696E-002
   3.5007300000000003        5.6536423808219889E-002
   3.5007400000000004        7.5636382696207247E-002
   3.5007500000000005        6.0443377782094056E-002
   3.5007600000000001        7.4037532926376035E-002
   3.5007700000000002        5.9756654084001742E-002
   3.5007800000000002        7.1187839104528625E-002
   3.5007900000000003        6.3313151262181372E-002
   3.5008000000000004        7.0687703079605285E-002
   3.5008100000000004        6.2065912786316658E-002
   3.5008200000000005        6.9449353569226324E-002
   3.5008300000000001        6.3190760544681354E-002
   3.5008400000000002        6.7929871209875994E-002
   3.5008500000000002        6.3147487290820592E-002
   3.5008600000000003        6.8921816215930867E-002
   3.5008700000000004        6.1443501145870751E-002
   3.5008800000000004        6.8670527151752647E-002
   3.5008900000000005        6.1410746082378648E-002
   3.5009000000000001        7.0430699819824250E-002
   3.5009100000000002        6.0498339697350051E-002
   3.5009200000000003        6.9513653142210238E-002
   3.5009300000000003        6.0381644315383828E-002
   3.5009400000000004        6.7195861594154305E-002
   3.5009500000000005        5.9478592116715814E-002
   3.5009600000000001        6.9212113473635969E-002
   3.5009700000000001        5.8412086760407218E-002
   3.5009800000000002        7.0812713658113757E-002
   3.5009900000000003        5.5874734566387169E-002
   3.5010000000000003        6.5540001865282291E-002
   3.5010100000000004        5.7030514966847266E-002
   3.5010200000000005        6.3686254668324352E-002
   3.5010300000000001        5.4942022334566146E-002
   3.5010400000000002        6.4646768132486002E-002
   3.5010500000000002        5.7369152006728742E-002
   3.5010600000000003        6.0154988529730780E-002
   3.5010700000000003        6.1126264193218427E-002
   3.5010800000000004        6.1745703364855534E-002
   3.5010900000000005        5.6282255303407192E-002
   3.5011000000000001        6.1283492451313953E-002
   3.5011100000000002        5.8098700372497911E-002
   3.5011200000000002        5.9070360276447326E-002
   3.5011300000000003        5.3825217290239008E-002
   3.5011400000000004        5.9804576913338542E-002
   3.5011500000000004        5.7477608762197784E-002
   3.5011600000000005        5.7109713961334976E-002
   3.5011700000000001        5.3626113218043781E-002
   3.5011800000000002        6.0270024654023022E-002
   3.5011900000000002        5.8483090791178478E-002
   3.5012000000000003        6.0257362168931669E-002
   3.5012100000000004        5.2283635534885443E-002
   3.5012200000000004        6.4444964990439585E-002
   3.5012300000000001        5.2033370395863185E-002
   3.5012400000000001        6.1688577707927052E-002
   3.5012500000000002        5.5108935631976726E-002
   3.5012600000000003        6.3708727849865088E-002
   3.5012700000000003        5.7361736773412289E-002
   3.5012800000000004        6.4870288978644580E-002
   3.5012900000000005        5.7281705947911578E-002
   3.5013000000000001        5.8502964730577464E-002
   3.5013100000000001        6.0018906802890570E-002
   3.5013200000000002        6.0606342050444448E-002
   3.5013300000000003        6.1378896453656503E-002
   3.5013400000000003        6.0985524564996806E-002
   3.5013500000000004        5.8202800182713892E-002
   3.5013600000000005        6.4989415128417424E-002
   3.5013700000000001        5.8050270757101896E-002
   3.5013800000000002        6.3350422527303663E-002
   3.5013900000000002        5.7052711135256215E-002
   3.5014000000000003        6.3399657237542373E-002
   3.5014100000000004        5.4794436601265643E-002
   3.5014200000000004        6.1625643595875884E-002
   3.5014300000000005        5.7877193593941487E-002
   3.5014400000000001        6.2396974064316948E-002
   3.5014500000000002        5.8127813223295716E-002
   3.5014600000000002        6.1876720956040743E-002
   3.5014700000000003        6.0670128040810942E-002
   3.5014800000000004        6.0018017755517634E-002
   3.5014900000000004        6.4904231509122487E-002
   3.5015000000000005        6.1418054907042219E-002
   3.5015100000000001        6.1218141325040457E-002
   3.5015200000000002        6.1558362283276893E-002
   3.5015300000000003        6.2139365379792616E-002
   3.5015400000000003        6.3084171691209390E-002
   3.5015500000000004        6.2567071313277656E-002
   3.5015600000000004        6.6739086308476053E-002
   3.5015700000000001        6.0479265638095761E-002
   3.5015800000000001        6.3300628156764446E-002
   3.5015900000000002        6.3245579377389463E-002
   3.5016000000000003        6.3764216665966822E-002
   3.5016100000000003        5.9813307710624257E-002
   3.5016200000000004        6.6067739367809838E-002
   3.5016300000000005        5.8884373227136647E-002
   3.5016400000000001        6.5998748953521716E-002
   3.5016500000000002        5.9760328149828464E-002
   3.5016600000000002        6.2900958264839560E-002
   3.5016700000000003        6.2368936964912115E-002
   3.5016800000000003        6.1961332373836074E-002
   3.5016900000000004        6.1358146014361792E-002
   3.5017000000000005        6.1906689594405429E-002
   3.5017100000000001        6.3260528543177444E-002
   3.5017200000000002        5.7998096202464967E-002
   3.5017300000000002        6.5539038683943660E-002
   3.5017400000000003        5.8026981482845512E-002
   3.5017500000000004        6.1072903570913148E-002
   3.5017600000000004        6.0861476610555611E-002
   3.5017700000000005        6.2964514621113146E-002
   3.5017800000000001        5.9229350832059741E-002
   3.5017900000000002        6.2295095824267711E-002
   3.5018000000000002        5.7865357851248037E-002
   3.5018100000000003        5.9204642660635506E-002
   3.5018200000000004        5.7971357071053740E-002
   3.5018300000000004        6.1692873031157572E-002
   3.5018400000000005        5.6445402473165089E-002
   3.5018500000000001        6.0015326740195420E-002
   3.5018600000000002        5.6826378312136896E-002
   3.5018700000000003        5.9357892538859494E-002
   3.5018800000000003        5.4774972774625362E-002
   3.5018900000000004        5.7991030761620987E-002
   3.5019000000000005        5.5984159438950798E-002
   3.5019100000000001        5.6962357495777334E-002
   3.5019200000000001        5.3983359042978497E-002
   3.5019300000000002        6.1032037648324135E-002
   3.5019400000000003        5.3164999653709806E-002
   3.5019500000000003        6.1744281769602803E-002
   3.5019600000000004        5.0474902025278608E-002
   3.5019700000000005        6.2562066951023246E-002
   3.5019800000000001        5.0018285436818695E-002
   3.5019900000000002        6.1598939535469757E-002
   3.5020000000000002        5.2579041193935000E-002
   3.5020100000000003        5.8592952350026359E-002
   3.5020200000000004        5.8646263947522030E-002
   3.5020300000000004        5.5526854629486110E-002
   3.5020400000000005        6.2491410649752728E-002
   3.5020500000000001        5.4774795055251943E-002
   3.5020600000000002        5.6687218593198391E-002
   3.5020700000000002        6.3329907637436705E-002
   3.5020800000000003        5.5615696308001464E-002
   3.5020900000000004        6.7757103686636080E-002
   3.5021000000000004        5.6315279124347160E-002
   3.5021100000000005        6.0227869013986246E-002
   3.5021200000000001        5.8274515451738805E-002
   3.5021300000000002        5.7308289286802122E-002
   3.5021400000000003        5.7453984865621657E-002
   3.5021500000000003        5.4647881095055063E-002
   3.5021600000000004        6.1869965190622912E-002
   3.5021700000000004        5.4315872399407474E-002
   3.5021800000000001        5.9008654966844758E-002
   3.5021900000000001        5.3217351232213932E-002
   3.5022000000000002        5.8436218623761790E-002
   3.5022100000000003        5.4496730133673371E-002
   3.5022200000000003        5.9820075652774765E-002
   3.5022300000000004        5.7425850223013879E-002
   3.5022400000000005        6.0060688117810172E-002
   3.5022500000000001        5.4318396489444039E-002
   3.5022600000000002        5.8854554484025136E-002
   3.5022700000000002        5.3044532015538257E-002
   3.5022800000000003        6.0076207200336108E-002
   3.5022900000000003        5.3328988819863990E-002
   3.5023000000000004        6.0946700504870055E-002
   3.5023100000000005        5.6522918703319769E-002
   3.5023200000000001        5.9629359187698204E-002
   3.5023300000000002        5.7868551003688949E-002
   3.5023400000000002        6.0322516229334766E-002
   3.5023500000000003        6.0166085666754569E-002
   3.5023600000000004        5.6889858841588245E-002
   3.5023700000000004        6.0781100276690335E-002
   3.5023800000000005        5.6802965750140239E-002
   3.5023900000000001        6.0506708320416207E-002
   3.5024000000000002        5.4876294287951127E-002
   3.5024100000000002        6.4942292969192988E-002
   3.5024200000000003        5.7640289074785113E-002
   3.5024300000000004        6.3787998101509202E-002
   3.5024400000000004        5.9709353294800760E-002
   3.5024500000000005        6.4800959635667718E-002
   3.5024600000000001        6.1378934589880182E-002
   3.5024700000000002        6.4520318179519240E-002
   3.5024800000000003        6.2677544503752791E-002
   3.5024900000000003        6.2411634538637094E-002
   3.5025000000000004        6.2909063720636427E-002
   3.5025100000000005        6.1989261848135434E-002
   3.5025200000000001        6.5835450392208450E-002
   3.5025300000000001        6.1284722820017741E-002
   3.5025400000000002        5.5977655499723583E-002
   3.5025500000000003        6.4015784924270097E-002
   3.5025600000000003        5.5401090692429787E-002
   3.5025700000000004        6.0388342609677507E-002
   3.5025800000000005        5.7616889062649994E-002
   3.5025900000000001        6.1509523591941874E-002
   3.5026000000000002        5.7226787740755958E-002
   3.5026100000000002        5.7785199659296405E-002
   3.5026200000000003        5.7426230703560510E-002
   3.5026300000000004        5.6871630701058121E-002
   3.5026400000000004        6.1061896236904382E-002
   3.5026500000000005        5.7464129701670030E-002
   3.5026600000000001        6.1228143925297573E-002
   3.5026700000000002        5.8928348599710328E-002
   3.5026800000000002        5.7746135903745138E-002
   3.5026900000000003        5.9283627239102014E-002
   3.5027000000000004        6.1850920740161242E-002
   3.5027100000000004        5.8552847361594232E-002
   3.5027200000000005        6.2640526878289610E-002
   3.5027300000000001        5.6546739160184420E-002
   3.5027400000000002        6.6872965592175190E-002
   3.5027500000000003        5.7495454382176618E-002
   3.5027600000000003        6.6942989962489735E-002
   3.5027700000000004        6.0015638388833489E-002
   3.5027800000000004        6.8598500400076687E-002
   3.5027900000000001        5.8142159657218202E-002
   3.5028000000000001        6.9063510724222094E-002
   3.5028100000000002        5.7649719301507925E-002
   3.5028200000000003        6.6364462684600209E-002
   3.5028300000000003        5.7556504992349364E-002
   3.5028400000000004        6.6695125237383288E-002
   3.5028500000000005        5.7468739294641684E-002
   3.5028600000000001        6.2772164286070950E-002
   3.5028700000000002        5.7852928860557574E-002
   3.5028800000000002        6.2726900492354007E-002
   3.5028900000000003        5.8621995028940853E-002
   3.5029000000000003        6.3939335426985225E-002
   3.5029100000000004        5.9878354812486385E-002
   3.5029200000000005        6.2210276769003398E-002
   3.5029300000000001        5.8842705636031292E-002
   3.5029400000000002        6.2617472677060387E-002
   3.5029500000000002        5.8281823800014627E-002
   3.5029600000000003        6.1425134782625200E-002
   3.5029700000000004        5.5824730037624108E-002
   3.5029800000000004        6.2539499299902143E-002
   3.5029900000000005        5.4803262990184932E-002
   3.5030000000000001        6.6299701492658805E-002
   3.5030100000000002        5.4516078175517957E-002
   3.5030200000000002        6.3634328108427923E-002
   3.5030300000000003        5.6398707500356089E-002
   3.5030400000000004        6.6463560717729464E-002
   3.5030500000000004        5.6465612091407935E-002
   3.5030600000000005        6.8905746825891595E-002
   3.5030700000000001        5.6303188053339941E-002
   3.5030800000000002        7.1759138513374954E-002
   3.5030900000000003        5.6230882691653293E-002
   3.5031000000000003        7.4121376283027132E-002
   3.5031100000000004        5.7723695686922927E-002
   3.5031200000000005        6.8641942356667637E-002
   3.5031300000000001        6.1586322470435842E-002
   3.5031400000000001        6.0028760448645253E-002
   3.5031500000000002        6.5130631753741827E-002
   3.5031600000000003        5.8575180669983469E-002
   3.5031700000000003        6.3759793089758668E-002
   3.5031800000000004        5.7854199891810801E-002
   3.5031900000000005        6.5548657425590323E-002
   3.5032000000000001        5.7300231396613915E-002
   3.5032100000000002        6.1144726070130460E-002
   3.5032200000000002        5.7754339540052213E-002
   3.5032300000000003        6.1541266003837872E-002
   3.5032400000000004        5.6868378002363752E-002
   3.5032500000000004        6.1588349302970385E-002
   3.5032600000000005        6.0663280544467846E-002
   3.5032700000000001        5.7116278280590287E-002
   3.5032800000000002        6.1143510364476655E-002
   3.5032900000000002        5.6277283672881692E-002
   3.5033000000000003        6.3641694299680779E-002
   3.5033100000000004        5.6520844390488545E-002
   3.5033200000000004        6.6214149246262302E-002
   3.5033300000000005        5.6697124616824329E-002
   3.5033400000000001        6.1600322554709944E-002
   3.5033500000000002        5.9956053461566322E-002
   3.5033600000000003        5.6879757347998730E-002
   3.5033700000000003        6.1166716753660033E-002
   3.5033800000000004        5.6232851246748303E-002
   3.5033900000000004        6.3180023400445498E-002
   3.5034000000000001        5.7586180621101830E-002
   3.5034100000000001        6.3619892222706212E-002
   3.5034200000000002        5.5005731513834928E-002
   3.5034300000000003        6.6100189379599869E-002
   3.5034400000000003        5.2239190882541975E-002
   3.5034500000000004        6.4608551130957551E-002
   3.5034600000000005        5.1770647255580012E-002
   3.5034700000000001        6.6167328320199725E-002
   3.5034800000000001        5.3262470149762098E-002
   3.5034900000000002        6.1625444079453980E-002
   3.5035000000000003        5.3037882143351346E-002
   3.5035100000000003        6.3974328256267352E-002
   3.5035200000000004        5.2112518713804956E-002
   3.5035300000000005        6.3908640030865702E-002
   3.5035400000000001        5.2527210803158107E-002
   3.5035500000000002        6.4601366415548991E-002
   3.5035600000000002        5.0262567531825890E-002
   3.5035700000000003        6.6753081356889968E-002
   3.5035800000000004        5.1325391295320100E-002
   3.5035900000000004        6.2226349262887247E-002
   3.5036000000000005        5.0690175304990627E-002
   3.5036100000000001        6.2526759007331636E-002
   3.5036200000000002        5.1576215347134899E-002
   3.5036300000000002        6.1889990193623713E-002
   3.5036400000000003        5.1664167112236661E-002
   3.5036500000000004        6.4416319530528982E-002
   3.5036600000000004        5.2627837124337468E-002
   3.5036700000000005        6.1367000378989796E-002
   3.5036800000000001        5.0149848350802086E-002
   3.5036900000000002        6.1531325506420875E-002
   3.5037000000000003        5.0970442824960951E-002
   3.5037100000000003        6.0337044917648783E-002
   3.5037200000000004        4.9352470891535362E-002
   3.5037300000000005        5.7730579217527313E-002
   3.5037400000000001        5.1898416984723181E-002
   3.5037500000000001        6.2637935709732806E-002
   3.5037600000000002        5.3597288709347192E-002
   3.5037700000000003        6.1133148340629648E-002
   3.5037800000000003        5.4896088104827809E-002
   3.5037900000000004        6.1440691354150617E-002
   3.5038000000000005        5.7142249282534766E-002
   3.5038100000000001        6.1910439997660778E-002
   3.5038200000000002        6.1390414941001073E-002
   3.5038300000000002        6.3966385441725226E-002
   3.5038400000000003        5.6508231846202663E-002
   3.5038500000000004        6.6710711550403839E-002
   3.5038600000000004        5.8569935120269929E-002
   3.5038700000000005        6.5881653998145814E-002
   3.5038800000000001        6.0901792960427074E-002
   3.5038900000000002        6.6661965514077770E-002
   3.5039000000000002        5.5366580359215649E-002
   3.5039100000000003        6.5593466060865732E-002
   3.5039200000000004        5.9048879002776229E-002
   3.5039300000000004        6.1769931528602232E-002
   3.5039400000000005        6.0445147303135709E-002
   3.5039500000000001        6.1232253110664492E-002
   3.5039600000000002        5.6601707027179912E-002
   3.5039700000000003        6.2506280079595286E-002
   3.5039800000000003        5.4940443751158974E-002
   3.5039900000000004        6.2155402369827223E-002
   3.5040000000000004        5.5718287176444718E-002
   3.5040100000000001        5.9724241690664349E-002
   3.5040200000000001        5.8860470279777269E-002
   3.5040300000000002        5.5148834668782336E-002
   3.5040400000000003        6.2395212631481796E-002
   3.5040500000000003        5.8136901018114188E-002
   3.5040600000000004        6.0700582019222855E-002
   3.5040700000000005        5.9639595137739858E-002
   3.5040800000000001        6.6004113284774041E-002
   3.5040900000000001        5.7185789895567822E-002
   3.5041000000000002        6.7735693261007618E-002
   3.5041100000000003        5.8339649698729727E-002
   3.5041200000000003        6.0812510401782968E-002
   3.5041300000000004        6.0792661137361162E-002
   3.5041400000000005        6.2388258049620553E-002
   3.5041500000000001        6.1431490127816943E-002
   3.5041600000000002        6.0638992678877547E-002
   3.5041700000000002        6.1140324532109061E-002
   3.5041800000000003        6.0669311599930054E-002
   3.5041900000000004        6.4904189215336638E-002
   3.5042000000000004        5.6302083478462418E-002
   3.5042100000000005        6.6551014536793754E-002
   3.5042200000000001        5.5672915826413080E-002
   3.5042300000000002        6.1595817878448964E-002
   3.5042400000000002        5.4937617396504421E-002
   3.5042500000000003        5.9174906021775726E-002
   3.5042600000000004        5.2330215559954769E-002
   3.5042700000000004        6.1502515472723729E-002
   3.5042800000000005        5.1997145494299513E-002
   3.5042900000000001        5.9219019410894753E-002
   3.5043000000000002        5.0795314243721197E-002
   3.5043100000000003        6.0685861817791800E-002
   3.5043200000000003        5.0545146920752036E-002
   3.5043300000000004        5.9759877013042403E-002
   3.5043400000000005        4.9713210065079338E-002
   3.5043500000000001        6.1659560312641179E-002
   3.5043600000000001        5.1895796747728255E-002
   3.5043700000000002        5.8390668841699619E-002
   3.5043800000000003        5.5474663128786052E-002
   3.5043900000000003        5.7838679564978811E-002
   3.5044000000000004        5.5659848997104952E-002
   3.5044100000000005        5.7018737335668271E-002
   3.5044200000000001        5.8422989344365822E-002
   3.5044300000000002        6.1268898993484935E-002
   3.5044400000000002        5.9513516810532942E-002
   3.5044500000000003        6.0414906141816618E-002
   3.5044600000000004        6.2370145901213071E-002
   3.5044700000000004        5.9966092312274503E-002
   3.5044800000000005        5.9587091093700632E-002
   3.5044900000000001        6.0868830178733201E-002
   3.5045000000000002        5.9714710847584278E-002
   3.5045100000000002        6.2038330073371430E-002
   3.5045200000000003        5.7629831096526363E-002
   3.5045300000000004        5.7709534173343478E-002
   3.5045400000000004        5.7220464845624215E-002
   3.5045500000000005        5.7730004710806471E-002
   3.5045600000000001        5.3832109884280270E-002
   3.5045700000000002        5.6545122689893174E-002
   3.5045800000000003        5.4604474900152127E-002
   3.5045900000000003        5.7082959715290343E-002
   3.5046000000000004        5.1908000593843734E-002
   3.5046100000000004        5.7899134693498687E-002
   3.5046200000000001        4.9608404294974387E-002
   3.5046300000000001        5.8266468101717386E-002
   3.5046400000000002        4.9139037391883258E-002
   3.5046500000000003        5.7546363130040350E-002
   3.5046600000000003        5.0459788291394886E-002
   3.5046700000000004        5.5392365524622358E-002
   3.5046800000000005        4.9149649368692511E-002
   3.5046900000000001        5.6012850271655257E-002
   3.5047000000000001        5.1405665425057048E-002
   3.5047100000000002        5.7756750067918090E-002
   3.5047200000000003        5.3150327109526399E-002
   3.5047300000000003        5.7579299641537490E-002
   3.5047400000000004        5.2701721196796072E-002
   3.5047500000000005        6.0163315559638018E-002
   3.5047600000000001        5.3755962167351241E-002
   3.5047700000000002        5.9270680833187039E-002
   3.5047800000000002        5.5919364406215352E-002
   3.5047900000000003        5.8134663924545270E-002
   3.5048000000000004        5.5331217205988173E-002
   3.5048100000000004        5.7433798536485801E-002
   3.5048200000000005        5.6515120605411730E-002
   3.5048300000000001        5.8306489136731102E-002
   3.5048400000000002        5.7852017539401002E-002
   3.5048500000000002        5.6983865101683177E-002
   3.5048600000000003        5.7567520225565195E-002
   3.5048700000000004        5.6492675907883309E-002
   3.5048800000000004        5.4847905147871169E-002
   3.5048900000000005        5.7545571261372025E-002
   3.5049000000000001        5.0405990152829080E-002
   3.5049100000000002        5.7108089114816997E-002
   3.5049200000000003        5.1781979873066826E-002
   3.5049300000000003        5.4680963189597365E-002
   3.5049400000000004        5.1615465326504691E-002
   3.5049500000000005        5.4899312821332452E-002
   3.5049600000000001        5.2123091619365403E-002
   3.5049700000000001        5.4116162217711185E-002
   3.5049800000000002        5.6056790922601511E-002
   3.5049900000000003        5.4210843986780034E-002
   3.5050000000000003        5.5071551746562426E-002
   3.5050100000000004        5.4804690376239591E-002
   3.5050200000000005        5.3062810900253492E-002
   3.5050300000000001        5.5486884064609755E-002
   3.5050400000000002        5.3371538699333920E-002
   3.5050500000000002        5.2809508694995219E-002
   3.5050600000000003        5.5301761490987485E-002
   3.5050700000000004        5.4376261288530466E-002
   3.5050800000000004        5.3272254784183015E-002
   3.5050900000000005        5.0818772024780808E-002
   3.5051000000000001        5.5139675941460894E-002
   3.5051100000000002        4.9848175216057979E-002
   3.5051200000000002        5.9141497251800318E-002
   3.5051300000000003        5.2313147494982518E-002
   3.5051400000000004        5.9746469825379088E-002
   3.5051500000000004        5.0720028857463233E-002
   3.5051600000000005        5.9953917733168841E-002
   3.5051700000000001        5.0999005865666830E-002
   3.5051800000000002        5.6257682611366933E-002
   3.5051900000000002        5.2985256324081215E-002
   3.5052000000000003        5.3050319078496555E-002
   3.5052100000000004        5.5920350888191993E-002
   3.5052200000000004        5.0304140201799755E-002
   3.5052300000000001        5.7463985090297882E-002
   3.5052400000000001        5.1964618525055670E-002
   3.5052500000000002        5.4197888670442444E-002
   3.5052600000000003        5.2602766224185263E-002
   3.5052700000000003        5.6612314341002869E-002
   3.5052800000000004        5.1213253912156691E-002
   3.5052900000000005        5.7662027928341936E-002
   3.5053000000000001        5.2137059732385707E-002
   3.5053100000000001        5.8185867713420235E-002
   3.5053200000000002        5.4595723654475778E-002
   3.5053300000000003        6.0264310854810682E-002
   3.5053400000000003        5.1347481622837247E-002
   3.5053500000000004        6.2364804818373754E-002
   3.5053600000000005        4.6958004601477678E-002
   3.5053700000000001        6.4437268010386448E-002
   3.5053800000000002        4.7677193318755931E-002
   3.5053900000000002        6.4015495600672115E-002
   3.5054000000000003        4.6401281076072755E-002
   3.5054100000000004        6.3357616788454210E-002
   3.5054200000000004        4.6886921174854289E-002
   3.5054300000000005        6.0837972805038686E-002
   3.5054400000000001        4.7170227377393931E-002
   3.5054500000000002        5.8256429509232766E-002
   3.5054600000000002        4.7920669783273424E-002
   3.5054700000000003        5.4676509689926725E-002
   3.5054800000000004        4.8443714133541524E-002
   3.5054900000000004        5.0550148118327573E-002
   3.5055000000000005        5.0344396491930968E-002
   3.5055100000000001        4.9713108644384836E-002
   3.5055200000000002        5.0173784475365413E-002
   3.5055300000000003        5.0630234481020234E-002
   3.5055400000000003        4.8150981157837135E-002
   3.5055500000000004        5.0523054359138876E-002
   3.5055600000000005        5.3339288474477380E-002
   3.5055700000000001        4.9846769417126721E-002
   3.5055800000000001        5.3374700876478838E-002
   3.5055900000000002        5.2896159825322274E-002
   3.5056000000000003        5.2393933677061535E-002
   3.5056100000000003        5.4715041867694859E-002
   3.5056200000000004        5.4367322669202287E-002
   3.5056300000000005        5.6165265233424279E-002
   3.5056400000000001        5.4807296462819462E-002
   3.5056500000000002        5.4541018595561860E-002
   3.5056600000000002        5.3968842658293902E-002
   3.5056700000000003        5.1622467936847126E-002
   3.5056800000000004        5.3189349498461186E-002
   3.5056900000000004        4.7244443313115288E-002
   3.5057000000000005        5.5060192301073764E-002
   3.5057100000000001        5.0195755474904319E-002
   3.5057200000000002        5.7096505031156410E-002
   3.5057300000000002        5.0742154549388643E-002
   3.5057400000000003        5.4868876952312941E-002
   3.5057500000000004        5.0169499324743683E-002
   3.5057600000000004        6.0041696824572978E-002
   3.5057700000000005        4.9634671754281753E-002
   3.5057800000000001        5.6595994950387418E-002
   3.5057900000000002        4.9835299470627523E-002
   3.5058000000000002        5.7340479862804244E-002
   3.5058100000000003        4.8911122180959506E-002
   3.5058200000000004        5.8184257773522499E-002
   3.5058300000000004        4.9295410294460322E-002
   3.5058400000000001        5.6125317765833876E-002
   3.5058500000000001        5.0043797324460258E-002
   3.5058600000000002        5.3009574571399744E-002
   3.5058700000000003        4.9102928150712759E-002
   3.5058800000000003        5.0202801658658508E-002
   3.5058900000000004        4.9247225337749390E-002
   3.5059000000000005        4.8578187274474501E-002
   3.5059100000000001        5.1699194911559700E-002
   3.5059200000000001        4.8520096049212286E-002
   3.5059300000000002        5.0528188370604556E-002
   3.5059400000000003        4.5950941169223096E-002
   3.5059500000000003        5.2801408918225920E-002
   3.5059600000000004        4.9054803397644363E-002
   3.5059700000000005        5.1243689562527443E-002
   3.5059800000000001        5.0141369025574305E-002
   3.5059900000000002        5.1101280095626068E-002
   3.5060000000000002        5.1283504927341829E-002
   3.5060100000000003        5.0341292736635943E-002
   3.5060200000000004        5.3986518620022704E-002
   3.5060300000000004        5.1635281695975983E-002
   3.5060400000000005        4.9974286811467712E-002
   3.5060500000000001        5.5534056745328797E-002
   3.5060600000000002        4.6567877552830941E-002
   3.5060700000000002        5.1996699628861678E-002
   3.5060800000000003        4.9090453797546750E-002
   3.5060900000000004        5.1346669717562778E-002
   3.5061000000000004        4.9739940136595627E-002
   3.5061100000000005        4.9797206177139682E-002
   3.5061200000000001        4.9393132115173530E-002
   3.5061300000000002        4.9488330596406192E-002
   3.5061400000000003        4.9692801065310981E-002
   3.5061500000000003        4.9186218996917996E-002
   3.5061600000000004        5.0016758560723240E-002
   3.5061700000000005        4.8198651988770595E-002
   3.5061800000000001        5.0309964518950541E-002
   3.5061900000000001        4.8119681651440711E-002
   3.5062000000000002        5.2254713982133473E-002
   3.5062100000000003        4.8743480650165871E-002
   3.5062200000000003        5.2603995853981796E-002
   3.5062300000000004        5.1135807591697335E-002
   3.5062400000000005        5.2151408225084503E-002
   3.5062500000000001        5.0947722727274519E-002
   3.5062600000000002        4.9771237672940422E-002
   3.5062700000000002        5.1478469411526569E-002
   3.5062800000000003        5.0811139777055640E-002
   3.5062900000000004        5.3317405229263169E-002
   3.5063000000000004        5.1632715447683927E-002
   3.5063100000000005        5.1591787227122758E-002
   3.5063200000000001        5.3755315906736788E-002
   3.5063300000000002        5.4340042086291548E-002
   3.5063400000000002        4.9950209019042409E-002
   3.5063500000000003        5.1609467265434555E-002
   3.5063600000000004        5.3248898701013174E-002
   3.5063700000000004        4.9253665257171397E-002
   3.5063800000000005        5.5491982061776336E-002
   3.5063900000000001        4.9397602145781587E-002
   3.5064000000000002        5.4966136338864907E-002
   3.5064100000000002        4.9820634464437623E-002
   3.5064200000000003        5.5619745879311205E-002
   3.5064300000000004        4.7799341395974027E-002
   3.5064400000000004        5.5108159790362037E-002
   3.5064500000000001        4.8298819732263708E-002
   3.5064600000000001        5.5517459868588019E-002
   3.5064700000000002        4.6945755838993117E-002
   3.5064800000000003        5.3646573586937842E-002
   3.5064900000000003        4.7993393271671590E-002
   3.5065000000000004        5.0981732896003634E-002
   3.5065100000000005        4.8845541022571527E-002
   3.5065200000000001        5.1241263169803715E-002
   3.5065300000000001        4.8983207679325978E-002
   3.5065400000000002        5.3897450550033775E-002
   3.5065500000000003        4.7512965596457978E-002
   3.5065600000000003        5.6010967992227517E-002
   3.5065700000000004        4.7107898723947238E-002
   3.5065800000000005        5.5310843874203382E-002
   3.5065900000000001        4.6174977522961930E-002
   3.5066000000000002        5.3872242737162492E-002
   3.5066100000000002        4.8316918366296091E-002
   3.5066200000000003        5.4608173132234997E-002
   3.5066300000000004        4.8876777198423947E-002
   3.5066400000000004        5.4587769464116614E-002
   3.5066500000000005        4.9844808139956863E-002
   3.5066600000000001        5.1853539846983640E-002
   3.5066700000000002        5.3179464420172025E-002
   3.5066800000000002        4.9332766519853771E-002
   3.5066900000000003        5.6929250433850671E-002
   3.5067000000000004        4.9460764932591127E-002
   3.5067100000000004        5.7366616250250163E-002
   3.5067200000000005        4.8419365831741487E-002
   3.5067300000000001        5.3717092039720735E-002
   3.5067400000000002        4.8372123441916437E-002
   3.5067500000000003        5.2636524140566333E-002
   3.5067600000000003        4.9600169194308000E-002
   3.5067700000000004        4.8705463794564648E-002
   3.5067800000000005        5.1485119178460194E-002
   3.5067900000000001        4.8540203623623893E-002
   3.5068000000000001        5.3728886492714553E-002
   3.5068100000000002        4.9955923059363048E-002
   3.5068200000000003        5.1013778794680352E-002
   3.5068300000000003        4.9294705758026261E-002
   3.5068400000000004        5.1917284071065446E-002
   3.5068500000000005        4.9492297009065225E-002
   3.5068600000000001        5.1496986245415627E-002
   3.5068700000000002        5.1086311620862412E-002
   3.5068800000000002        5.0950091349733884E-002
   3.5068900000000003        5.2366731515428588E-002
   3.5069000000000004        5.4478234686767178E-002
   3.5069100000000004        5.3379959199679465E-002
   3.5069200000000005        5.9532093805601490E-002
   3.5069300000000001        5.5939130782719233E-002
   3.5069400000000002        6.0517231534860952E-002
   3.5069500000000002        5.8151773163665092E-002
   3.5069600000000003        5.5855875646518373E-002
   3.5069700000000004        5.8513684264511340E-002
   3.5069800000000004        5.5291504280221761E-002
   3.5069900000000005        5.9169355400359468E-002
   3.5070000000000001        5.4859230663146741E-002
   3.5070100000000002        5.7011231141070477E-002
   3.5070200000000002        5.3930704201247140E-002
   3.5070300000000003        5.4693836785197125E-002
   3.5070400000000004        5.7350571911077980E-002
   3.5070500000000004        5.1256588323579252E-002
   3.5070600000000001        5.3360410943119448E-002
   3.5070700000000001        4.8609426347416711E-002
   3.5070800000000002        5.3025640897027729E-002
   3.5070900000000003        4.8748295656245041E-002
   3.5071000000000003        5.2710095250037767E-002
   3.5071100000000004        4.8652929011982017E-002
   3.5071200000000005        5.1148859973329491E-002
   3.5071300000000001        4.9379948199960250E-002
   3.5071400000000001        5.5024152238772439E-002
   3.5071500000000002        4.8963200159236511E-002
   3.5071600000000003        5.8987868062961316E-002
   3.5071700000000003        4.6422492732229183E-002
   3.5071800000000004        6.0989981518644709E-002
   3.5071900000000005        4.6806560761946975E-002
   3.5072000000000001        6.3726167501444789E-002
   3.5072100000000002        4.6307970869450536E-002
   3.5072200000000002        6.6473888252484459E-002
   3.5072300000000003        4.9092638957999785E-002
   3.5072400000000004        6.0368546023864496E-002
   3.5072500000000004        4.9269085007500872E-002
   3.5072600000000005        6.2658465442308492E-002
   3.5072700000000001        4.9833204009931457E-002
   3.5072800000000002        6.2866367998144074E-002
   3.5072900000000002        4.9416150302749810E-002
   3.5073000000000003        6.3549465982220235E-002
   3.5073100000000004        4.8789878904660230E-002
   3.5073200000000004        6.4198138121653328E-002
   3.5073300000000005        5.0501930374668574E-002
   3.5073400000000001        5.6320340246731389E-002
   3.5073500000000002        5.0649813949499620E-002
   3.5073600000000003        5.3892494156238042E-002
   3.5073700000000003        5.0917157697601335E-002
   3.5073800000000004        5.3611961852243963E-002
   3.5073900000000005        4.8357999988527661E-002
   3.5074000000000001        5.3904566164512807E-002
   3.5074100000000001        4.6783900607949180E-002
   3.5074200000000002        5.4251612061038297E-002
   3.5074300000000003        4.5149825689225521E-002
   3.5074400000000003        5.6131706795361107E-002
   3.5074500000000004        4.7144997238242337E-002
   3.5074600000000005        5.6163787454487649E-002
   3.5074700000000001        5.0013762427966145E-002
   3.5074800000000002        5.3908195979240833E-002
   3.5074900000000002        5.1499490615301909E-002
   3.5075000000000003        5.8146822797886730E-002
   3.5075100000000003        5.5512815440366174E-002
   3.5075200000000004        5.7094957087402788E-002
   3.5075300000000005        5.6175769519546573E-002
   3.5075400000000001        6.0036026823948208E-002
   3.5075500000000002        5.8117534551109511E-002
   3.5075600000000002        5.7431140146925755E-002
   3.5075700000000003        6.0724680731171120E-002
   3.5075800000000004        5.4614820279391324E-002
   3.5075900000000004        6.5640935501635453E-002
   3.5076000000000005        5.4282995315783171E-002
   3.5076100000000001        6.5679320668232080E-002
   3.5076200000000002        5.3489535074473536E-002
   3.5076300000000002        6.8677361116338542E-002
   3.5076400000000003        5.4964804195768519E-002
   3.5076500000000004        6.8877898608098412E-002
   3.5076600000000004        5.4647341391024257E-002
   3.5076700000000001        6.9589988424361024E-002
   3.5076800000000001        5.6462889581052216E-002
   3.5076900000000002        6.2591459337402941E-002
   3.5077000000000003        5.8218414916219437E-002
   3.5077100000000003        6.0236051640486808E-002
   3.5077200000000004        5.4412682173681254E-002
   3.5077300000000005        6.2927183779607820E-002
   3.5077400000000001        5.0191834646454339E-002
   3.5077500000000001        6.5067690002811304E-002
   3.5077600000000002        4.8150546037365551E-002
   3.5077700000000003        6.4110918211909895E-002
   3.5077800000000003        4.7218143544413838E-002
   3.5077900000000004        6.1817421453571483E-002
   3.5078000000000005        4.6658453984831150E-002
   3.5078100000000001        5.7575033460191258E-002
   3.5078200000000002        4.9662716900787003E-002
   3.5078300000000002        5.5109165556360730E-002
   3.5078400000000003        4.8781545584228876E-002
   3.5078500000000004        5.2679159508074655E-002
   3.5078600000000004        4.8603798018966540E-002
   3.5078700000000005        5.4461902090474142E-002
   3.5078800000000001        4.7981305322572186E-002
   3.5078900000000002        5.6303801969535286E-002
   3.5079000000000002        4.8562510868874573E-002
   3.5079100000000003        5.9665928111019978E-002
   3.5079200000000004        5.0294103226649456E-002
   3.5079300000000004        6.0601585669452902E-002
   3.5079400000000005        4.9452151824394150E-002
   3.5079500000000001        6.3636324148760498E-002
   3.5079600000000002        4.8157627100170429E-002
   3.5079700000000003        6.5558777840222612E-002
   3.5079800000000003        4.7682186080606530E-002
   3.5079900000000004        6.5800190815220663E-002
   3.5080000000000005        4.7996121883155336E-002
   3.5080100000000001        6.2910954768210445E-002
   3.5080200000000001        4.7663849198150456E-002
   3.5080300000000002        5.9502846597386215E-002
   3.5080400000000003        5.2515822957411203E-002
   3.5080500000000003        5.8379120407417696E-002
   3.5080600000000004        5.2893996573795191E-002
   3.5080700000000005        5.4813263598147949E-002
   3.5080800000000001        5.2721167182346922E-002
   3.5080900000000002        5.5382142323884477E-002
   3.5081000000000002        5.2444208374226454E-002
   3.5081100000000003        5.4479302713542857E-002
   3.5081200000000003        5.3793398345978384E-002
   3.5081300000000004        5.4471287293422696E-002
   3.5081400000000005        5.2051172337383940E-002
   3.5081500000000001        5.5840118978918059E-002
   3.5081600000000002        5.0235589645330009E-002
   3.5081700000000002        5.4827393516172378E-002
   3.5081800000000003        5.3955826050777880E-002
   3.5081900000000004        5.8083511580606935E-002
   3.5082000000000004        5.3996692923912230E-002
   3.5082100000000005        5.9769514873856289E-002
   3.5082200000000001        5.4285799193126087E-002
   3.5082300000000002        6.3602794587508477E-002
   3.5082400000000002        5.2938564780730328E-002
   3.5082500000000003        6.3702610455555031E-002
   3.5082600000000004        5.4449922547112499E-002
   3.5082700000000004        6.3853493178502210E-002
   3.5082800000000001        5.4701373089834943E-002
   3.5082900000000001        6.6605538622545007E-002
   3.5083000000000002        5.4991207477075248E-002
   3.5083100000000003        5.9448871374023049E-002
   3.5083200000000003        5.8769403365611664E-002
   3.5083300000000004        5.3533765500825087E-002
   3.5083400000000005        5.9287006364846809E-002
   3.5083500000000001        5.4289367614936489E-002
   3.5083600000000001        5.7537149641715225E-002
   3.5083700000000002        5.4150323621488743E-002
   3.5083800000000003        5.9438029765126923E-002
   3.5083900000000003        5.4780651284232124E-002
   3.5084000000000004        5.7201664425949955E-002
   3.5084100000000005        5.6941962551699712E-002
   3.5084200000000001        5.7573037557384792E-002
   3.5084300000000002        5.8800584234983438E-002
   3.5084400000000002        5.6587034533408659E-002
   3.5084500000000003        6.0357693818564206E-002
   3.5084600000000004        5.8832582550472218E-002
   3.5084700000000004        6.1187034162125863E-002
   3.5084800000000005        5.7359852467389338E-002
   3.5084900000000001        5.9637096640965996E-002
   3.5085000000000002        5.6162001330346566E-002
   3.5085100000000002        6.0308505013787012E-002
   3.5085200000000003        5.4517415245490787E-002
   3.5085300000000004        6.2169658858547416E-002
   3.5085400000000004        5.9967869133714914E-002
   3.5085500000000005        6.2372210556691197E-002
   3.5085600000000001        5.9972167834257795E-002
   3.5085700000000002        6.1729096966096388E-002
   3.5085800000000003        5.8511459286469517E-002
   3.5085900000000003        6.2663813837718643E-002
   3.5086000000000004        5.8534658685322184E-002
   3.5086100000000005        5.5638764159365743E-002
   3.5086200000000001        6.4609246895950975E-002
   3.5086300000000001        5.3822723344618892E-002
   3.5086400000000002        6.3771253314780452E-002
   3.5086500000000003        5.3955465263872585E-002
   3.5086600000000003        5.8564926833788888E-002
   3.5086700000000004        5.6879962874808759E-002
   3.5086800000000005        5.8019234068179479E-002
   3.5086900000000001        5.4545209910348474E-002
   3.5087000000000002        6.0004071214304684E-002
   3.5087100000000002        5.6409891058636433E-002
   3.5087200000000003        5.9278647289807369E-002
   3.5087300000000003        6.1506623732563825E-002
   3.5087400000000004        6.0675026006017624E-002
   3.5087500000000005        6.0705573686654218E-002
   3.5087600000000001        6.1482974372285608E-002
   3.5087700000000002        6.1260955160722406E-002
   3.5087800000000002        6.4268923379578749E-002
   3.5087900000000003        6.0332688711996818E-002
   3.5088000000000004        6.0925708866473964E-002
   3.5088100000000004        5.9819947448876198E-002
   3.5088200000000005        6.2632867724813052E-002
   3.5088300000000001        5.9594888172429271E-002
   3.5088400000000002        6.3765057729188598E-002
   3.5088500000000002        5.6963970672267057E-002
   3.5088600000000003        6.6319949189302008E-002
   3.5088700000000004        5.6439881742922415E-002
   3.5088800000000004        6.7285550548840237E-002
   3.5088900000000005        5.7339055995560245E-002
   3.5089000000000001        5.8910602686216208E-002
   3.5089100000000002        6.4349222322789959E-002
   3.5089200000000003        5.3341321823005473E-002
   3.5089300000000003        6.3236676759660951E-002
   3.5089400000000004        5.4494407682296034E-002
   3.5089500000000005        6.0783144737741775E-002
   3.5089600000000001        5.5253456500542475E-002
   3.5089700000000001        6.6614211585271005E-002
   3.5089800000000002        5.5109804245424124E-002
   3.5089900000000003        6.4994065140063104E-002
   3.5090000000000003        5.3435587012348809E-002
   3.5090100000000004        6.6424280592107421E-002
   3.5090200000000005        5.3075023924220137E-002
   3.5090300000000001        6.5060107662195013E-002
   3.5090400000000002        5.3515025148788850E-002
   3.5090500000000002        6.7809857176138633E-002
   3.5090600000000003        5.1952274364962039E-002
   3.5090700000000004        6.4535464972537829E-002
   3.5090800000000004        5.7842787083752428E-002
   3.5090900000000005        6.4519837851617259E-002
   3.5091000000000001        5.7627170106793385E-002
   3.5091100000000002        6.4115279098216543E-002
   3.5091200000000002        5.6762511148675095E-002
   3.5091300000000003        6.2883544258890214E-002
   3.5091400000000004        5.7550713560116630E-002
   3.5091500000000004        6.1626913312795725E-002
   3.5091600000000005        5.8175516035588799E-002
   3.5091700000000001        6.1447223750003943E-002
   3.5091800000000002        5.7740859192340947E-002
   3.5091900000000003        5.9368038833227450E-002
   3.5092000000000003        5.9037402785088122E-002
   3.5092100000000004        5.8423266671033466E-002
   3.5092200000000005        5.7577317951020397E-002
   3.5092300000000001        6.0058813627909005E-002
   3.5092400000000001        5.9185275596505951E-002
   3.5092500000000002        6.1822715510653485E-002
   3.5092600000000003        6.0745294211982909E-002
   3.5092700000000003        6.3825218161806016E-002
   3.5092800000000004        6.3206194974742141E-002
   3.5092900000000005        6.5319468550108978E-002
   3.5093000000000001        6.4822187765226011E-002
   3.5093100000000002        6.2565912954903796E-002
   3.5093200000000002        6.6587249750468258E-002
   3.5093300000000003        6.1493114613435616E-002
   3.5093400000000003        6.6317575429388001E-002
   3.5093500000000004        6.0443069888396497E-002
   3.5093600000000005        6.5438448604481170E-002
   3.5093700000000001        6.1710849657962252E-002
   3.5093800000000002        6.1302985657763973E-002
   3.5093900000000002        6.1426312802527479E-002
   3.5094000000000003        5.7945372143760686E-002
   3.5094100000000004        6.2562227304239285E-002
   3.5094200000000004        5.9713973845777056E-002
   3.5094300000000005        6.1640303059994177E-002
   3.5094400000000001        6.0890995322409512E-002
   3.5094500000000002        6.0958521233518609E-002
   3.5094600000000002        6.3617905332669769E-002
   3.5094700000000003        5.9263680700812213E-002
   3.5094800000000004        6.3412283405156950E-002
   3.5094900000000004        5.8094698209474688E-002
   3.5095000000000005        6.8189466494808906E-002
   3.5095100000000001        5.6946880975462827E-002
   3.5095200000000002        6.6081391863063138E-002
   3.5095300000000003        6.0653589482642392E-002
   3.5095400000000003        6.6992844670470938E-002
   3.5095500000000004        6.1631162731582673E-002
   3.5095600000000005        6.7432518909988609E-002
   3.5095700000000001        6.3672698047638740E-002
   3.5095800000000001        6.4382959679486068E-002
   3.5095900000000002        6.6562573738278882E-002
   3.5096000000000003        6.4645452125286593E-002
   3.5096100000000003        6.9745774938317046E-002
   3.5096200000000004        6.3747636293549098E-002
   3.5096300000000005        6.9360209198733633E-002
   3.5096400000000001        6.1654829655996418E-002
   3.5096500000000002        6.6239666622442614E-002
   3.5096600000000002        6.4334125778450837E-002
   3.5096700000000003        5.5659178040034424E-002
   3.5096800000000004        6.7527571751882801E-002
   3.5096900000000004        5.7044038140663042E-002
   3.5097000000000005        6.8284213317280143E-002
   3.5097100000000001        5.7116812531468032E-002
   3.5097200000000002        6.6571380998647400E-002
   3.5097300000000002        5.4504816382704838E-002
   3.5097400000000003        6.4296257332140838E-002
   3.5097500000000004        5.2806189419817157E-002
   3.5097600000000004        6.3126956848927454E-002
   3.5097700000000005        5.4859176475601630E-002
   3.5097800000000001        6.3311430823331669E-002
   3.5097900000000002        5.6791349853570247E-002
   3.5098000000000003        6.3476426827871135E-002
   3.5098100000000003        6.0180542908236025E-002
   3.5098200000000004        6.3165464725404283E-002
   3.5098300000000004        6.4443799912992747E-002
   3.5098400000000001        5.7256782297065781E-002
   3.5098500000000001        7.2245122800490849E-002
   3.5098600000000002        5.6706591669101802E-002
   3.5098700000000003        6.5961839372506006E-002
   3.5098800000000003        5.5300975538849044E-002
   3.5098900000000004        6.3918286363870105E-002
   3.5099000000000005        5.6292581575476758E-002
   3.5099100000000001        6.2903146511984073E-002
   3.5099200000000002        5.6070061078568705E-002
   3.5099300000000002        6.0458339112632029E-002
   3.5099400000000003        5.7465122047041073E-002
   3.5099500000000003        5.9246372299882555E-002
   3.5099600000000004        5.7430320803249474E-002
   3.5099700000000005        5.8740255564879655E-002
   3.5099800000000001        5.7827398931091963E-002
   3.5099900000000002        5.7884189578159675E-002
   3.5100000000000002        5.8959822352995808E-002
