   3.5000000000000004       0.44768560664716311     
   3.5000100000000001       0.44847481916184018     
   3.5000200000000001       0.44950700633792584     
   3.5000300000000002       0.45037080639639121     
   3.5000400000000003       0.45015671027755311     
   3.5000500000000003       0.45148903553739844     
   3.5000600000000004       0.45163739884550191     
   3.5000700000000005       0.45322792857281979     
   3.5000800000000001       0.45458855678097110     
   3.5000900000000001       0.45576806154724697     
   3.5001000000000002       0.45639611606779962     
   3.5001100000000003       0.45767494568896733     
   3.5001200000000003       0.45819174752005792     
   3.5001300000000004       0.45871019074257091     
   3.5001400000000005       0.45779201070745384     
   3.5001500000000001       0.45561027145516975     
   3.5001600000000002       0.45394272789797985     
   3.5001700000000002       0.45223475141455632     
   3.5001800000000003       0.45052702510989251     
   3.5001900000000004       0.44857114068730158     
   3.5002000000000004       0.44535696432844013     
   3.5002100000000005       0.44347600195981701     
   3.5002200000000001       0.44024919719281475     
   3.5002300000000002       0.43811996962663646     
   3.5002400000000002       0.43573249872341818     
   3.5002500000000003       0.43265293774655589     
   3.5002600000000004       0.43020017927819248     
   3.5002700000000004       0.42812347339494627     
   3.5002800000000005       0.42678443820459933     
   3.5002900000000001       0.42553010439033118     
   3.5003000000000002       0.42462653339436757     
   3.5003100000000003       0.42411800489856355     
   3.5003200000000003       0.42433452960703300     
   3.5003300000000004       0.42423177230771436     
   3.5003400000000005       0.42531358874292075     
   3.5003500000000001       0.42626431674563758     
   3.5003600000000001       0.42913607795001563     
   3.5003700000000002       0.42911654409693673     
   3.5003800000000003       0.43131253708980166     
   3.5003900000000003       0.43092980448525303     
   3.5004000000000004       0.43326592355093335     
   3.5004100000000005       0.43131421513327950     
   3.5004200000000001       0.43172419004960583     
   3.5004300000000002       0.42943901660366174     
   3.5004400000000002       0.42848411849656159     
   3.5004500000000003       0.42599073220213762     
   3.5004600000000003       0.42450422319434367     
   3.5004700000000004       0.42199570101378370     
   3.5004800000000005       0.41971490190376076     
   3.5004900000000001       0.41753852103283523     
   3.5005000000000002       0.41649930116170758     
   3.5005100000000002       0.41452078878998994     
   3.5005200000000003       0.41426919182775479     
   3.5005300000000004       0.41367087678695236     
   3.5005400000000004       0.41384653597605381     
   3.5005500000000005       0.41488516720693880     
   3.5005600000000001       0.41581108309224857     
   3.5005700000000002       0.41632350147123948     
   3.5005800000000002       0.41815632910286171     
   3.5005900000000003       0.41867138265480003     
   3.5006000000000004       0.41965006611266198     
   3.5006100000000004       0.41885244593515092     
   3.5006200000000001       0.41805760914966633     
   3.5006300000000001       0.41662555000457102     
   3.5006400000000002       0.41493271469745679     
   3.5006500000000003       0.41333594297061965     
   3.5006600000000003       0.41189156169281554     
   3.5006700000000004       0.40896842136371930     
   3.5006800000000005       0.40614830270596181     
   3.5006900000000001       0.40398065294410029     
   3.5007000000000001       0.40067225876625640     
   3.5007100000000002       0.39865425425558310     
   3.5007200000000003       0.39677696616737129     
   3.5007300000000003       0.39430352390043910     
   3.5007400000000004       0.39317044809331331     
   3.5007500000000005       0.39214813884705618     
   3.5007600000000001       0.39177203602292365     
   3.5007700000000002       0.39168460977757974     
   3.5007800000000002       0.39145297798634177     
   3.5007900000000003       0.39045085602048751     
   3.5008000000000004       0.38974945547253537     
   3.5008100000000004       0.38876935018901326     
   3.5008200000000005       0.38756730172989301     
   3.5008300000000001       0.38680757009827399     
   3.5008400000000002       0.38537473889325158     
   3.5008500000000002       0.38374475416784520     
   3.5008600000000003       0.38202376198627014     
   3.5008700000000004       0.38087088087676824     
   3.5008800000000004       0.38052077049008737     
   3.5008900000000005       0.37963398537528609     
   3.5009000000000001       0.37925745040277037     
   3.5009100000000002       0.37903576499471719     
   3.5009200000000003       0.37993797283193997     
   3.5009300000000003       0.37958877843031019     
   3.5009400000000004       0.38033577181918043     
   3.5009500000000005       0.38106097345703877     
   3.5009600000000001       0.38412972922227967     
   3.5009700000000001       0.38457986137853839     
   3.5009800000000002       0.38607560115450101     
   3.5009900000000003       0.38664162570027300     
   3.5010000000000003       0.38834285683074798     
   3.5010100000000004       0.38930119063430252     
   3.5010200000000005       0.38980246803609625     
   3.5010300000000001       0.38992044748332283     
   3.5010400000000002       0.38974638193929750     
   3.5010500000000002       0.38870695727005261     
   3.5010600000000003       0.38837089741097597     
   3.5010700000000003       0.38721288044470209     
   3.5010800000000004       0.38692606147999159     
   3.5010900000000005       0.38637743085491771     
   3.5011000000000001       0.38648202131284209     
   3.5011100000000002       0.38502286080174386     
   3.5011200000000002       0.38514814528822633     
   3.5011300000000003       0.38545137923070250     
   3.5011400000000004       0.38680088232043214     
   3.5011500000000004       0.38645277885000562     
   3.5011600000000005       0.38746198352350492     
   3.5011700000000001       0.38667970309134547     
   3.5011800000000002       0.38778710159278917     
   3.5011900000000002       0.38651456773717757     
   3.5012000000000003       0.38592442876819372     
   3.5012100000000004       0.38549014173038904     
   3.5012200000000004       0.38426691983639816     
   3.5012300000000001       0.38193660573071075     
   3.5012400000000001       0.38034910853100240     
   3.5012500000000002       0.37785084054668011     
   3.5012600000000003       0.37598150584522338     
   3.5012700000000003       0.37321761967911499     
   3.5012800000000004       0.37107003093805385     
   3.5012900000000005       0.36924519206516515     
   3.5013000000000001       0.36764235263776041     
   3.5013100000000001       0.36712949000296746     
   3.5013200000000002       0.36740480737412090     
   3.5013300000000003       0.36698823834953631     
   3.5013400000000003       0.36758010762280829     
   3.5013500000000004       0.36883076418886568     
   3.5013600000000005       0.36976984102835614     
   3.5013700000000001       0.36995031554465552     
   3.5013800000000002       0.37108047483841622     
   3.5013900000000002       0.37013700837183683     
   3.5014000000000003       0.37097383768502107     
   3.5014100000000004       0.37112417144436022     
   3.5014200000000004       0.37093684731003312     
   3.5014300000000005       0.36970041339163745     
   3.5014400000000001       0.36902853027725713     
   3.5014500000000002       0.36838727178863501     
   3.5014600000000002       0.36666486110393387     
   3.5014700000000003       0.36540705506278692     
   3.5014800000000004       0.36339033311372199     
   3.5014900000000004       0.36390286550444984     
   3.5015000000000005       0.36220780353360704     
   3.5015100000000001       0.36156508563846357     
   3.5015200000000002       0.35977288872702423     
   3.5015300000000003       0.35984385206119252     
   3.5015400000000003       0.35830521349669037     
   3.5015500000000004       0.35841378085708703     
   3.5015600000000004       0.35667277178289480     
   3.5015700000000001       0.35717790246155917     
   3.5015800000000001       0.35582667363930953     
   3.5015900000000002       0.35586411239262122     
   3.5016000000000003       0.35443375709425645     
   3.5016100000000003       0.35597200395735840     
   3.5016200000000004       0.35607276731440346     
   3.5016300000000005       0.35646847191980435     
   3.5016400000000001       0.35625873640763855     
   3.5016500000000002       0.35685077678618937     
   3.5016600000000002       0.35716226659358280     
   3.5016700000000003       0.35715886775258554     
   3.5016800000000003       0.35787929832743759     
   3.5016900000000004       0.35828757320271071     
   3.5017000000000005       0.36015502125999987     
   3.5017100000000001       0.36090036458339486     
   3.5017200000000002       0.36235681140741272     
   3.5017300000000002       0.36332769597864906     
   3.5017400000000003       0.36480250493081223     
   3.5017500000000004       0.36425959001429431     
   3.5017600000000004       0.36513112086387273     
   3.5017700000000005       0.36489280201520868     
   3.5017800000000001       0.36605796250389305     
   3.5017900000000002       0.36595436106154960     
   3.5018000000000002       0.36624047924323988     
   3.5018100000000003       0.36483798409659512     
   3.5018200000000004       0.36451793277533023     
   3.5018300000000004       0.36324682943700931     
   3.5018400000000005       0.36264354654314673     
   3.5018500000000001       0.36131998975794399     
   3.5018600000000002       0.36167571897357792     
   3.5018700000000003       0.36003773272607081     
   3.5018800000000003       0.36011491043696109     
   3.5018900000000004       0.35911923016307512     
   3.5019000000000005       0.35897859623013978     
   3.5019100000000001       0.35830045152375389     
   3.5019200000000001       0.35904669040351328     
   3.5019300000000002       0.35793195216558521     
   3.5019400000000003       0.35798960854226319     
   3.5019500000000003       0.35753814359273117     
   3.5019600000000004       0.35811691976189353     
   3.5019700000000005       0.35712647092475219     
   3.5019800000000001       0.35760578485109207     
   3.5019900000000002       0.35769961843817177     
   3.5020000000000002       0.35815819589594700     
   3.5020100000000003       0.35891414677058797     
   3.5020200000000004       0.35886532270763233     
   3.5020300000000004       0.35861255578958429     
   3.5020400000000005       0.35918482823990638     
   3.5020500000000001       0.35919505020600417     
   3.5020600000000002       0.35904186189345622     
   3.5020700000000002       0.35856357350628137     
   3.5020800000000003       0.35737834262643442     
   3.5020900000000004       0.35692355867400249     
   3.5021000000000004       0.35683889303079280     
   3.5021100000000005       0.35511856275352882     
   3.5021200000000001       0.35479027430514504     
   3.5021300000000002       0.35245006427607495     
   3.5021400000000003       0.35094500365488773     
   3.5021500000000003       0.34920617190274078     
   3.5021600000000004       0.34726425483818218     
   3.5021700000000004       0.34451724151664792     
   3.5021800000000001       0.34304026229503443     
   3.5021900000000001       0.34096229935867356     
   3.5022000000000002       0.33972855443293415     
   3.5022100000000003       0.33810512681183791     
   3.5022200000000003       0.33696138547807603     
   3.5022300000000004       0.33542760219955858     
   3.5022400000000005       0.33370956116194217     
   3.5022500000000001       0.33157184786012134     
   3.5022600000000002       0.32929616313289928     
   3.5022700000000002       0.32918345646264269     
   3.5022800000000003       0.32801521891271657     
   3.5022900000000003       0.32835100805453321     
   3.5023000000000004       0.32760483849716332     
   3.5023100000000005       0.32476008357917041     
   3.5023200000000001       0.32251547985157236     
   3.5023300000000002       0.32271446776412721     
   3.5023400000000002       0.32095459849194125     
   3.5023500000000003       0.32200877586874588     
   3.5023600000000004       0.32137994555052779     
   3.5023700000000004       0.32002272080083050     
   3.5023800000000005       0.31904976548653857     
   3.5023900000000001       0.31906211196264933     
   3.5024000000000002       0.31753536599992999     
   3.5024100000000002       0.31637787339257012     
   3.5024200000000003       0.31594139483803985     
   3.5024300000000004       0.31463775861014998     
   3.5024400000000004       0.31307250903109263     
   3.5024500000000005       0.31151963432762197     
   3.5024600000000001       0.31093194529321733     
   3.5024700000000002       0.30932387550711005     
   3.5024800000000003       0.30979577677306780     
   3.5024900000000003       0.30865689503772020     
   3.5025000000000004       0.30912255343461864     
   3.5025100000000005       0.30811046240040540     
   3.5025200000000001       0.30834856040998032     
   3.5025300000000001       0.30735774106923247     
   3.5025400000000002       0.30800267866915193     
   3.5025500000000003       0.30738372581793638     
   3.5025600000000003       0.30705116838516588     
   3.5025700000000004       0.30608035772679565     
   3.5025800000000005       0.30609236463877343     
   3.5025900000000001       0.30558658871166067     
   3.5026000000000002       0.30608753708840347     
   3.5026100000000002       0.30569965218352307     
   3.5026200000000003       0.30639975551385473     
   3.5026300000000004       0.30611501022317572     
   3.5026400000000004       0.30722392274265276     
   3.5026500000000005       0.30696726628296900     
   3.5026600000000001       0.30630624748884616     
   3.5026700000000002       0.30650045088428562     
   3.5026800000000002       0.30660851387166504     
   3.5026900000000003       0.30663093026249855     
   3.5027000000000004       0.30622218584331723     
   3.5027100000000004       0.30652779732588775     
   3.5027200000000005       0.30710707497936174     
   3.5027300000000001       0.30830637295609703     
   3.5027400000000002       0.30932689937902164     
   3.5027500000000003       0.31052727661593793     
   3.5027600000000003       0.31281163359395098     
   3.5027700000000004       0.31378558415807578     
   3.5027800000000004       0.31623835334777117     
   3.5027900000000001       0.31731053675993631     
   3.5028000000000001       0.31894784449760538     
   3.5028100000000002       0.32028558377242966     
   3.5028200000000003       0.32182475526580068     
   3.5028300000000003       0.32169023650641099     
   3.5028400000000004       0.32266530709308772     
   3.5028500000000005       0.32249736520424094     
   3.5028600000000001       0.32417270067974419     
   3.5028700000000002       0.32406248352004768     
   3.5028800000000002       0.32508616460657253     
   3.5028900000000003       0.32411589917648587     
   3.5029000000000003       0.32469293067524235     
   3.5029100000000004       0.32349506647185100     
   3.5029200000000005       0.32309389321191928     
   3.5029300000000001       0.32306695669711866     
   3.5029400000000002       0.32328866870144995     
   3.5029500000000002       0.32194519203452443     
   3.5029600000000003       0.32202097316378331     
   3.5029700000000004       0.32092581912303220     
   3.5029800000000004       0.32006837694546963     
   3.5029900000000005       0.31729578820271731     
   3.5030000000000001       0.31731748466011078     
   3.5030100000000002       0.31428820749044978     
   3.5030200000000002       0.31250154051204737     
   3.5030300000000003       0.30945386310272421     
   3.5030400000000004       0.30869744408622279     
   3.5030500000000004       0.30631240586800995     
   3.5030600000000005       0.30622048445953898     
   3.5030700000000001       0.30430049626118055     
   3.5030800000000002       0.30351387085651566     
   3.5030900000000003       0.30286432730945823     
   3.5031000000000003       0.30161168275094874     
   3.5031100000000004       0.30067368190394173     
   3.5031200000000005       0.29948829365435620     
   3.5031300000000001       0.29990844810544282     
   3.5031400000000001       0.29910618827306251     
   3.5031500000000002       0.29942366745292553     
   3.5031600000000003       0.29866883204343786     
   3.5031700000000003       0.29859250218443389     
   3.5031800000000004       0.29779251390542150     
   3.5031900000000005       0.29707323857785700     
   3.5032000000000001       0.29708294250782796     
   3.5032100000000002       0.29629329397043175     
   3.5032200000000002       0.29576395720883769     
   3.5032300000000003       0.29440473863250438     
   3.5032400000000004       0.29388027474298040     
   3.5032500000000004       0.29256018389599842     
   3.5032600000000005       0.29197248496276967     
   3.5032700000000001       0.29116343707155407     
   3.5032800000000002       0.29068364243496581     
   3.5032900000000002       0.29028487252936530     
   3.5033000000000003       0.28927145677592125     
   3.5033100000000004       0.28943859609976180     
   3.5033200000000004       0.28964653174843175     
   3.5033300000000005       0.29042659293840967     
   3.5033400000000001       0.29144425355938092     
   3.5033500000000002       0.29175350261191574     
   3.5033600000000003       0.29315321459871235     
   3.5033700000000003       0.29526383610810109     
   3.5033800000000004       0.29698689334928274     
   3.5033900000000004       0.29844551203057146     
   3.5034000000000001       0.29953657745824652     
   3.5034100000000001       0.30144207990611277     
   3.5034200000000002       0.30244172025176924     
   3.5034300000000003       0.30360364060042172     
   3.5034400000000003       0.30355856488419203     
   3.5034500000000004       0.30481438135015126     
   3.5034600000000005       0.30515154527946858     
   3.5034700000000001       0.30651593032104224     
   3.5034800000000001       0.30568400465423357     
   3.5034900000000002       0.30515756411707956     
   3.5035000000000003       0.30391989903655331     
   3.5035100000000003       0.30494385766150756     
   3.5035200000000004       0.30350066109077189     
   3.5035300000000005       0.30293370443884493     
   3.5035400000000001       0.30278982970832341     
   3.5035500000000002       0.30415263663045927     
   3.5035600000000002       0.30275156598905023     
   3.5035700000000003       0.30251383802651394     
   3.5035800000000004       0.30207181616273521     
   3.5035900000000004       0.30259813971025795     
   3.5036000000000005       0.30240952966251139     
   3.5036100000000001       0.30267026648203821     
   3.5036200000000002       0.30300763028428324     
   3.5036300000000002       0.30332881484245028     
   3.5036400000000003       0.30471797247210897     
   3.5036500000000004       0.30472611925599530     
   3.5036600000000004       0.30533634167552143     
   3.5036700000000005       0.30546550149975921     
   3.5036800000000001       0.30656868822593075     
   3.5036900000000002       0.30588239720393640     
   3.5037000000000003       0.30609369364481842     
   3.5037100000000003       0.30544384532872015     
   3.5037200000000004       0.30584654341981365     
   3.5037300000000005       0.30500350504287982     
   3.5037400000000001       0.30537375937191519     
   3.5037500000000001       0.30362301387220991     
   3.5037600000000002       0.30374970914350463     
   3.5037700000000003       0.30262520131950377     
   3.5037800000000003       0.30304574544716861     
   3.5037900000000004       0.30224240095789778     
   3.5038000000000005       0.30291920124549238     
   3.5038100000000001       0.30227377907167791     
   3.5038200000000002       0.30364671299299095     
   3.5038300000000002       0.30420914431935298     
   3.5038400000000003       0.30465556192113658     
   3.5038500000000004       0.30452295965723913     
   3.5038600000000004       0.30448763072650503     
   3.5038700000000005       0.30539687586515746     
   3.5038800000000001       0.30540066906251173     
   3.5038900000000002       0.30558843313183115     
   3.5039000000000002       0.30506532399879649     
   3.5039100000000003       0.30533830037200099     
   3.5039200000000004       0.30452846637387382     
   3.5039300000000004       0.30422718755012917     
   3.5039400000000005       0.30274546902467803     
   3.5039500000000001       0.30167908194458770     
   3.5039600000000002       0.30064656015524122     
   3.5039700000000003       0.29883403296351535     
   3.5039800000000003       0.29763067381293101     
   3.5039900000000004       0.29599624113836898     
   3.5040000000000004       0.29457897418366158     
   3.5040100000000001       0.29340111985798972     
   3.5040200000000001       0.29229964133877451     
   3.5040300000000002       0.29151912674087915     
   3.5040400000000003       0.29106476500451711     
   3.5040500000000003       0.29175615484929307     
   3.5040600000000004       0.29245342489762755     
   3.5040700000000005       0.29388109958595537     
   3.5040800000000001       0.29519665707039844     
   3.5040900000000001       0.29671837438627424     
   3.5041000000000002       0.29834859311933548     
   3.5041100000000003       0.30025230273804698     
   3.5041200000000003       0.30157909143559297     
   3.5041300000000004       0.30397356198400244     
   3.5041400000000005       0.30491007869338255     
   3.5041500000000001       0.30727391843968577     
   3.5041600000000002       0.30817250279628389     
   3.5041700000000002       0.30974267605775996     
   3.5041800000000003       0.30925695119256530     
   3.5041900000000004       0.30933887598050558     
   3.5042000000000004       0.30868149590270194     
   3.5042100000000005       0.31002671790762049     
   3.5042200000000001       0.30892548063184294     
   3.5042300000000002       0.31012627560605427     
   3.5042400000000002       0.30922102020978620     
   3.5042500000000003       0.30965886409991300     
   3.5042600000000004       0.30862986425298650     
   3.5042700000000004       0.31106410271017787     
   3.5042800000000005       0.30854083930385706     
   3.5042900000000001       0.30913886698849691     
   3.5043000000000002       0.30734486228170477     
   3.5043100000000003       0.30743782425167415     
   3.5043200000000003       0.30580139569392667     
   3.5043300000000004       0.30574192650846849     
   3.5043400000000005       0.30388625854969165     
   3.5043500000000001       0.30361472833435832     
   3.5043600000000001       0.30132967145966527     
   3.5043700000000002       0.30214170643963983     
   3.5043800000000003       0.30119896357164705     
   3.5043900000000003       0.30262206834699162     
   3.5044000000000004       0.30231544580010822     
   3.5044100000000005       0.30406193601984022     
   3.5044200000000001       0.30433151787185997     
   3.5044300000000002       0.30641978337593706     
   3.5044400000000002       0.30762039542797454     
   3.5044500000000003       0.30954506369007290     
   3.5044600000000004       0.31103476732027846     
   3.5044700000000004       0.31305348721109599     
   3.5044800000000005       0.31399852369114212     
   3.5044900000000001       0.31568152263334309     
   3.5045000000000002       0.31642060860263105     
   3.5045100000000002       0.31820240454339294     
   3.5045200000000003       0.31887261276056172     
   3.5045300000000004       0.31807627610490402     
   3.5045400000000004       0.31779729020787117     
   3.5045500000000005       0.31838791334561911     
   3.5045600000000001       0.31678610842490473     
   3.5045700000000002       0.31608318651876688     
   3.5045800000000003       0.31453442894780331     
   3.5045900000000003       0.31332382977681522     
   3.5046000000000004       0.31097349343040942     
   3.5046100000000004       0.30997579771528799     
   3.5046200000000001       0.30804889565175425     
   3.5046300000000001       0.30606201119933424     
   3.5046400000000002       0.30528509519382691     
   3.5046500000000003       0.30393648823876107     
   3.5046600000000003       0.30297673978715733     
   3.5046700000000004       0.30280906233239074     
   3.5046800000000005       0.30355363600715740     
   3.5046900000000001       0.30258645637651377     
   3.5047000000000001       0.30340871256907542     
   3.5047100000000002       0.30499296872410614     
   3.5047200000000003       0.30731662131511922     
   3.5047300000000003       0.30840508169311720     
   3.5047400000000004       0.31054389491622036     
   3.5047500000000005       0.31263992806299312     
   3.5047600000000001       0.31497452180659397     
   3.5047700000000002       0.31727652396759942     
   3.5047800000000002       0.31911190775252274     
   3.5047900000000003       0.32123207842497231     
   3.5048000000000004       0.32307737119396102     
   3.5048100000000004       0.32471342609831938     
   3.5048200000000005       0.32737266842227453     
   3.5048300000000001       0.32880710418942455     
   3.5048400000000002       0.32919615287420950     
   3.5048500000000002       0.33095849471458405     
   3.5048600000000003       0.33114035406069836     
   3.5048700000000004       0.33183921432513913     
   3.5048800000000004       0.33260950212077256     
   3.5048900000000005       0.33317625470935591     
   3.5049000000000001       0.33300312264525878     
   3.5049100000000002       0.33422349801537460     
   3.5049200000000003       0.33334978228089002     
   3.5049300000000003       0.33355220584430001     
   3.5049400000000004       0.33236060504702930     
   3.5049500000000005       0.33303425123397634     
   3.5049600000000001       0.33302364242794269     
   3.5049700000000001       0.33262615306924648     
   3.5049800000000002       0.33168564880593082     
   3.5049900000000003       0.33193412348705509     
   3.5050000000000003       0.33064546726768218     
   3.5050100000000004       0.33094495905308474     
   3.5050200000000005       0.32989873661272612     
   3.5050300000000001       0.33068971199743796     
   3.5050400000000002       0.32971629184846574     
   3.5050500000000002       0.33012010272042214     
   3.5050600000000003       0.32933131295461426     
   3.5050700000000004       0.32919712950548607     
   3.5050800000000004       0.32950977559717420     
   3.5050900000000005       0.32879836293578624     
   3.5051000000000001       0.32831402495245859     
   3.5051100000000002       0.32869622027140649     
   3.5051200000000002       0.32899952344890393     
   3.5051300000000003       0.32884049814393829     
   3.5051400000000004       0.32808643144445238     
   3.5051500000000004       0.32808986551911778     
   3.5051600000000005       0.32762641499642808     
   3.5051700000000001       0.32741806036321885     
   3.5051800000000002       0.32648499216305826     
   3.5051900000000002       0.32584591970007126     
   3.5052000000000003       0.32513938309312324     
   3.5052100000000004       0.32427795632123274     
   3.5052200000000004       0.32403596514681338     
   3.5052300000000001       0.32464776543577012     
   3.5052400000000001       0.32586682760006241     
   3.5052500000000002       0.32694997154387967     
   3.5052600000000003       0.32770216188577772     
   3.5052700000000003       0.32882566709610361     
   3.5052800000000004       0.33018681976604164     
   3.5052900000000005       0.33157950037705564     
   3.5053000000000001       0.33364868489951061     
   3.5053100000000001       0.33373393828191794     
   3.5053200000000002       0.33571114422239723     
   3.5053300000000003       0.33773427426730113     
   3.5053400000000003       0.33974994358913230     
   3.5053500000000004       0.33998258193544706     
   3.5053600000000005       0.34094205873610151     
   3.5053700000000001       0.34194884722562874     
   3.5053800000000002       0.34206974148362351     
   3.5053900000000002       0.34309921282902317     
   3.5054000000000003       0.34287915309672723     
   3.5054100000000004       0.34349562478470791     
   3.5054200000000004       0.34287932628367690     
   3.5054300000000005       0.34313569359694129     
   3.5054400000000001       0.34273432315032598     
   3.5054500000000002       0.34251250514400872     
   3.5054600000000002       0.34214752467498694     
   3.5054700000000003       0.34230328868243581     
   3.5054800000000004       0.34220196285146987     
   3.5054900000000004       0.34175495002471468     
   3.5055000000000005       0.34252186255719008     
   3.5055100000000001       0.34315200549849845     
   3.5055200000000002       0.34391639568936966     
   3.5055300000000003       0.34447946986639627     
   3.5055400000000003       0.34590984514192163     
   3.5055500000000004       0.34590443764243745     
   3.5055600000000005       0.34728667372303501     
   3.5055700000000001       0.34806951607349723     
   3.5055800000000001       0.35027294763092798     
   3.5055900000000002       0.35027150453234374     
   3.5056000000000003       0.35075316629721781     
   3.5056100000000003       0.35109342698413210     
   3.5056200000000004       0.35129484729974236     
   3.5056300000000005       0.35194524826682633     
   3.5056400000000001       0.35256629336677053     
   3.5056500000000002       0.35289991147584410     
   3.5056600000000002       0.35302396958018728     
   3.5056700000000003       0.35260221216170512     
   3.5056800000000004       0.35212443742171601     
   3.5056900000000004       0.35171015545073547     
   3.5057000000000005       0.35165033918592481     
   3.5057100000000001       0.35142866359660002     
   3.5057200000000002       0.35070581437056247     
   3.5057300000000002       0.35092632728273432     
   3.5057400000000003       0.35081117390854805     
   3.5057500000000004       0.35162196132805851     
   3.5057600000000004       0.35143977773873830     
   3.5057700000000005       0.35272067136713070     
   3.5057800000000001       0.35246286274677691     
   3.5057900000000002       0.35347457248597730     
   3.5058000000000002       0.35387180540712704     
   3.5058100000000003       0.35487125425763749     
   3.5058200000000004       0.35646742616466137     
   3.5058300000000004       0.35870854191599000     
   3.5058400000000001       0.36033484030684543     
   3.5058500000000001       0.36304094709147638     
   3.5058600000000002       0.36507233494495417     
   3.5058700000000003       0.36786214546349111     
   3.5058800000000003       0.36943516068738969     
   3.5058900000000004       0.37239009171028520     
   3.5059000000000005       0.37332774626282816     
   3.5059100000000001       0.37535112223135253     
   3.5059200000000001       0.37536143825704260     
   3.5059300000000002       0.37574298834327474     
   3.5059400000000003       0.37552661970029699     
   3.5059500000000003       0.37522594069540582     
   3.5059600000000004       0.37449909992009400     
   3.5059700000000005       0.37432501547433578     
   3.5059800000000001       0.37355364349563203     
   3.5059900000000002       0.37295725154972842     
   3.5060000000000002       0.37246590627743131     
   3.5060100000000003       0.37196804211621315     
   3.5060200000000004       0.37137819728226951     
   3.5060300000000004       0.37183515923908822     
   3.5060400000000005       0.37154822582611374     
   3.5060500000000001       0.37191348595918683     
   3.5060600000000002       0.37196566345019288     
   3.5060700000000002       0.37220051035553192     
   3.5060800000000003       0.37352014061634797     
   3.5060900000000004       0.37428264948646428     
   3.5061000000000004       0.37544219431444043     
   3.5061100000000005       0.37620544953370938     
   3.5061200000000001       0.37759403476268438     
   3.5061300000000002       0.37897513260960275     
   3.5061400000000003       0.38037762715757101     
   3.5061500000000003       0.38172394999096326     
   3.5061600000000004       0.38338775277436810     
   3.5061700000000005       0.38572989498544313     
   3.5061800000000001       0.38735515334715864     
   3.5061900000000001       0.38988622901315412     
   3.5062000000000002       0.39266170700148156     
   3.5062100000000003       0.39429116487885962     
   3.5062200000000003       0.39540664630279310     
   3.5062300000000004       0.39688718089605346     
   3.5062400000000005       0.39632310923818193     
   3.5062500000000001       0.39662797949857009     
   3.5062600000000002       0.39654657051405795     
   3.5062700000000002       0.39596759431177031     
   3.5062800000000003       0.39617926408146376     
   3.5062900000000004       0.39496720995841611     
   3.5063000000000004       0.39405833314492744     
   3.5063100000000005       0.39202789130643956     
   3.5063200000000001       0.39123112780724922     
   3.5063300000000002       0.39010371176481440     
   3.5063400000000002       0.38962419493822770     
   3.5063500000000003       0.38855889271377564     
   3.5063600000000004       0.38831433517217750     
   3.5063700000000004       0.38804528112060566     
   3.5063800000000005       0.38874061586068326     
   3.5063900000000001       0.38804823806285249     
   3.5064000000000002       0.38923101542544158     
   3.5064100000000002       0.39021036790354652     
   3.5064200000000003       0.39196575642841613     
   3.5064300000000004       0.39257700313936406     
   3.5064400000000004       0.39420860341071967     
   3.5064500000000001       0.39524164336771028     
   3.5064600000000001       0.39644051231408417     
   3.5064700000000002       0.39743204560170969     
   3.5064800000000003       0.39953780278695883     
   3.5064900000000003       0.40033089594631388     
   3.5065000000000004       0.40206098931570566     
   3.5065100000000005       0.40290864605288956     
   3.5065200000000001       0.40417955850564885     
   3.5065300000000001       0.40485612881833338     
   3.5065400000000002       0.40568725810142187     
   3.5065500000000003       0.40585929822182065     
   3.5065600000000003       0.40731159873186784     
   3.5065700000000004       0.40808279830412736     
   3.5065800000000005       0.40941924093448784     
   3.5065900000000001       0.41011227409883000     
   3.5066000000000002       0.41079004299887251     
   3.5066100000000002       0.41072870657467814     
   3.5066200000000003       0.41147598913140820     
   3.5066300000000004       0.41183267950044988     
   3.5066400000000004       0.41255405499158354     
   3.5066500000000005       0.41217461275759670     
   3.5066600000000001       0.41203147532168682     
   3.5066700000000002       0.41155547446245783     
   3.5066800000000002       0.41057078003546432     
   3.5066900000000003       0.40915209285498672     
   3.5067000000000004       0.40793092629460009     
   3.5067100000000004       0.40747790281315849     
   3.5067200000000005       0.40698935391403657     
   3.5067300000000001       0.40608765471850616     
   3.5067400000000002       0.40565825443163689     
   3.5067500000000003       0.40549342495746810     
   3.5067600000000003       0.40532209426956284     
   3.5067700000000004       0.40582846083661783     
   3.5067800000000005       0.40717115260578335     
   3.5067900000000001       0.40782028353755134     
   3.5068000000000001       0.41010417542321587     
   3.5068100000000002       0.41156027634463854     
   3.5068200000000003       0.41432329490963044     
   3.5068300000000003       0.41649402809212382     
   3.5068400000000004       0.42059078174674291     
   3.5068500000000005       0.42261258574349275     
   3.5068600000000001       0.42554437642558512     
   3.5068700000000002       0.42749717082842548     
   3.5068800000000002       0.43103900936360745     
   3.5068900000000003       0.43249221683653849     
   3.5069000000000004       0.43386502784059661     
   3.5069100000000004       0.43430131869904975     
   3.5069200000000005       0.43610237953284886     
   3.5069300000000001       0.43574247043998604     
   3.5069400000000002       0.43604241945129502     
   3.5069500000000002       0.43486052198700703     
   3.5069600000000003       0.43452201063499429     
   3.5069700000000004       0.43308246799561967     
   3.5069800000000004       0.43232577378155762     
   3.5069900000000005       0.43177825380753826     
   3.5070000000000001       0.43151297181448145     
   3.5070100000000002       0.43159564470110440     
   3.5070200000000002       0.43186288797182215     
   3.5070300000000003       0.43188510081032272     
   3.5070400000000004       0.43253598433126811     
   3.5070500000000004       0.43412034946939382     
   3.5070600000000001       0.43559813120636715     
   3.5070700000000001       0.43707363968961527     
   3.5070800000000002       0.43883216343369724     
   3.5070900000000003       0.43934805489052819     
   3.5071000000000003       0.44135396249704223     
   3.5071100000000004       0.44161985916737651     
   3.5071200000000005       0.44363901624154944     
   3.5071300000000001       0.44313542253957106     
   3.5071400000000001       0.44538246090469408     
   3.5071500000000002       0.44558256316410533     
   3.5071600000000003       0.44717578111788708     
   3.5071700000000003       0.44708536587325653     
   3.5071800000000004       0.44774501529488209     
   3.5071900000000005       0.44736241179245062     
   3.5072000000000001       0.44817806774576285     
   3.5072100000000002       0.44778619282661941     
   3.5072200000000002       0.44871574159311733     
   3.5072300000000003       0.44920785749454945     
   3.5072400000000004       0.45041976804130096     
   3.5072500000000004       0.45104083523012667     
   3.5072600000000005       0.45198840517633088     
   3.5072700000000001       0.45266172884430311     
   3.5072800000000002       0.45319059184795524     
   3.5072900000000002       0.45413606405363827     
   3.5073000000000003       0.45465576250420298     
   3.5073100000000004       0.45524492947060635     
   3.5073200000000004       0.45560197111712769     
   3.5073300000000005       0.45691309624240301     
   3.5073400000000001       0.45695231058146923     
   3.5073500000000002       0.45833258621740636     
   3.5073600000000003       0.45862539626728122     
   3.5073700000000003       0.45981804185750397     
   3.5073800000000004       0.46030236273484992     
   3.5073900000000005       0.46137694504199406     
   3.5074000000000001       0.46187411719199506     
   3.5074100000000001       0.46361191174325395     
   3.5074200000000002       0.46500993707217952     
   3.5074300000000003       0.46669130693846145     
   3.5074400000000003       0.46818027260845857     
   3.5074500000000004       0.46875679933576969     
   3.5074600000000005       0.46985743103836802     
   3.5074700000000001       0.46993096054298783     
   3.5074800000000002       0.47024941927003583     
   3.5074900000000002       0.47110426248008125     
   3.5075000000000003       0.47199560969953885     
   3.5075100000000003       0.47197352117707525     
   3.5075200000000004       0.47310142470723859     
   3.5075300000000005       0.47337032779079147     
   3.5075400000000001       0.47495858188759849     
   3.5075500000000002       0.47642602760425690     
   3.5075600000000002       0.47882511242177572     
   3.5075700000000003       0.48086367443064754     
   3.5075800000000004       0.48374938203743889     
   3.5075900000000004       0.48562950172915859     
   3.5076000000000005       0.48753043668828239     
   3.5076100000000001       0.48936066588879312     
   3.5076200000000002       0.49107189551682551     
   3.5076300000000002       0.49217286504289470     
   3.5076400000000003       0.49208727217604892     
   3.5076500000000004       0.49256761682603073     
   3.5076600000000004       0.49072751025641526     
   3.5076700000000001       0.48910725095819785     
   3.5076800000000001       0.48682697977001904     
   3.5076900000000002       0.48449213761463883     
   3.5077000000000003       0.48226404368821330     
   3.5077100000000003       0.48174625967664109     
   3.5077200000000004       0.47986675441348531     
   3.5077300000000005       0.48089738889876699     
   3.5077400000000001       0.48172867285694287     
   3.5077500000000001       0.48483113345815720     
   3.5077600000000002       0.48788526970392121     
   3.5077700000000003       0.49252060237208040     
   3.5077800000000003       0.49648994344649844     
   3.5077900000000004       0.50221140191308933     
   3.5078000000000005       0.50683433759607732     
   3.5078100000000001       0.51220887342149612     
   3.5078200000000002       0.51689499339373890     
   3.5078300000000002       0.52188804242874676     
   3.5078400000000003       0.52551630733978150     
   3.5078500000000004       0.52839119987994720     
   3.5078600000000004       0.53077006563278406     
   3.5078700000000005       0.53169591563040752     
   3.5078800000000001       0.53283699971620124     
   3.5078900000000002       0.53261090790885202     
   3.5079000000000002       0.53236994647308067     
   3.5079100000000003       0.53124624675959697     
   3.5079200000000004       0.52953938248977550     
   3.5079300000000004       0.52762504599226256     
   3.5079400000000005       0.52611794696016800     
   3.5079500000000001       0.52450233004059321     
   3.5079600000000002       0.52309731974459550     
   3.5079700000000003       0.52157868097174509     
   3.5079800000000003       0.51972018615993953     
   3.5079900000000004       0.51821949689761582     
   3.5080000000000005       0.51640951670712343     
   3.5080100000000001       0.51558923451474403     
   3.5080200000000001       0.51429495403135972     
   3.5080300000000002       0.51411653807953461     
   3.5080400000000003       0.51533625579571696     
   3.5080500000000003       0.51559452644224824     
   3.5080600000000004       0.51667647827486485     
   3.5080700000000005       0.51718311621662216     
   3.5080800000000001       0.51923177798879983     
   3.5080900000000002       0.52028984656153987     
   3.5081000000000002       0.52190137395730873     
   3.5081100000000003       0.52258756859421895     
   3.5081200000000003       0.52443819542824344     
   3.5081300000000004       0.52495939505631717     
   3.5081400000000005       0.52667482251116216     
   3.5081500000000001       0.52713357901393276     
   3.5081600000000002       0.52851666098865802     
   3.5081700000000002       0.52850005152080759     
   3.5081800000000003       0.52953506468702038     
   3.5081900000000004       0.52908066974902412     
   3.5082000000000004       0.53015165364253392     
   3.5082100000000005       0.53020629547788034     
   3.5082200000000001       0.52972505735607589     
   3.5082300000000002       0.52994238510711023     
   3.5082400000000002       0.52920388940378627     
   3.5082500000000003       0.52988419646374585     
   3.5082600000000004       0.52930942820825588     
   3.5082700000000004       0.53045513316931714     
   3.5082800000000001       0.53111768133891468     
   3.5082900000000001       0.53305783962688869     
   3.5083000000000002       0.53357652442166736     
   3.5083100000000003       0.53578746751215678     
   3.5083200000000003       0.53761022477911247     
   3.5083300000000004       0.53969953709671237     
   3.5083400000000005       0.54155040746472249     
   3.5083500000000001       0.54380293590212836     
   3.5083600000000001       0.54548601582798439     
   3.5083700000000002       0.54788097612038300     
   3.5083800000000003       0.54966551070984504     
   3.5083900000000003       0.55235939193416572     
   3.5084000000000004       0.55372153562328119     
   3.5084100000000005       0.55562621421891623     
   3.5084200000000001       0.55791370657538830     
   3.5084300000000002       0.55855457702868583     
   3.5084400000000002       0.56069762245515042     
   3.5084500000000003       0.56177358870728800     
   3.5084600000000004       0.56250657422908523     
   3.5084700000000004       0.56409859190595713     
   3.5084800000000005       0.56531000282815547     
   3.5084900000000001       0.56633186024573745     
   3.5085000000000002       0.56828454029265640     
   3.5085100000000002       0.56902794165505022     
   3.5085200000000003       0.57038289818348020     
   3.5085300000000004       0.57101362090406405     
   3.5085400000000004       0.57242590162118079     
   3.5085500000000005       0.57240019106476181     
   3.5085600000000001       0.57411715494745774     
   3.5085700000000002       0.57403985969255833     
   3.5085800000000003       0.57565850277973019     
   3.5085900000000003       0.57606668001994643     
   3.5086000000000004       0.57720017660602696     
   3.5086100000000005       0.57676076673262910     
   3.5086200000000001       0.57653760776903540     
   3.5086300000000001       0.57592009472140915     
   3.5086400000000002       0.57600834227943321     
   3.5086500000000003       0.57531861836397369     
   3.5086600000000003       0.57528323037600371     
   3.5086700000000004       0.57510703523572038     
   3.5086800000000005       0.57519109515413203     
   3.5086900000000001       0.57613757529779219     
   3.5087000000000002       0.57718714276288252     
   3.5087100000000002       0.57905042495771786     
   3.5087200000000003       0.58149440383789475     
   3.5087300000000003       0.58292373664726993     
   3.5087400000000004       0.58491415471148045     
   3.5087500000000005       0.58624990677887301     
   3.5087600000000001       0.58752428452179606     
   3.5087700000000002       0.58879893415928897     
   3.5087800000000002       0.59020523907459244     
   3.5087900000000003       0.59164374935811070     
   3.5088000000000004       0.59223467517119466     
   3.5088100000000004       0.59254377133004055     
   3.5088200000000005       0.59183503922906056     
   3.5088300000000001       0.59110378639309991     
   3.5088400000000002       0.58976083624211928     
   3.5088500000000002       0.58915437255692737     
   3.5088600000000003       0.58801688064945612     
   3.5088700000000004       0.58761607857927745     
   3.5088800000000004       0.58679171151963783     
   3.5088900000000005       0.58661729472873969     
   3.5089000000000001       0.58688845302896830     
   3.5089100000000002       0.58816509911694592     
   3.5089200000000003       0.58896841255779508     
   3.5089300000000003       0.59040757404279154     
   3.5089400000000004       0.59220009829251885     
   3.5089500000000005       0.59503488202512766     
   3.5089600000000001       0.59651384001960095     
   3.5089700000000001       0.59833172082354491     
   3.5089800000000002       0.60073145922182636     
   3.5089900000000003       0.60332716426800048     
   3.5090000000000003       0.60500629767294889     
   3.5090100000000004       0.60662037859948226     
   3.5090200000000005       0.60760385087299174     
   3.5090300000000001       0.60854370682111758     
   3.5090400000000002       0.60880652806556190     
   3.5090500000000002       0.61002086728444738     
   3.5090600000000003       0.61017140916085078     
   3.5090700000000004       0.61083401072292010     
   3.5090800000000004       0.61186805827918234     
   3.5090900000000005       0.61266407746929308     
   3.5091000000000001       0.61321085334372782     
   3.5091100000000002       0.61437760550303511     
   3.5091200000000002       0.61503815104061865     
   3.5091300000000003       0.61527853794078857     
   3.5091400000000004       0.61631408117256981     
   3.5091500000000004       0.61647681869628312     
   3.5091600000000005       0.61741404625778740     
   3.5091700000000001       0.61781366602990462     
   3.5091800000000002       0.61907757141701369     
   3.5091900000000003       0.61953864453472418     
   3.5092000000000003       0.62076769466883663     
   3.5092100000000004       0.62173303897247056     
   3.5092200000000005       0.62189393681541749     
   3.5092300000000001       0.62331209219679495     
   3.5092400000000001       0.62399281083898417     
   3.5092500000000002       0.62478809834520688     
   3.5092600000000003       0.62632201265027942     
   3.5092700000000003       0.62678127562217323     
   3.5092800000000004       0.62823600388833600     
   3.5092900000000005       0.62899166229975478     
   3.5093000000000001       0.63073112758631633     
   3.5093100000000002       0.63153033927969138     
   3.5093200000000002       0.63216812614202578     
   3.5093300000000003       0.63271386386398565     
   3.5093400000000003       0.63345329817506901     
   3.5093500000000004       0.63384878607076112     
   3.5093600000000005       0.63466626436905316     
   3.5093700000000001       0.63491710846792471     
   3.5093800000000002       0.63649545895170256     
   3.5093900000000002       0.63642532505202498     
   3.5094000000000003       0.63729106583298023     
   3.5094100000000004       0.63780762852091166     
   3.5094200000000004       0.63903918008652649     
   3.5094300000000005       0.63879848499192260     
   3.5094400000000001       0.63978301927508574     
   3.5094500000000002       0.64008211163062823     
   3.5094600000000002       0.64058548942840710     
   3.5094700000000003       0.64170275307008873     
   3.5094800000000004       0.64106939064534696     
   3.5094900000000004       0.64245841720810415     
   3.5095000000000005       0.64266667339316774     
   3.5095100000000001       0.64422436157235397     
   3.5095200000000002       0.64443144801786922     
   3.5095300000000003       0.64622056582279919     
   3.5095400000000003       0.64728462189907077     
   3.5095500000000004       0.64841308950822940     
   3.5095600000000005       0.64980571359354733     
   3.5095700000000001       0.65175198135908241     
   3.5095800000000001       0.65326360944056949     
   3.5095900000000002       0.65577809303036494     
   3.5096000000000003       0.65773088300423788     
   3.5096100000000003       0.65972523477526901     
   3.5096200000000004       0.66210340982858062     
   3.5096300000000005       0.66426901072558753     
   3.5096400000000001       0.66684656619618110     
   3.5096500000000002       0.66891292415778425     
   3.5096600000000002       0.67082981788863294     
   3.5096700000000003       0.67273841738654039     
   3.5096800000000004       0.67400761369798956     
   3.5096900000000004       0.67518144549744785     
   3.5097000000000005       0.67601684047946908     
   3.5097100000000001       0.67557801780134930     
   3.5097200000000002       0.67513666028724950     
   3.5097300000000002       0.67520922990681975     
   3.5097400000000003       0.67485565200380082     
   3.5097500000000004       0.67433784083015014     
   3.5097600000000004       0.67426128173193600     
   3.5097700000000005       0.67387221715195023     
   3.5097800000000001       0.67391756501595645     
   3.5097900000000002       0.67407869598339754     
   3.5098000000000003       0.67405763990890788     
   3.5098100000000003       0.67478952918061585     
   3.5098200000000004       0.67537600974047862     
   3.5098300000000004       0.67668572024135032     
   3.5098400000000001       0.67798998001771704     
   3.5098500000000001       0.67961007908906412     
   3.5098600000000002       0.68119655393757672     
   3.5098700000000003       0.68351656100894298     
   3.5098800000000003       0.68516886576874603     
   3.5098900000000004       0.68736745641447861     
   3.5099000000000005       0.69013962737212342     
   3.5099100000000001       0.69233224751995381     
   3.5099200000000002       0.69496964873978573     
   3.5099300000000002       0.69661886310826215     
   3.5099400000000003       0.69960379663966421     
   3.5099500000000003       0.70141099815586005     
   3.5099600000000004       0.70394753894686501     
   3.5099700000000005       0.70518073446826879     
   3.5099800000000001       0.70703823947209354     
   3.5099900000000002       0.70769666452169100     
   3.5100000000000002       0.70941800332646754     
