   1.0000000000000000E-002   8307.7184214510435     
   2.0000000000000000E-002   8303.2154323192026     
   3.0000000000000002E-002   8295.7074454350150     
   4.0000000000000001E-002   8285.1944607985588     
   5.0000000000000003E-002   8271.6764784097577     
   6.0000000000000005E-002   8255.1534982686317     
   7.0000000000000007E-002   8235.6255203751807     
   8.0000000000000002E-002   8213.0934303390313     
   9.0000000000000011E-002   8187.7290111620405     
  0.10000000000000001        8159.6782361576406     
  0.11000000000000001        8128.7536047615176     
  0.12000000000000001        8094.8731624007423     
  0.13000000000000000        8058.0476663564650     
  0.14000000000000001        8018.5338979654416     
  0.15000000000000002        7976.5591696992205     
  0.16000000000000000        7931.8667263891084     
  0.17000000000000001        7884.2625871811088     
  0.18000000000000002        7833.9508016134132     
  0.19000000000000000        7780.8767557911324     
  0.20000000000000001        7725.0738503679740     
  0.21000000000000002        7666.8428229721385     
  0.22000000000000003        7606.1704213543462     
  0.23000000000000001        7543.2940619786141     
  0.24000000000000002        7478.0201529327787     
  0.25000000000000000        7410.2921480010391     
  0.26000000000000001        7340.1917546190398     
  0.27000000000000002        7268.0369342373197     
  0.28000000000000003        7193.8125009984651     
  0.29000000000000004        7117.7668649613042     
  0.30000000000000004        7039.7679689572142     
  0.31000000000000000        6959.4983746760427     
  0.32000000000000001        6877.4581194517059     
  0.33000000000000002        6793.7625010137008     
  0.34000000000000002        6708.8329697353593     
  0.35000000000000003        6622.0395439742369     
  0.36000000000000004        6533.6812225268122     
  0.37000000000000005        6443.8686808129160     
  0.38000000000000000        6352.7111708528610     
  0.39000000000000001        6260.5897654587916     
  0.40000000000000002        6167.3200965499309     
  0.41000000000000003        6072.9837899847616     
  0.42000000000000004        5977.3960488799876     
  0.43000000000000005        5880.9672682605078     
  0.44000000000000006        5784.1068151926102     
  0.45000000000000001        5686.6447436799554     
  0.46000000000000002        5588.9599808320172     
  0.47000000000000003        5490.5613080420781     
  0.48000000000000004        5392.3497217545964     
  0.49000000000000005        5294.0143157130888     
  0.50000000000000000        5195.6578690841270     
  0.51000000000000001        5097.4483822466391     
  0.52000000000000002        4999.2766007841283     
  0.53000000000000003        4901.2096200316601     
  0.54000000000000004        4803.9048175344524     
  0.55000000000000004        4707.0268160899241     
  0.56000000000000005        4610.9170809325306     
  0.57000000000000006        4515.6144328092132     
  0.58000000000000007        4421.3511635551677     
  0.59000000000000008        4328.5914415776042     
  0.60000000000000009        4237.4798256749018     
  0.61000000000000010        4148.0825045022766     
  0.62000000000000000        4059.7644311855597     
  0.63000000000000000        3972.9904201672130     
  0.64000000000000001        3887.7896216224381     
  0.65000000000000002        3805.2584545360369     
  0.66000000000000003        3725.7357090037085     
  0.67000000000000004        3648.2858116036518     
  0.68000000000000005        3573.1900454089837     
  0.69000000000000006        3500.4590741752877     
  0.70000000000000007        3430.8388444768771     
  0.71000000000000008        3364.1197876844872     
  0.72000000000000008        3300.9238358446391     
  0.73000000000000009        3241.6450310920172     
  0.74000000000000010        3185.5162481942862     
  0.75000000000000011        3133.0165779040931     
  0.76000000000000001        3084.9449269519428     
  0.77000000000000002        3041.8571785014251     
  0.78000000000000003        3002.4261972121544     
  0.79000000000000004        2966.7813333447452     
  0.80000000000000004        2935.9881260939155     
  0.81000000000000005        2910.8539101421457     
  0.82000000000000006        2890.5531767410625     
  0.83000000000000007        2875.0890802704835     
  0.84000000000000008        2865.1695171430633     
  0.85000000000000009        2861.9292181958422     
  0.86000000000000010        2865.0312512743903     
  0.87000000000000011        2869.4494840484740     
  0.88000000000000012        2871.9337101466413     
  0.89000000000000012        2872.2269194773262     
  0.90000000000000002        2870.8973214356106     
  0.91000000000000003        2868.8388295330947     
  0.92000000000000004        2866.8227082188573     
  0.93000000000000005        2865.5581530539284     
  0.94000000000000006        2865.1505928108663     
  0.95000000000000007        2865.1552063400218     
  0.96000000000000008        2865.0826955286398     
  0.97000000000000008        2864.6743740374354     
  0.98000000000000009        2864.0378668759977     
  0.99000000000000010        2863.4004889865996     
   1.0000000000000000        2862.9809617239061     
   1.0100000000000000        2862.7854202991953     
   1.0200000000000000        2862.6664909427013     
   1.0300000000000000        2862.4765606812221     
   1.0400000000000000        2862.2015706824800     
   1.0500000000000000        2861.8908806166023     
   1.0600000000000001        2861.6104118321005     
   1.0700000000000001        2861.3761812247553     
   1.0800000000000001        2861.2250754706697     
   1.0900000000000001        2861.1238335781300     
   1.1000000000000001        2861.0389134885581     
   1.1100000000000001        2860.9218791501030     
   1.1200000000000001        2860.7904335003686     
   1.1300000000000001        2860.6756076445627     
   1.1400000000000001        2860.5974486993337     
   1.1500000000000001        2860.5435657088578     
   1.1600000000000001        2860.4972031366865     
   1.1700000000000002        2860.4353427720835     
   1.1800000000000002        2860.3541054480338     
   1.1900000000000002        2860.2592642212262     
   1.2000000000000002        2860.1784348715523     
   1.2100000000000002        2860.1139406777193     
   1.2200000000000002        2860.0604725043013     
   1.2300000000000002        2860.0049683489669     
   1.2400000000000000        2859.9454649465702     
   1.2500000000000000        2859.8832138800485     
   1.2600000000000000        2859.8343067886290     
   1.2700000000000000        2859.7892732813361     
   1.2800000000000000        2859.7484208594678     
   1.2900000000000000        2859.6942132059526     
   1.3000000000000000        2859.6300669069678     
   1.3100000000000001        2859.5641441728549     
   1.3200000000000001        2859.4987316739948     
   1.3300000000000001        2859.4336804069703     
   1.3400000000000001        2859.3768546874990     
   1.3500000000000001        2859.3276561977968     
   1.3600000000000001        2859.2816182871034     
   1.3700000000000001        2859.2406270790161     
   1.3800000000000001        2859.2036894003295     
   1.3900000000000001        2859.1725953913906     
   1.4000000000000001        2859.1444927617144     
   1.4100000000000001        2859.1073235660583     
   1.4200000000000002        2859.0655358331237     
   1.4300000000000002        2859.0187151730656     
   1.4400000000000002        2858.9827342560525     
   1.4500000000000002        2858.9656583485507     
   1.4600000000000002        2858.9489956596262     
   1.4700000000000002        2858.9235007507282     
   1.4800000000000002        2858.8890704503970     
   1.4900000000000002        2858.8481519280472     
   1.5000000000000002        2858.8131551563838     
   1.5100000000000002        2858.7853792081087     
   1.5200000000000000        2858.7535299616934     
   1.5300000000000000        2858.7143228999003     
   1.5400000000000000        2858.6745203584533     
   1.5500000000000000        2858.6374417450438     
   1.5600000000000001        2858.6094696776895     
   1.5700000000000001        2858.5858961954673     
   1.5800000000000001        2858.5545131446715     
   1.5900000000000001        2858.5136119172930     
   1.6000000000000001        2858.4650297970788     
   1.6100000000000001        2858.4200649516351     
   1.6200000000000001        2858.3882103885480     
   1.6300000000000001        2858.3731883966725     
   1.6400000000000001        2858.3547711924152     
   1.6500000000000001        2858.3195935790091     
   1.6600000000000001        2858.2724687957771     
   1.6700000000000002        2858.2308567654545     
   1.6800000000000002        2858.1964769918150     
   1.6900000000000002        2858.1724410722472     
   1.7000000000000002        2858.1427919016432     
   1.7100000000000002        2858.1011995766949     
   1.7200000000000002        2858.0568195326805     
   1.7300000000000002        2858.0121789160562     
   1.7400000000000002        2857.9849606627076     
   1.7500000000000002        2857.9646081780365     
   1.7600000000000002        2857.9501419364060     
   1.7700000000000002        2857.9299825315998     
   1.7800000000000002        2857.9018396844958     
   1.7900000000000000        2857.8787155977657     
   1.8000000000000000        2857.8597942683823     
   1.8100000000000001        2857.8461664342858     
   1.8200000000000001        2857.8179384553932     
   1.8300000000000001        2857.7781361681596     
   1.8400000000000001        2857.7422723521854     
   1.8500000000000001        2857.7250221583481     
   1.8600000000000001        2857.7201558301385     
   1.8700000000000001        2857.7069403637875     
   1.8800000000000001        2857.6674140539167     
   1.8900000000000001        2857.6145479893084     
   1.9000000000000001        2857.5724009197452     
   1.9100000000000001        2857.5647708508122     
   1.9200000000000002        2857.5731354754507     
   1.9300000000000002        2857.5729991389230     
   1.9400000000000002        2857.5414901705030     
   1.9500000000000002        2857.4875375735660     
   1.9600000000000002        2857.4370989306799     
   1.9700000000000002        2857.4124420564231     
   1.9800000000000002        2857.4050460928243     
   1.9900000000000002        2857.3945374290975     
   2.0000000000000000        2857.3603963713817     
   2.0100000000000002        2857.3049997707103     
   2.0200000000000000        2857.2462660239521     
   2.0300000000000002        2857.2053255237192     
   2.0400000000000000        2857.1826283603550     
   2.0500000000000003        2857.1685567232207     
   2.0600000000000001        2857.1431135666471     
   2.0700000000000003        2857.1032087201752     
   2.0800000000000001        2857.0492530963365     
   2.0900000000000003        2857.0018438829484     
   2.1000000000000001        2856.9707479374233     
   2.1100000000000003        2856.9464873858406     
   2.1200000000000001        2856.9200805531741     
   2.1300000000000003        2856.8722080672351     
   2.1400000000000001        2856.8070898742653     
   2.1500000000000004        2856.7340146893648     
   2.1600000000000001        2856.6614610622005     
   2.1700000000000004        2856.5919307505387     
   2.1800000000000002        2856.5330761372888     
   2.1900000000000004        2856.4853543297668     
   2.2000000000000002        2856.4441087315085     
   2.2100000000000000        2856.3994764276185     
   2.2200000000000002        2856.3397309774614     
   2.2300000000000000        2856.2655195062416     
   2.2400000000000002        2856.1992066332164     
   2.2500000000000000        2856.1478618973210     
   2.2600000000000002        2856.1070346202864     
   2.2700000000000000        2856.0619458937726     
   2.2800000000000002        2855.9888885645137     
   2.2900000000000000        2855.9113457293961     
   2.3000000000000003        2855.8454058173661     
   2.3100000000000001        2855.8028116965943     
   2.3200000000000003        2855.7785191537023     
   2.3300000000000001        2855.7528466652675     
   2.3400000000000003        2855.7114576761219     
   2.3500000000000001        2855.6535783564154     
   2.3600000000000003        2855.5949951102566     
   2.3700000000000001        2855.5477935069648     
   2.3800000000000003        2855.5086972536337     
   2.3900000000000001        2855.4733590699275     
   2.4000000000000004        2855.4259037992924     
   2.4100000000000001        2855.3652124265755     
   2.4200000000000004        2855.2991671097870     
   2.4300000000000002        2855.2404124423538     
   2.4400000000000004        2855.2080036483421     
   2.4500000000000002        2855.1948069493828     
   2.4600000000000004        2855.1749633375966     
   2.4700000000000002        2855.1372647237044     
   2.4800000000000000        2855.0834197084469     
   2.4900000000000002        2855.0291965718802     
   2.5000000000000000        2854.9898735220168     
   2.5100000000000002        2854.9603944866512     
   2.5200000000000000        2854.9312821801091     
   2.5300000000000002        2854.8893308833553     
   2.5400000000000000        2854.8418732744813     
   2.5500000000000003        2854.8020467038536     
   2.5600000000000001        2854.7829415715378     
   2.5700000000000003        2854.7769385166612     
   2.5800000000000001        2854.7674442167140     
   2.5900000000000003        2854.7376018873924     
   2.6000000000000001        2854.6968460861290     
   2.6100000000000003        2854.6644063488548     
   2.6200000000000001        2854.6468336129005     
   2.6300000000000003        2854.6436148126591     
   2.6400000000000001        2854.6425329814501     
   2.6500000000000004        2854.6314624407319     
   2.6600000000000001        2854.6058296184151     
   2.6700000000000004        2854.5750529021429     
   2.6800000000000002        2854.5488818859499     
   2.6900000000000004        2854.5309692608039     
   2.7000000000000002        2854.5169541645882     
   2.7100000000000004        2854.5053310241788     
   2.7200000000000002        2854.4878553395542     
   2.7300000000000004        2854.4596510570150     
   2.7400000000000002        2854.4320911712966     
   2.7500000000000004        2854.4021035382843     
   2.7600000000000002        2854.3761742399947     
   2.7700000000000000        2854.3581541243825     
   2.7800000000000002        2854.3543016386852     
   2.7900000000000000        2854.3487591169269     
   2.8000000000000003        2854.3351172998300     
   2.8100000000000001        2854.3109270253226     
   2.8200000000000003        2854.2888606605902     
   2.8300000000000001        2854.2794211734499     
   2.8400000000000003        2854.2789792263511     
   2.8500000000000001        2854.2732185434893     
   2.8600000000000003        2854.2557721797702     
   2.8700000000000001        2854.2232306013025     
   2.8800000000000003        2854.1809876952207     
   2.8900000000000001        2854.1525822769800     
   2.9000000000000004        2854.1385322118426     
   2.9100000000000001        2854.1374509309162     
   2.9200000000000004        2854.1383956953423     
   2.9300000000000002        2854.1260416147015     
   2.9400000000000004        2854.1032043043006     
   2.9500000000000002        2854.0714976222143     
   2.9600000000000004        2854.0442196296008     
   2.9700000000000002        2854.0255557319151     
   2.9800000000000004        2854.0193019555663     
   2.9900000000000002        2854.0103248535952     
   3.0000000000000004        2853.9984048233659     
