   3.5000000000000004        7.4569475180544173E-002
   3.5000100000000001        6.0666354203579458E-002
   3.5000200000000001        7.2923687801620979E-002
   3.5000300000000002        5.9513449222122879E-002
   3.5000400000000003        7.2053569061341666E-002
   3.5000500000000003        5.9772390702451453E-002
   3.5000600000000004        6.9908545268257627E-002
   3.5000700000000005        6.0288635542025432E-002
   3.5000800000000001        6.8301391076568643E-002
   3.5000900000000001        5.8716953470550892E-002
   3.5001000000000002        6.8245591566741801E-002
   3.5001100000000003        5.6749674393019305E-002
   3.5001200000000003        6.7726332657326443E-002
   3.5001300000000004        5.5222060608424745E-002
   3.5001400000000005        6.9130505149866392E-002
   3.5001500000000001        5.6042037554604095E-002
   3.5001600000000002        6.5946211349833514E-002
   3.5001700000000002        5.5769613708844146E-002
   3.5001800000000003        6.9212166652086404E-002
   3.5001900000000004        5.8400525043596052E-002
   3.5002000000000004        6.6320796637427362E-002
   3.5002100000000005        6.0100974923918124E-002
   3.5002200000000001        6.6067061997111778E-002
   3.5002300000000002        6.1721651306464377E-002
   3.5002400000000002        6.4794807283136774E-002
   3.5002500000000003        6.2016838606365143E-002
   3.5002600000000004        6.7047109702361565E-002
   3.5002700000000004        6.0901973655915986E-002
   3.5002800000000005        6.4173889587304050E-002
   3.5002900000000001        6.5469450465163739E-002
   3.5003000000000002        6.5076211637483269E-002
   3.5003100000000003        6.3184992871085824E-002
   3.5003200000000003        6.5874953050528998E-002
   3.5003300000000004        6.5576377774205954E-002
   3.5003400000000005        6.6155680361087391E-002
   3.5003500000000001        6.7528321670706173E-002
   3.5003600000000001        6.5984939497280196E-002
   3.5003700000000002        6.8164971923398890E-002
   3.5003800000000003        6.3317057031306564E-002
   3.5003900000000003        6.9116998354582099E-002
   3.5004000000000004        5.8596552994062405E-002
   3.5004100000000005        6.5674126378521769E-002
   3.5004200000000001        5.8870458679820492E-002
   3.5004300000000002        6.5403844091616606E-002
   3.5004400000000002        5.6330922956259626E-002
   3.5004500000000003        6.5317013343652697E-002
   3.5004600000000003        5.9037402742068965E-002
   3.5004700000000004        6.4275633735420348E-002
   3.5004800000000005        6.5601933919861355E-002
   3.5004900000000001        6.3169989080235855E-002
   3.5005000000000002        6.3274203037544066E-002
   3.5005100000000002        6.3022400983147792E-002
   3.5005200000000003        6.4524401378565965E-002
   3.5005300000000004        6.1761764595102429E-002
   3.5005400000000004        6.3418760042493555E-002
   3.5005500000000005        6.2712888523298024E-002
   3.5005600000000001        6.5573969173156346E-002
   3.5005700000000002        5.9761478870992354E-002
   3.5005800000000002        6.3199960131366875E-002
   3.5005900000000003        6.1338099708923323E-002
   3.5006000000000004        6.1234894928568373E-002
   3.5006100000000004        5.8668031742811197E-002
   3.5006200000000001        6.5001088306491955E-002
   3.5006300000000001        5.8566327285629653E-002
   3.5006400000000002        5.9867021554425429E-002
   3.5006500000000003        5.7249743221386047E-002
   3.5006600000000003        6.1261717902089050E-002
   3.5006700000000004        5.7762738003829160E-002
   3.5006800000000005        6.3749431688694250E-002
   3.5006900000000001        5.6477880296511296E-002
   3.5007000000000001        6.6414833201951656E-002
   3.5007100000000002        5.9466009571792662E-002
   3.5007200000000003        6.6929688604478954E-002
   3.5007300000000003        5.5194133704220549E-002
   3.5007400000000004        7.3034176830593059E-002
   3.5007500000000005        5.7601415497981978E-002
   3.5007600000000001        7.0569134631540090E-002
   3.5007700000000002        5.4749372013714812E-002
   3.5007800000000002        6.8010227360160935E-002
   3.5007900000000003        5.7359424688527165E-002
   3.5008000000000004        6.7170621957715351E-002
   3.5008100000000004        5.5673455632980533E-002
   3.5008200000000005        6.7608125024754287E-002
   3.5008300000000001        5.5184883685433665E-002
   3.5008400000000002        6.5866869936271388E-002
   3.5008500000000002        5.6998977423426252E-002
   3.5008600000000003        6.5730346318728816E-002
   3.5008700000000004        5.6558492881312088E-002
   3.5008800000000004        6.5347691433299146E-002
   3.5008900000000005        5.4119050431233960E-002
   3.5009000000000001        6.7869169154470707E-002
   3.5009100000000002        5.1343460193751425E-002
   3.5009200000000003        6.7910968721937165E-002
   3.5009300000000003        5.3097207760047463E-002
   3.5009400000000004        6.5409023228378493E-002
   3.5009500000000005        5.2744894252804084E-002
   3.5009600000000001        6.7516207104723308E-002
   3.5009700000000001        5.2590413380806444E-002
   3.5009800000000002        6.9220737907012345E-002
   3.5009900000000003        5.1727436926260612E-002
   3.5010000000000003        5.9589222950532046E-002
   3.5010100000000004        5.2613899696076723E-002
   3.5010200000000005        5.8480253675201196E-002
   3.5010300000000001        5.0970637072371879E-002
   3.5010400000000002        6.0581596430719718E-002
   3.5010500000000002        5.1164566792889152E-002
   3.5010600000000003        5.9382835727364386E-002
   3.5010700000000003        5.0925454037574161E-002
   3.5010800000000004        5.8815075623029768E-002
   3.5010900000000005        5.0549704086773464E-002
   3.5011000000000001        5.8357640122068691E-002
   3.5011100000000002        5.1187488390556646E-002
   3.5011200000000002        5.4353262981129635E-002
   3.5011300000000003        5.4328391245053530E-002
   3.5011400000000004        5.3730064598303026E-002
   3.5011500000000004        5.7382181010200949E-002
   3.5011600000000005        5.3308928975812062E-002
   3.5011700000000001        5.3773266832409551E-002
   3.5011800000000002        5.6161615768665962E-002
   3.5011900000000002        5.5319040922290633E-002
   3.5012000000000003        5.6501801264239128E-002
   3.5012100000000004        4.5386074656650136E-002
   3.5012200000000004        5.7395721928628567E-002
   3.5012300000000001        4.6976275186733030E-002
   3.5012400000000001        6.0028521571553459E-002
   3.5012500000000002        4.9252858756367174E-002
   3.5012600000000003        6.1023417610519576E-002
   3.5012700000000003        4.8713221370526832E-002
   3.5012800000000004        6.3807030761898018E-002
   3.5012900000000005        5.0181570137989392E-002
   3.5013000000000001        5.8367355409144742E-002
   3.5013100000000001        5.3977699213144069E-002
   3.5013200000000002        5.8479276258513714E-002
   3.5013300000000003        5.4555842646711775E-002
   3.5013400000000003        6.0267311379023081E-002
   3.5013500000000004        5.4319072777775430E-002
   3.5013600000000005        6.0551283917507026E-002
   3.5013700000000001        5.3287715977530542E-002
   3.5013800000000002        6.0071835286023521E-002
   3.5013900000000002        5.0575802170932695E-002
   3.5014000000000003        5.9232844696803240E-002
   3.5014100000000004        5.2371635037372181E-002
   3.5014200000000004        5.8013995180228324E-002
   3.5014300000000005        5.4263302836326591E-002
   3.5014400000000001        5.5942122665313752E-002
   3.5014500000000002        5.6408754415230175E-002
   3.5014600000000002        5.4868289996962812E-002
   3.5014700000000003        5.7714341242357255E-002
   3.5014800000000004        5.6473952708260021E-002
   3.5014900000000004        5.7613317703689229E-002
   3.5015000000000005        5.8454391201144699E-002
   3.5015100000000001        5.3685361563469453E-002
   3.5015200000000002        5.7246797086195178E-002
   3.5015300000000003        5.4887282530500035E-002
   3.5015400000000003        6.0828901401173641E-002
   3.5015500000000004        5.5390089257732041E-002
   3.5015600000000004        6.0239124450175173E-002
   3.5015700000000001        5.7319049262707839E-002
   3.5015800000000001        5.7220534263291621E-002
   3.5015900000000002        5.7442590718237915E-002
   3.5016000000000003        5.9873414113389124E-002
   3.5016100000000003        5.5411832832824574E-002
   3.5016200000000004        6.2218053321166630E-002
   3.5016300000000005        5.5055895593446404E-002
   3.5016400000000001        5.8725342739174541E-002
   3.5016500000000002        5.4602466486863989E-002
   3.5016600000000002        5.8094645822495287E-002
   3.5016700000000003        5.4668328343518841E-002
   3.5016800000000003        5.7101988806642780E-002
   3.5016900000000004        5.5060907133333691E-002
   3.5017000000000005        5.8535214113034098E-002
   3.5017100000000001        5.3563799120921782E-002
   3.5017200000000002        5.9769805579409988E-002
   3.5017300000000002        5.2867929206284983E-002
   3.5017400000000003        5.7517825148184272E-002
   3.5017500000000004        5.1042179239603920E-002
   3.5017600000000004        5.6461175760664062E-002
   3.5017700000000005        5.2110655560098633E-002
   3.5017800000000001        5.5874358808443901E-002
   3.5017900000000002        5.2019958527635010E-002
   3.5018000000000002        5.4815140331301734E-002
   3.5018100000000003        5.1457878230048486E-002
   3.5018200000000004        5.5559746553769149E-002
   3.5018300000000004        5.0765286466593333E-002
   3.5018400000000005        5.6903166897942538E-002
   3.5018500000000001        5.1129440279133263E-002
   3.5018600000000002        5.5982503326170649E-002
   3.5018700000000003        5.0561778761762932E-002
   3.5018800000000003        5.6554584245497370E-002
   3.5018900000000004        4.9394784652705255E-002
   3.5019000000000005        5.0651483432792972E-002
   3.5019100000000001        5.1583861380194537E-002
   3.5019200000000001        5.8555549683518504E-002
   3.5019300000000002        5.1691777639835935E-002
   3.5019400000000003        5.4896498182133290E-002
   3.5019500000000003        5.3207016793186422E-002
   3.5019600000000004        5.3932731181812077E-002
   3.5019700000000005        5.4498943100648511E-002
   3.5019800000000001        5.0496632443521650E-002
   3.5019900000000002        5.4974978102399576E-002
   3.5020000000000002        5.2679368089705289E-002
   3.5020100000000003        5.6126564147336758E-002
   3.5020200000000004        5.1919113205421426E-002
   3.5020300000000004        5.6725475495383731E-002
   3.5020400000000005        5.0632034314653351E-002
   3.5020500000000001        5.8437886462615010E-002
   3.5020600000000002        5.0874796240321478E-002
   3.5020700000000002        5.5522692449024719E-002
   3.5020800000000003        5.4290380290845631E-002
   3.5020900000000004        5.4697812304948780E-002
   3.5021000000000004        5.5792507730964162E-002
   3.5021100000000005        4.9486125450855692E-002
   3.5021200000000001        5.5574641126202431E-002
   3.5021300000000002        4.5792063171383117E-002
   3.5021400000000003        5.9185570995240314E-002
   3.5021500000000003        4.5690428310910781E-002
   3.5021600000000004        6.0570041707669886E-002
   3.5021700000000004        4.6753690687413023E-002
   3.5021800000000001        5.9254790381832304E-002
   3.5021900000000001        4.8668700088434755E-002
   3.5022000000000002        5.3229807797205368E-002
   3.5022100000000003        4.9084396234709879E-002
   3.5022200000000003        5.4750520131886270E-002
   3.5022300000000004        5.0874393150730855E-002
   3.5022400000000005        5.4002945298659601E-002
   3.5022500000000001        4.9689507803030941E-002
   3.5022600000000002        5.3794857881462516E-002
   3.5022700000000002        5.0266536130073758E-002
   3.5022800000000003        5.4370442541414855E-002
   3.5022900000000003        5.0147496902655762E-002
   3.5023000000000004        5.2053498255940245E-002
   3.5023100000000005        4.7936409094790647E-002
   3.5023200000000001        5.1210340806154275E-002
   3.5023300000000002        5.2783671193448178E-002
   3.5023400000000002        4.7660353651589139E-002
   3.5023500000000003        5.5991664394367806E-002
   3.5023600000000004        4.7023566473850469E-002
   3.5023700000000004        5.5371502836962683E-002
   3.5023800000000005        4.6715362932568873E-002
   3.5023900000000001        5.5613109697368469E-002
   3.5024000000000002        4.7992183028110577E-002
   3.5024100000000002        5.3497419587143005E-002
   3.5024200000000003        4.9092148491222107E-002
   3.5024300000000004        5.4072641791492793E-002
   3.5024400000000004        4.9424906177695106E-002
   3.5024500000000005        5.2131471223045171E-002
   3.5024600000000001        5.2059191483249723E-002
   3.5024700000000002        4.9988997586325301E-002
   3.5024800000000003        5.1582847161148838E-002
   3.5024900000000003        5.1406165447935748E-002
   3.5025000000000004        5.0713679270002039E-002
   3.5025100000000005        5.4959938770419138E-002
   3.5025200000000001        5.0570672499869580E-002
   3.5025300000000001        5.1994115539019670E-002
   3.5025400000000002        5.2302917362852551E-002
   3.5025500000000003        4.8765129589332677E-002
   3.5025600000000003        4.9212160002464221E-002
   3.5025700000000004        5.5497900615276687E-002
   3.5025800000000005        5.0860356484748730E-002
   3.5025900000000001        5.8328376619480191E-002
   3.5026000000000002        4.7988599628458542E-002
   3.5026100000000002        6.1075108117969117E-002
   3.5026200000000003        4.9038625696199926E-002
   3.5026300000000004        6.4001033213188105E-002
   3.5026400000000004        5.1158440568339819E-002
   3.5026500000000005        5.6517923977593164E-002
   3.5026600000000001        5.2412830812436861E-002
   3.5026700000000002        5.5481394367472299E-002
   3.5026800000000002        5.5604615646499371E-002
   3.5026900000000003        5.4032837271089908E-002
   3.5027000000000004        5.4019631038427801E-002
   3.5027100000000004        5.3141911602776308E-002
   3.5027200000000005        5.3700190931469730E-002
   3.5027300000000001        5.1284769743173989E-002
   3.5027400000000002        5.1770001200781450E-002
   3.5027500000000003        5.4216941115271020E-002
   3.5027600000000003        5.1721382585801362E-002
   3.5027700000000004        5.2057322906842424E-002
   3.5027800000000004        5.0274465599931963E-002
   3.5027900000000001        5.1877584925452268E-002
   3.5028000000000001        5.0277665612195196E-002
   3.5028100000000002        5.0103755893000985E-002
   3.5028200000000003        4.9101617010621219E-002
   3.5028300000000003        4.5809878833995697E-002
   3.5028400000000004        5.0672567064030276E-002
   3.5028500000000005        4.8191673741938952E-002
   3.5028600000000001        4.8266248074624526E-002
   3.5028700000000002        4.7920542205924017E-002
   3.5028800000000002        4.9537013533109131E-002
   3.5028900000000003        4.5870130809116658E-002
   3.5029000000000003        4.8143709996499487E-002
   3.5029100000000004        4.8812586380544656E-002
   3.5029200000000005        4.5375372239690050E-002
   3.5029300000000001        4.7232874214922720E-002
   3.5029400000000002        4.4741822515216419E-002
   3.5029500000000002        4.7821848166512561E-002
   3.5029600000000003        4.5972333904778770E-002
   3.5029700000000004        4.8394909631669952E-002
   3.5029800000000004        4.5062044550850423E-002
   3.5029900000000005        4.9388723667330228E-002
   3.5030000000000001        4.5627879790023321E-002
   3.5030100000000002        4.9293415323761525E-002
   3.5030200000000002        4.6565461308321829E-002
   3.5030300000000003        5.2010982015552001E-002
   3.5030400000000004        4.6834437336371840E-002
   3.5030500000000004        5.4539507690107167E-002
   3.5030600000000005        4.6270663946231368E-002
   3.5030700000000001        5.5331877402307550E-002
   3.5030800000000002        4.4855366625996387E-002
   3.5030900000000003        5.8174650245116893E-002
   3.5031000000000003        4.5107698870283403E-002
   3.5031100000000004        6.0796257586143911E-002
   3.5031200000000005        4.7204411010084907E-002
   3.5031300000000001        5.5533569142482052E-002
   3.5031400000000001        4.6245270967496949E-002
   3.5031500000000002        5.3069964841884865E-002
   3.5031600000000003        4.6548955310451251E-002
   3.5031700000000003        5.2959684346269596E-002
   3.5031800000000004        5.3139568041355244E-002
   3.5031900000000005        5.0558120836786818E-002
   3.5032000000000001        5.5959681998803225E-002
   3.5032100000000002        4.8926186815052369E-002
   3.5032200000000002        5.7934140884582416E-002
   3.5032300000000003        4.7286469172659044E-002
   3.5032400000000004        6.3151951329477402E-002
   3.5032500000000004        4.3303994005048536E-002
   3.5032600000000005        5.9123662977167334E-002
   3.5032700000000001        4.4436898338963041E-002
   3.5032800000000002        5.8385328740860908E-002
   3.5032900000000002        4.8357095415524770E-002
   3.5033000000000003        5.8800509270842197E-002
   3.5033100000000004        5.1498989114354583E-002
   3.5033200000000004        5.8330647009329648E-002
   3.5033300000000005        4.9844547149213221E-002
   3.5033400000000001        5.8775695549646408E-002
   3.5033500000000002        4.8774282960608768E-002
   3.5033600000000003        5.4442537329625340E-002
   3.5033700000000003        4.8112241030837666E-002
   3.5033800000000004        5.2899313489895579E-002
   3.5033900000000004        5.2592534643272876E-002
   3.5034000000000001        5.1795953345475799E-002
   3.5034100000000001        4.9231036321518686E-002
   3.5034200000000002        5.3385236756776894E-002
   3.5034300000000003        4.9030929871484448E-002
   3.5034400000000003        5.2131461349968197E-002
   3.5034500000000004        5.0830113485907838E-002
   3.5034600000000005        5.1883393683851767E-002
   3.5034700000000001        4.8848038680508896E-002
   3.5034800000000001        4.8407750822319760E-002
   3.5034900000000002        4.9668719883064143E-002
   3.5035000000000003        4.9078701908308313E-002
   3.5035100000000003        4.7486697401459131E-002
   3.5035200000000004        4.9498802845367292E-002
   3.5035300000000005        4.9692985407232708E-002
   3.5035400000000001        5.0090379937219778E-002
   3.5035500000000002        4.8643017604059625E-002
   3.5035600000000002        4.8329065586818716E-002
   3.5035700000000003        4.8873147947880440E-002
   3.5035800000000004        5.1162459958893881E-002
   3.5035900000000004        4.9183372495139314E-002
   3.5036000000000005        4.8619734581612624E-002
   3.5036100000000001        5.1969356746466890E-002
   3.5036200000000002        4.5264957264537643E-002
   3.5036300000000002        5.2104890070432647E-002
   3.5036400000000003        4.3634965227121417E-002
   3.5036500000000004        5.0211061050628697E-002
   3.5036600000000004        4.5385314420640747E-002
   3.5036700000000005        4.7056125136377372E-002
   3.5036800000000001        4.6890403289524749E-002
   3.5036900000000002        4.6054829839776323E-002
   3.5037000000000003        4.6551898812895051E-002
   3.5037100000000003        4.5381446814526008E-002
   3.5037200000000004        4.6932042944339662E-002
   3.5037300000000005        4.4993677663887302E-002
   3.5037400000000001        4.6630705162916980E-002
   3.5037500000000001        4.5403951240524570E-002
   3.5037600000000002        4.7810536797281311E-002
   3.5037700000000003        4.6601260718531261E-002
   3.5037800000000003        4.8106826115304029E-002
   3.5037900000000004        4.7731204304156873E-002
   3.5038000000000005        5.1240000500506894E-002
   3.5038100000000001        4.8101694438048063E-002
   3.5038200000000002        4.7564290082696956E-002
   3.5038300000000002        4.9288909435349026E-002
   3.5038400000000003        4.6209754639282126E-002
   3.5038500000000004        5.0357012558575949E-002
   3.5038600000000004        4.4450616487575270E-002
   3.5038700000000005        5.0152976370443997E-002
   3.5038800000000001        4.5870803928112977E-002
   3.5038900000000002        5.0056195676357183E-002
   3.5039000000000002        4.6686652413262045E-002
   3.5039100000000003        5.1665529016350041E-002
   3.5039200000000004        4.7008935540120776E-002
   3.5039300000000004        5.3409005132312809E-002
   3.5039400000000005        4.8175055783430037E-002
   3.5039500000000001        5.0624668659894859E-002
   3.5039600000000002        4.9441935147468911E-002
   3.5039700000000003        5.1127856368545561E-002
   3.5039800000000003        4.9289660439096154E-002
   3.5039900000000004        5.3641385613526583E-002
   3.5040000000000004        5.1501320947436667E-002
   3.5040100000000001        5.3408079780025652E-002
   3.5040200000000001        5.2344748806040710E-002
   3.5040300000000002        5.2579576616608954E-002
   3.5040400000000003        5.3863791935596352E-002
   3.5040500000000003        5.4267773637793844E-002
   3.5040600000000004        5.3286620902601424E-002
   3.5040700000000005        5.2772171586664862E-002
   3.5040800000000001        5.4257825640949324E-002
   3.5040900000000001        5.0523128334677592E-002
   3.5041000000000002        4.7826821830497669E-002
   3.5041100000000003        4.9084976638381503E-002
   3.5041200000000003        4.8705329358581614E-002
   3.5041300000000004        4.7232521427884006E-002
   3.5041400000000005        4.9200384649225527E-002
   3.5041500000000001        4.7865111649532929E-002
   3.5041600000000002        4.6943231799844165E-002
   3.5041700000000002        4.4552773679002566E-002
   3.5041800000000003        5.0148381970046001E-002
   3.5041900000000004        4.3221988306042264E-002
   3.5042000000000004        5.1438013141059814E-002
   3.5042100000000005        4.3516384834613668E-002
   3.5042200000000001        5.0765864140707884E-002
   3.5042300000000002        4.1798966967269729E-002
   3.5042400000000002        5.2092888648523308E-002
   3.5042500000000003        4.6448962017596004E-002
   3.5042600000000004        4.9325845119134064E-002
   3.5042700000000004        4.6069186954384715E-002
   3.5042800000000005        4.8736689081053289E-002
   3.5042900000000001        4.7435733615395125E-002
   3.5043000000000002        4.8543455715536553E-002
   3.5043100000000003        4.9771818394484309E-002
   3.5043200000000003        4.9047560658499835E-002
   3.5043300000000004        4.7518363301420001E-002
   3.5043400000000005        5.0551622016462044E-002
   3.5043500000000001        4.5571552541230104E-002
   3.5043600000000001        5.3815134146784238E-002
   3.5043700000000002        4.7567163680626218E-002
   3.5043800000000003        4.6780296063113888E-002
   3.5043900000000003        5.1068298215935060E-002
   3.5044000000000004        4.5480752944731015E-002
   3.5044100000000005        5.3504743484791700E-002
   3.5044200000000001        4.5668010004058401E-002
   3.5044300000000002        5.1692454496732390E-002
   3.5044400000000002        4.6796141513497008E-002
   3.5044500000000003        4.9173057806154968E-002
   3.5044600000000004        4.9343138418487122E-002
   3.5044700000000004        4.6241057354447536E-002
   3.5044800000000005        4.6072760415467810E-002
   3.5044900000000001        4.5175013014700609E-002
   3.5045000000000002        4.4311502356886245E-002
   3.5045100000000002        5.1023991878121303E-002
   3.5045200000000003        4.2254374038448492E-002
   3.5045300000000004        5.1405739659354951E-002
   3.5045400000000004        4.4320381116012449E-002
   3.5045500000000005        5.1362900424627822E-002
   3.5045600000000001        4.5201976263860362E-002
   3.5045700000000002        4.9936335984138699E-002
   3.5045800000000003        4.7103414056391193E-002
   3.5045900000000003        5.1274623800964543E-002
   3.5046000000000004        4.7465551495761947E-002
   3.5046100000000004        5.1927585465401105E-002
   3.5046200000000001        4.6618553637616258E-002
   3.5046300000000001        5.2768602574007513E-002
   3.5046400000000002        4.8615267966699370E-002
   3.5046500000000003        5.4091716385796289E-002
   3.5046600000000003        5.0442871718324366E-002
   3.5046700000000004        5.1613602399374625E-002
   3.5046800000000005        5.2918000752858019E-002
   3.5046900000000001        5.0407680644054056E-002
   3.5047000000000001        5.3368220817724597E-002
   3.5047100000000002        5.2199437765449844E-002
   3.5047200000000003        5.1274759809236077E-002
   3.5047300000000003        4.9849490085823712E-002
   3.5047400000000004        5.2114692324163131E-002
   3.5047500000000005        4.6499283444144543E-002
   3.5047600000000001        5.0896808528444894E-002
   3.5047700000000002        4.8024894465156127E-002
   3.5047800000000002        5.0020410175216259E-002
   3.5047900000000003        4.7180552396314947E-002
   3.5048000000000004        4.9443219463190566E-002
   3.5048100000000004        4.5194005628682532E-002
   3.5048200000000005        4.5988196154233330E-002
   3.5048300000000001        4.6224155090205769E-002
   3.5048400000000002        4.2865653591901490E-002
   3.5048500000000002        4.7423106061981662E-002
   3.5048600000000003        4.1839152825803090E-002
   3.5048700000000004        4.7770334112166517E-002
   3.5048800000000004        4.0973086780319426E-002
   3.5048900000000005        4.7447535944576395E-002
   3.5049000000000001        3.9050352552075750E-002
   3.5049100000000002        4.5412680957059866E-002
   3.5049200000000003        3.8000060217248006E-002
   3.5049300000000003        4.6944586745456679E-002
   3.5049400000000004        3.7673669068955848E-002
   3.5049500000000005        4.6348032435937742E-002
   3.5049600000000001        3.8743200633102985E-002
   3.5049700000000001        4.5041889620031472E-002
   3.5049800000000002        3.8552183891105450E-002
   3.5049900000000003        4.6254667320064030E-002
   3.5050000000000003        3.9094622853876139E-002
   3.5050100000000004        4.6929110769068437E-002
   3.5050200000000005        3.9744689563418603E-002
   3.5050300000000001        4.9572784255053959E-002
   3.5050400000000002        3.9247101391246882E-002
   3.5050500000000002        5.0358884194980358E-002
   3.5050600000000003        4.0481060510003518E-002
   3.5050700000000004        4.8315067213652176E-002
   3.5050800000000004        4.0832601450809788E-002
   3.5050900000000005        4.5039330825226750E-002
   3.5051000000000001        4.0447428028303582E-002
   3.5051100000000002        4.5805073383321675E-002
   3.5051200000000002        4.1715761096489161E-002
   3.5051300000000003        4.6917138893660774E-002
   3.5051400000000004        4.0245817322768433E-002
   3.5051500000000004        4.6690473895969781E-002
   3.5051600000000005        4.1754444321009589E-002
   3.5051700000000001        4.8410975880329943E-002
   3.5051800000000002        3.8755084460634776E-002
   3.5051900000000002        4.9639981463811891E-002
   3.5052000000000003        3.7976412527172841E-002
   3.5052100000000004        4.9642788452675488E-002
   3.5052200000000004        3.6679599943081488E-002
   3.5052300000000001        5.0221919983720401E-002
   3.5052400000000001        3.7939368478898484E-002
   3.5052500000000002        5.0561854039935211E-002
   3.5052600000000003        3.7849514134792636E-002
   3.5052700000000003        5.3876244000909401E-002
   3.5052800000000004        3.4785205719848444E-002
   3.5052900000000005        5.3755936877380048E-002
   3.5053000000000001        3.4253100043901336E-002
   3.5053100000000001        5.1848764298197236E-002
   3.5053200000000002        3.6855845756351945E-002
   3.5053300000000003        5.2793362028236125E-002
   3.5053400000000003        3.3243692141964494E-002
   3.5053500000000004        5.2751408645250387E-002
   3.5053600000000005        3.5083183979811021E-002
   3.5053700000000001        5.1777381112793966E-002
   3.5053800000000002        3.5215761195690136E-002
   3.5053900000000002        5.1061654977947089E-002
   3.5054000000000003        3.4050538470593757E-002
   3.5054100000000004        4.8481830133183829E-002
   3.5054200000000004        3.6299950080014028E-002
   3.5054300000000005        4.7651043531296164E-002
   3.5054400000000001        3.6776525924758649E-002
   3.5054500000000002        4.5531218151533395E-002
   3.5054600000000002        3.8407640287687068E-002
   3.5054700000000003        4.3139568355912421E-002
   3.5054800000000004        4.0523029425056180E-002
   3.5054900000000004        4.4715475143417484E-002
   3.5055000000000005        4.0575461118499100E-002
   3.5055100000000001        4.2862684036881905E-002
   3.5055200000000002        4.1028464653836430E-002
   3.5055300000000003        4.2453766245824802E-002
   3.5055400000000003        3.9586152771352023E-002
   3.5055500000000004        4.3871386330598068E-002
   3.5055600000000005        4.0519015797696734E-002
   3.5055700000000001        4.2017512792535509E-002
   3.5055800000000001        3.8997732225935423E-002
   3.5055900000000002        4.2473243846785635E-002
   3.5056000000000003        3.9392164347797874E-002
   3.5056100000000003        4.3838928100659362E-002
   3.5056200000000004        3.7928271118420502E-002
   3.5056300000000005        4.3502650897140477E-002
   3.5056400000000001        4.0266698936521697E-002
   3.5056500000000002        3.9377739556101896E-002
   3.5056600000000002        4.1952381617645175E-002
   3.5056700000000003        4.0616563257421696E-002
   3.5056800000000004        4.1081876128140363E-002
   3.5056900000000004        4.4414969929069251E-002
   3.5057000000000005        4.2393566142301699E-002
   3.5057100000000001        4.1066532202872444E-002
   3.5057200000000002        4.2968721523005800E-002
   3.5057300000000002        4.3638529293454784E-002
   3.5057400000000003        4.3045180561697670E-002
   3.5057500000000004        4.4611301748482234E-002
   3.5057600000000004        4.2649679758187946E-002
   3.5057700000000005        4.4549757909275886E-002
   3.5057800000000001        4.2108225916704253E-002
   3.5057900000000002        4.3055748525565353E-002
   3.5058000000000002        4.2935829814211235E-002
   3.5058100000000003        4.1062263593430411E-002
   3.5058200000000004        4.1215918215328745E-002
   3.5058300000000004        4.3489100345703441E-002
   3.5058400000000001        3.8975304288809208E-002
   3.5058500000000001        4.3486111830798868E-002
   3.5058600000000002        4.0121497147681630E-002
   3.5058700000000003        4.6241933712139020E-002
   3.5058800000000003        3.7772951001860650E-002
   3.5058900000000004        4.5227944159233750E-002
   3.5059000000000005        3.6598565475519089E-002
   3.5059100000000001        4.4290887420899920E-002
   3.5059200000000001        3.7302429624864665E-002
   3.5059300000000002        4.3915863416380777E-002
   3.5059400000000003        3.8368671792033293E-002
   3.5059500000000003        4.2676591627743947E-002
   3.5059600000000004        3.9645463490796867E-002
   3.5059700000000005        4.2177027445408050E-002
   3.5059800000000001        4.0657218895091669E-002
   3.5059900000000002        4.3202348661973602E-002
   3.5060000000000002        3.9737144262251535E-002
   3.5060100000000003        4.2671028534389512E-002
   3.5060200000000004        4.2951439742411009E-002
   3.5060300000000004        4.1327591381595190E-002
   3.5060400000000005        4.3890851144849440E-002
   3.5060500000000001        3.9639342361688701E-002
   3.5060600000000002        3.9520069851683576E-002
   3.5060700000000002        4.2237875343788867E-002
   3.5060800000000003        4.0518213407058960E-002
   3.5060900000000004        4.2904961723040903E-002
   3.5061000000000004        4.2775992973849611E-002
   3.5061100000000005        4.1633999553112651E-002
   3.5061200000000001        4.4875976010698558E-002
   3.5061300000000002        3.8830644216370350E-002
   3.5061400000000003        4.3676024587561250E-002
   3.5061500000000003        3.7924397214547455E-002
   3.5061600000000004        4.0590222881241735E-002
   3.5061700000000005        3.8410847717298947E-002
   3.5061800000000001        3.9418193222197598E-002
   3.5061900000000001        3.6486742946956446E-002
   3.5062000000000002        3.8519888411089373E-002
   3.5062100000000003        3.7211639709603200E-002
   3.5062200000000003        3.8520851525042379E-002
   3.5062300000000004        3.7434958236127247E-002
   3.5062400000000005        3.5996277210254737E-002
   3.5062500000000001        3.7547730671101495E-002
   3.5062600000000002        3.6419751371243085E-002
   3.5062700000000002        3.8856315975053540E-002
   3.5062800000000003        3.3971358149645615E-002
   3.5062900000000004        3.9728137149327852E-002
   3.5063000000000004        3.2809562057758451E-002
   3.5063100000000005        4.2673395748704039E-002
   3.5063200000000001        3.4173934456653884E-002
   3.5063300000000002        4.3455131548197738E-002
   3.5063400000000002        3.4850635885170012E-002
   3.5063500000000003        4.6090057557406826E-002
   3.5063600000000004        3.5675983979464684E-002
   3.5063700000000004        4.8468655087270725E-002
   3.5063800000000005        3.6259224338978477E-002
   3.5063900000000001        4.3525465717994351E-002
   3.5064000000000002        3.9549548866101757E-002
   3.5064100000000002        4.3134119143980194E-002
   3.5064200000000003        3.8510403314927902E-002
   3.5064300000000004        4.3532922461707986E-002
   3.5064400000000004        3.6132429629194329E-002
   3.5064500000000001        4.1491691676080175E-002
   3.5064600000000001        3.5442567092431279E-002
   3.5064700000000002        4.5862379928600344E-002
   3.5064800000000003        3.4915960382793230E-002
   3.5064900000000003        4.5327281696319367E-002
   3.5065000000000004        3.4378456762879907E-002
   3.5065100000000005        4.3304844603982567E-002
   3.5065200000000001        3.4412532914252829E-002
   3.5065300000000001        4.0595663042748614E-002
   3.5065400000000002        3.4634320973017940E-002
   3.5065500000000003        4.0261096271606532E-002
   3.5065600000000003        3.4636622686015674E-002
   3.5065700000000004        4.0172877785106413E-002
   3.5065800000000005        3.6341796478834849E-002
   3.5065900000000001        3.9931907856928170E-002
   3.5066000000000002        3.5506813109603505E-002
   3.5066100000000002        3.7936513143291578E-002
   3.5066200000000003        3.8122684148992121E-002
   3.5066300000000004        3.6669717934240120E-002
   3.5066400000000004        3.8572901865465095E-002
   3.5066500000000005        3.7467008797449457E-002
   3.5066600000000001        3.8927337843240463E-002
   3.5066700000000002        3.9523061543990781E-002
   3.5066800000000002        4.0777984145192646E-002
   3.5066900000000003        4.0168261952879529E-002
   3.5067000000000004        4.2251536053672996E-002
   3.5067100000000004        3.9434615515368969E-002
   3.5067200000000005        4.5232705739251949E-002
   3.5067300000000001        4.0652655031219842E-002
   3.5067400000000002        4.4842084946234068E-002
   3.5067500000000003        3.8732755191076489E-002
   3.5067600000000003        4.5899025681469009E-002
   3.5067700000000004        3.7797213513658910E-002
   3.5067800000000005        4.3795406971761611E-002
   3.5067900000000001        3.8958647561479792E-002
   3.5068000000000001        4.2306905216377227E-002
   3.5068100000000002        3.9553180466899644E-002
   3.5068200000000003        4.1941860198039367E-002
   3.5068300000000003        3.8866300343834218E-002
   3.5068400000000004        4.1816317075281120E-002
   3.5068500000000005        3.8300252550401655E-002
   3.5068600000000001        4.1907159629994958E-002
   3.5068700000000002        3.9401269039087569E-002
   3.5068800000000002        4.1935555571920829E-002
   3.5068900000000003        3.6077247671812925E-002
   3.5069000000000004        3.9851393207198618E-002
   3.5069100000000004        3.4505991307036604E-002
   3.5069200000000005        4.0901998520570290E-002
   3.5069300000000001        3.3564085532903028E-002
   3.5069400000000002        3.9857312551033086E-002
   3.5069500000000002        3.4383636218641600E-002
   3.5069600000000003        3.8934139668431879E-002
   3.5069700000000004        3.4296137009741656E-002
   3.5069800000000004        4.1137759752407327E-002
   3.5069900000000005        3.4295491167604615E-002
   3.5070000000000001        4.1250347100944044E-002
   3.5070100000000002        3.5885916985154774E-002
   3.5070200000000002        4.1686712064157916E-002
   3.5070300000000003        3.6755537797663031E-002
   3.5070400000000004        3.8929686764394546E-002
   3.5070500000000004        3.7676028032558470E-002
   3.5070600000000001        4.1274459668085364E-002
   3.5070700000000001        3.7653391224727745E-002
   3.5070800000000002        4.1343994111367577E-002
   3.5070900000000003        3.7354726346563803E-002
   3.5071000000000003        4.0546216126392941E-002
   3.5071100000000004        3.7696412933893905E-002
   3.5071200000000005        3.8378719453432505E-002
   3.5071300000000001        4.0728697191462965E-002
   3.5071400000000001        3.6393618756863325E-002
   3.5071500000000002        4.1177878272241238E-002
   3.5071600000000003        3.4174277480965465E-002
   3.5071700000000003        4.2054378277008087E-002
   3.5071800000000004        3.2570351812875008E-002
   3.5071900000000005        4.6879691647720080E-002
   3.5072000000000001        3.2786201115468608E-002
   3.5072100000000002        4.6427874373071158E-002
   3.5072200000000002        3.3177060486785724E-002
   3.5072300000000003        4.1591533560794126E-002
   3.5072400000000004        3.4961078755085723E-002
   3.5072500000000004        4.3591454415612234E-002
   3.5072600000000005        3.8149401086097795E-002
   3.5072700000000001        4.2975470415977150E-002
   3.5072800000000002        3.8080822279537518E-002
   3.5072900000000002        4.2568235176505084E-002
   3.5073000000000003        3.8331159165245134E-002
   3.5073100000000004        4.2855769963239462E-002
   3.5073200000000004        3.6744800913610466E-002
   3.5073300000000005        4.3771514277415179E-002
   3.5073400000000001        3.7106762806300729E-002
   3.5073500000000002        4.5164137563984498E-002
   3.5073600000000003        3.6684111915246093E-002
   3.5073700000000003        4.7431255004412920E-002
   3.5073800000000004        3.6145130855876548E-002
   3.5073900000000005        5.0600543475863478E-002
   3.5074000000000001        3.5989391150700677E-002
   3.5074100000000001        5.0380213688342723E-002
   3.5074200000000002        3.5294261229297352E-002
   3.5074300000000003        4.7618772500927525E-002
   3.5074400000000003        3.4372098244217102E-002
   3.5074500000000004        4.5211244838893563E-002
   3.5074600000000005        3.4260097328099412E-002
   3.5074700000000001        4.6834044061035203E-002
   3.5074800000000002        3.3507327530089524E-002
   3.5074900000000002        4.5949507620232137E-002
   3.5075000000000003        3.4862868122905559E-002
   3.5075100000000003        4.2801804475819417E-002
   3.5075200000000004        3.7430585656915323E-002
   3.5075300000000005        4.1556023830391253E-002
   3.5075400000000001        3.9980355157844788E-002
   3.5075500000000002        4.0428090108654523E-002
   3.5075600000000002        4.2751463263324234E-002
   3.5075700000000003        3.6295340021823261E-002
   3.5075800000000004        4.5969164969119854E-002
   3.5075900000000004        3.6186204561811174E-002
   3.5076000000000005        4.1373136236646811E-002
   3.5076100000000001        3.6943623544094403E-002
   3.5076200000000002        3.8697734801945396E-002
   3.5076300000000002        3.9470254794818332E-002
   3.5076400000000003        3.8463347363211706E-002
   3.5076500000000004        4.0014946534704651E-002
   3.5076600000000004        3.9717186070023155E-002
   3.5076700000000001        4.0248393586006619E-002
   3.5076800000000001        4.1671848929036470E-002
   3.5076900000000002        4.1619304927521535E-002
   3.5077000000000003        4.1497215768404865E-002
   3.5077100000000003        4.1864315724177946E-002
   3.5077200000000004        4.4609471031005210E-002
   3.5077300000000005        4.3968129897107362E-002
   3.5077400000000001        4.3569011721416764E-002
   3.5077500000000001        4.3818880383902879E-002
   3.5077600000000002        4.1692185611879450E-002
   3.5077700000000003        4.4272902216927049E-002
   3.5077800000000003        3.9381655923566683E-002
   3.5077900000000004        4.3576022555230708E-002
   3.5078000000000005        3.5486378614815448E-002
   3.5078100000000001        4.2859857597772541E-002
   3.5078200000000002        3.5733348584015924E-002
   3.5078300000000002        4.0657678954283918E-002
   3.5078400000000003        3.5580602800762230E-002
   3.5078500000000004        3.8907428955427710E-002
   3.5078600000000004        3.4735770877637663E-002
   3.5078700000000005        3.8825010063493863E-002
   3.5078800000000001        3.2969578611364701E-002
   3.5078900000000002        3.8233086879345263E-002
   3.5079000000000002        3.3270764328196520E-002
   3.5079100000000003        3.8741015014721228E-002
   3.5079200000000004        3.2783970553281382E-002
   3.5079300000000004        4.0250162084891697E-002
   3.5079400000000005        3.3661540079429085E-002
   3.5079500000000001        4.2290426219113289E-002
   3.5079600000000002        3.4458157870527327E-002
   3.5079700000000003        4.3404806782720108E-002
   3.5079800000000003        3.6811027063721656E-002
   3.5079900000000004        4.3751289400567800E-002
   3.5080000000000005        4.0354566919328101E-002
   3.5080100000000001        4.2136631837864376E-002
   3.5080200000000001        4.4948362971741013E-002
   3.5080300000000002        4.0155233993412462E-002
   3.5080400000000003        4.6980648916067826E-002
   3.5080500000000003        3.9907601090889123E-002
   3.5080600000000004        4.3305594459606786E-002
   3.5080700000000005        3.9670586099504954E-002
   3.5080800000000001        4.3317900412588643E-002
   3.5080900000000002        3.9192322776630421E-002
   3.5081000000000002        5.0421720867943567E-002
   3.5081100000000003        3.7674547605972303E-002
   3.5081200000000003        4.7467916527720914E-002
   3.5081300000000004        3.9975136564125040E-002
   3.5081400000000005        4.4637063294317651E-002
   3.5081500000000001        4.1419965590804575E-002
   3.5081600000000002        4.2141613673986444E-002
   3.5081700000000002        4.0550712225328356E-002
   3.5081800000000003        4.2932446177844363E-002
   3.5081900000000004        3.9945626140660606E-002
   3.5082000000000004        4.3224108814927914E-002
   3.5082100000000005        4.0783327439798046E-002
   3.5082200000000001        4.4954315832483785E-002
   3.5082300000000002        4.0828479599823143E-002
   3.5082400000000002        4.4766090237293110E-002
   3.5082500000000003        3.9246593297475971E-002
   3.5082600000000004        4.4733671673010435E-002
   3.5082700000000004        3.8525242262701383E-002
   3.5082800000000001        4.3916607033406573E-002
   3.5082900000000001        3.9052978577445753E-002
   3.5083000000000002        4.4246222221405701E-002
   3.5083100000000003        4.1502513622625900E-002
   3.5083200000000003        4.4691829044559546E-002
   3.5083300000000004        4.1950822764357798E-002
   3.5083400000000005        4.7725583924835883E-002
   3.5083500000000001        4.1517597485364814E-002
   3.5083600000000001        4.7816213901545973E-002
   3.5083700000000002        4.2753742433151221E-002
   3.5083800000000003        4.7053098997417941E-002
   3.5083900000000003        4.4879095276496576E-002
   3.5084000000000004        4.6006244735044791E-002
   3.5084100000000005        3.9334005722410081E-002
   3.5084200000000001        4.5005039382268672E-002
   3.5084300000000002        4.0387860323318196E-002
   3.5084400000000002        4.5259565310615604E-002
   3.5084500000000003        4.0788625922734037E-002
   3.5084600000000004        4.3202763711182750E-002
   3.5084700000000004        4.2310103738924409E-002
   3.5084800000000005        4.4430873774111236E-002
   3.5084900000000001        4.0227596471901446E-002
   3.5085000000000002        4.1200969793516867E-002
   3.5085100000000002        4.2032471026729634E-002
   3.5085200000000003        4.1300681402468807E-002
   3.5085300000000004        3.7838358110121199E-002
   3.5085400000000004        4.1361945959643695E-002
   3.5085500000000005        3.9562051113044096E-002
   3.5085600000000001        3.8920643913950705E-002
   3.5085700000000002        4.0376864052534649E-002
   3.5085800000000003        3.9795127682628433E-002
   3.5085900000000003        4.1647204903164023E-002
   3.5086000000000004        4.1368873665759157E-002
   3.5086100000000005        4.2797532780400632E-002
   3.5086200000000001        4.0529382643891637E-002
   3.5086300000000001        4.1659594780450546E-002
   3.5086400000000002        4.0486168159737566E-002
   3.5086500000000003        4.1047779037311813E-002
   3.5086600000000003        3.9433034720511496E-002
   3.5086700000000004        4.1016399446404256E-002
   3.5086800000000005        3.9042889240577257E-002
   3.5086900000000001        4.2238349045830029E-002
   3.5087000000000002        3.9964222148675614E-002
   3.5087100000000002        4.3932247955908360E-002
   3.5087200000000003        4.1351071255389012E-002
   3.5087300000000003        3.9310702071697269E-002
   3.5087400000000004        4.3102466904410046E-002
   3.5087500000000005        3.7506551928590572E-002
   3.5087600000000001        4.3645806794281768E-002
   3.5087700000000002        3.8810317291431494E-002
   3.5087800000000002        4.3432357284291491E-002
   3.5087900000000003        3.6613162900245091E-002
   3.5088000000000004        4.3065291237758367E-002
   3.5088100000000004        3.7416077429282088E-002
   3.5088200000000005        4.4156610530956701E-002
   3.5088300000000001        3.8279956462542189E-002
   3.5088400000000002        4.5571255856288885E-002
   3.5088500000000002        4.0328857355752139E-002
   3.5088600000000003        4.4271816080498121E-002
   3.5088700000000004        4.3652160131378973E-002
   3.5088800000000004        4.5968400652542908E-002
   3.5088900000000005        4.2958175414823892E-002
   3.5089000000000001        4.7065035092287280E-002
   3.5089100000000002        4.3153898153868421E-002
   3.5089200000000003        4.6735729354675466E-002
   3.5089300000000003        4.4351403738803766E-002
   3.5089400000000004        4.6069385546782707E-002
   3.5089500000000005        4.2329459392514028E-002
   3.5089600000000001        4.4063734913741999E-002
   3.5089700000000001        3.9627389925080948E-002
   3.5089800000000002        4.8108881640604936E-002
   3.5089900000000003        3.7776853971626931E-002
   3.5090000000000003        4.3075492789732668E-002
   3.5090100000000004        3.9378218460913945E-002
   3.5090200000000005        4.3229701527048893E-002
   3.5090300000000001        3.9691448494873750E-002
   3.5090400000000002        4.2374235506785263E-002
   3.5090500000000002        4.2052493031816768E-002
   3.5090600000000003        4.2758300386244570E-002
   3.5090700000000004        4.2087281520046600E-002
   3.5090800000000004        4.2619608812430224E-002
   3.5090900000000005        4.1803143918911427E-002
   3.5091000000000001        4.1720454782969651E-002
   3.5091100000000002        4.1007248324327054E-002
   3.5091200000000002        4.1571399889358512E-002
   3.5091300000000003        4.2356218130089357E-002
   3.5091400000000004        4.2743921380726004E-002
   3.5091500000000004        4.0368989685404269E-002
   3.5091600000000005        4.2637073471428991E-002
   3.5091700000000001        4.1402390383064709E-002
   3.5091800000000002        4.3257161751768698E-002
   3.5091900000000003        4.1194134434714855E-002
   3.5092000000000003        4.2995163551357213E-002
   3.5092100000000004        4.0600570981104339E-002
   3.5092200000000005        4.4049585080710531E-002
   3.5092300000000001        4.1623829656851311E-002
   3.5092400000000001        4.3743540690438718E-002
   3.5092500000000002        4.0206392039003502E-002
   3.5092600000000003        4.2014402274064958E-002
   3.5092700000000003        4.2115777280178346E-002
   3.5092800000000004        4.1531945169078890E-002
   3.5092900000000005        4.0651579072772726E-002
   3.5093000000000001        4.2136715914442506E-002
   3.5093100000000002        4.1557250409154541E-002
   3.5093200000000002        4.2579163420427765E-002
   3.5093300000000003        4.2544040217399950E-002
   3.5093400000000003        4.3781625848619964E-002
   3.5093500000000004        4.4003085278805851E-002
   3.5093600000000005        4.3541299513199766E-002
   3.5093700000000001        4.4675973568522799E-002
   3.5093800000000002        4.4209954837022274E-002
   3.5093900000000002        4.7234187444911487E-002
   3.5094000000000003        4.5438666809940409E-002
   3.5094100000000004        4.4201122837324879E-002
   3.5094200000000004        4.4563214725270250E-002
   3.5094300000000005        4.7651012327656159E-002
   3.5094400000000001        4.4229513663319932E-002
   3.5094500000000002        4.5577968749391046E-002
   3.5094600000000002        4.4616928068732242E-002
   3.5094700000000003        4.5753892685306954E-002
   3.5094800000000004        4.4469040988980309E-002
   3.5094900000000004        4.6849811343791188E-002
   3.5095000000000005        4.4020478761459023E-002
   3.5095100000000001        4.5124226469698631E-002
   3.5095200000000002        4.6089607479681508E-002
   3.5095300000000003        4.3754713395322824E-002
   3.5095400000000003        4.5966115391744999E-002
   3.5095500000000004        4.4342862557537527E-002
   3.5095600000000005        4.5578216502787310E-002
   3.5095700000000001        4.3834733976785681E-002
   3.5095800000000001        4.5937702189753009E-002
   3.5095900000000002        4.5082770346227888E-002
   3.5096000000000003        4.5426579809829025E-002
   3.5096100000000003        4.3121656017573305E-002
   3.5096200000000004        4.7890902038577966E-002
   3.5096300000000005        4.2210280243739726E-002
   3.5096400000000001        4.3966923572311536E-002
   3.5096500000000002        4.1779954256112049E-002
   3.5096600000000002        4.6364895743756379E-002
   3.5096700000000003        4.2108804691019547E-002
   3.5096800000000004        4.5053633648213631E-002
   3.5096900000000004        3.8734876286624663E-002
   3.5097000000000005        4.4346300747833398E-002
   3.5097100000000001        3.9583524745877119E-002
   3.5097200000000002        4.5424780257676677E-002
   3.5097300000000002        3.9857722859359596E-002
   3.5097400000000003        4.6845158690556450E-002
   3.5097500000000004        4.0158502066323473E-002
   3.5097600000000004        4.6287426042291198E-002
   3.5097700000000005        4.0953733399504623E-002
   3.5097800000000001        4.7985470607293711E-002
   3.5097900000000002        4.1508565101251102E-002
   3.5098000000000003        4.8923753320505019E-002
   3.5098100000000003        4.4074976364663093E-002
   3.5098200000000004        4.7512258215443810E-002
   3.5098300000000004        4.3543782170359945E-002
   3.5098400000000001        4.8185772959186468E-002
   3.5098500000000001        4.4615593061657438E-002
   3.5098600000000002        4.6461546596157963E-002
   3.5098700000000003        4.3542086981930954E-002
   3.5098800000000003        4.7576660911510756E-002
   3.5098900000000004        4.4578089545145624E-002
   3.5099000000000005        4.7429240437549453E-002
   3.5099100000000001        4.4760768971493038E-002
   3.5099200000000002        4.6437099990211457E-002
   3.5099300000000002        4.3032571854784284E-002
   3.5099400000000003        4.7085631053124348E-002
   3.5099500000000003        4.1747643807835834E-002
   3.5099600000000004        4.7884530976876186E-002
   3.5099700000000005        4.1327319664695411E-002
   3.5099800000000001        4.6912147491894783E-002
   3.5099900000000002        4.2086492463829131E-002
   3.5100000000000002        4.7068010713021108E-002
