   3.5000000000000004        12175.287744913574     
   3.5000100000000001        12175.286511382339     
   3.5000200000000001        12175.285283525629     
   3.5000300000000002        12175.284063009141     
   3.5000400000000003        12175.282848770386     
   3.5000500000000003        12175.281640917208     
   3.5000600000000004        12175.280440810300     
   3.5000700000000005        12175.279247104529     
   3.5000800000000001        12175.278060741772     
   3.5000900000000001        12175.276881489357     
   3.5001000000000002        12175.275709154317     
   3.5001100000000003        12175.274543650214     
   3.5001200000000003        12175.273385091350     
   3.5001300000000004        12175.272233143465     
   3.5001400000000005        12175.271087795190     
   3.5001500000000001        12175.269949907582     
   3.5001600000000002        12175.268817310629     
   3.5001700000000002        12175.267691504914     
   3.5001800000000003        12175.266571633430     
   3.5001900000000004        12175.265460040604     
   3.5002000000000004        12175.264352800874     
   3.5002100000000005        12175.263252236446     
   3.5002200000000001        12175.262156982782     
   3.5002300000000002        12175.261068602724     
   3.5002400000000002        12175.259985427019     
   3.5002500000000003        12175.258908767481     
   3.5002600000000004        12175.257836505625     
   3.5002700000000004        12175.256771127501     
   3.5002800000000005        12175.255709704114     
   3.5002900000000001        12175.254654815224     
   3.5003000000000002        12175.253605268992     
   3.5003100000000003        12175.252561644756     
   3.5003200000000003        12175.251523353738     
   3.5003300000000004        12175.250492097512     
   3.5003400000000005        12175.249464830453     
   3.5003500000000001        12175.248445947369     
   3.5003600000000001        12175.247431431053     
   3.5003700000000002        12175.246425979558     
   3.5003800000000003        12175.245425344319     
   3.5003900000000003        12175.244434272754     
   3.5004000000000004        12175.243446955452     
   3.5004100000000005        12175.242469550451     
   3.5004200000000001        12175.241496692324     
   3.5004300000000002        12175.240534372764     
   3.5004400000000002        12175.239576469292     
   3.5004500000000003        12175.238629394902     
   3.5004600000000003        12175.237685452099     
   3.5004700000000004        12175.236751778823     
   3.5004800000000005        12175.235823115352     
   3.5004900000000001        12175.234904106088     
   3.5005000000000002        12175.233991927989     
   3.5005100000000002        12175.233088444327     
   3.5005200000000003        12175.232190096842     
   3.5005300000000004        12175.231300933727     
   3.5005400000000004        12175.230417138609     
   3.5005500000000005        12175.229540935614     
   3.5005600000000001        12175.228670467592     
   3.5005700000000002        12175.227806418383     
   3.5005800000000002        12175.226949019770     
   3.5005900000000003        12175.226098354677     
   3.5006000000000004        12175.225253811283     
   3.5006100000000004        12175.224416349414     
   3.5006200000000001        12175.223585110522     
   3.5006300000000001        12175.222760837270     
   3.5006400000000002        12175.221942145574     
   3.5006500000000003        12175.221132484157     
   3.5006600000000003        12175.220328594505     
   3.5006700000000004        12175.219534073858     
   3.5006800000000005        12175.218745054304     
   3.5006900000000001        12175.217966069729     
   3.5007000000000001        12175.217192157605     
   3.5007100000000002        12175.216428152002     
   3.5007200000000003        12175.215668738749     
   3.5007300000000003        12175.214919417129     
   3.5007400000000004        12175.214173640232     
   3.5007500000000005        12175.213436383343     
   3.5007600000000001        12175.212702800865     
   3.5007700000000002        12175.211980134865     
   3.5007800000000002        12175.211260908560     
   3.5007900000000003        12175.210552261860     
   3.5008000000000004        12175.209847244068     
   3.5008100000000004        12175.209152997240     
   3.5008200000000005        12175.208462028973     
   3.5008300000000001        12175.207781557116     
   3.5008400000000002        12175.207105924352     
   3.5008500000000002        12175.206439906211     
   3.5008600000000003        12175.205777357975     
   3.5008700000000004        12175.205124635089     
   3.5008800000000004        12175.204475022552     
   3.5008900000000005        12175.203835163722     
   3.5009000000000001        12175.203198069139     
   3.5009100000000002        12175.202568444067     
   3.5009200000000003        12175.201941968258     
   3.5009300000000003        12175.201324759808     
   3.5009400000000004        12175.200711095267     
   3.5009500000000005        12175.200105768443     
   3.5009600000000001        12175.199505144814     
   3.5009700000000001        12175.198911786583     
   3.5009800000000002        12175.198323197677     
   3.5009900000000003        12175.197743104101     
   3.5010000000000003        12175.197167056134     
   3.5010100000000004        12175.196600104178     
   3.5010200000000005        12175.196038530428     
   3.5010300000000001        12175.195485229453     
   3.5010400000000002        12175.194937958726     
   3.5010500000000002        12175.194399405003     
   3.5010600000000003        12175.193868633311     
   3.5010700000000003        12175.193346762419     
   3.5010800000000004        12175.192831082291     
   3.5010900000000005        12175.192324388197     
   3.5011000000000001        12175.191825081401     
   3.5011100000000002        12175.191334432386     
   3.5011200000000002        12175.190850616846     
   3.5011300000000003        12175.190375406622     
   3.5011400000000004        12175.189907388045     
   3.5011500000000004        12175.189447746530     
   3.5011600000000005        12175.188994859895     
   3.5011700000000001        12175.188550512386     
   3.5011800000000002        12175.188113424121     
   3.5011900000000002        12175.187684305238     
   3.5012000000000003        12175.187261516883     
   3.5012100000000004        12175.186845783608     
   3.5012200000000004        12175.186436735530     
   3.5012300000000001        12175.186034177115     
   3.5012400000000001        12175.185636868955     
   3.5012500000000002        12175.185246089548     
   3.5012600000000003        12175.184860027111     
   3.5012700000000003        12175.184481881568     
   3.5012800000000004        12175.184108891877     
   3.5012900000000005        12175.183741920688     
   3.5013000000000001        12175.183378118232     
   3.5013100000000001        12175.183020661167     
   3.5013200000000002        12175.182667498158     
   3.5013300000000003        12175.182321032789     
   3.5013400000000003        12175.181978601273     
   3.5013500000000004        12175.181641599953     
   3.5013600000000005        12175.181309112859     
   3.5013700000000001        12175.180982808297     
   3.5013800000000002        12175.180661309085     
   3.5013900000000002        12175.180344831564     
   3.5014000000000003        12175.180033833398     
   3.5014100000000004        12175.179727804600     
   3.5014200000000004        12175.179428105417     
   3.5014300000000005        12175.179133088634     
   3.5014400000000001        12175.178844242615     
   3.5014500000000002        12175.178560053191     
   3.5014600000000002        12175.178281411414     
   3.5014700000000003        12175.178006720354     
   3.5014800000000004        12175.177738651000     
   3.5014900000000004        12175.177473864140     
   3.5015000000000005        12175.177215879468     
   3.5015100000000001        12175.176961733876     
   3.5015200000000002        12175.176713537225     
   3.5015300000000003        12175.176469631493     
   3.5015400000000003        12175.176231023694     
   3.5015500000000004        12175.175996968319     
   3.5015600000000004        12175.175767992450     
   3.5015700000000001        12175.175544876261     
   3.5015800000000001        12175.175328479918     
   3.5015900000000002        12175.175117455656     
   3.5016000000000003        12175.174912385672     
   3.5016100000000003        12175.174712533280     
   3.5016200000000004        12175.174520423256     
   3.5016300000000005        12175.174334040747     
   3.5016400000000001        12175.174156671184     
   3.5016500000000002        12175.173985499017     
   3.5016600000000002        12175.173823212001     
   3.5016700000000003        12175.173666968862     
   3.5016800000000003        12175.173519659958     
   3.5016900000000004        12175.173377298226     
   3.5017000000000005        12175.173245215547     
   3.5017100000000001        12175.173119414651     
   3.5017200000000002        12175.173003871630     
   3.5017300000000002        12175.172892670411     
   3.5017400000000003        12175.172790505905     
   3.5017500000000004        12175.172694921726     
   3.5017600000000004        12175.172607680943     
   3.5017700000000005        12175.172528626446     
   3.5017800000000001        12175.172455826892     
   3.5017900000000002        12175.172389804005     
   3.5018000000000002        12175.172332336553     
   3.5018100000000003        12175.172282385638     
   3.5018200000000004        12175.172239712945     
   3.5018300000000004        12175.172203680120     
   3.5018400000000005        12175.172175541555     
   3.5018500000000001        12175.172152653795     
   3.5018600000000002        12175.172137809212     
   3.5018700000000003        12175.172128959261     
   3.5018800000000003        12175.172127814027     
   3.5018900000000004        12175.172133559930     
   3.5019000000000005        12175.172147392899     
   3.5019100000000001        12175.172168394680     
   3.5019200000000001        12175.172197980492     
   3.5019300000000002        12175.172233661297     
   3.5019400000000003        12175.172277448526     
   3.5019500000000003        12175.172329330075     
   3.5019600000000004        12175.172387513348     
   3.5019700000000005        12175.172454421134     
   3.5019800000000001        12175.172527639994     
   3.5019900000000002        12175.172609849093     
   3.5020000000000002        12175.172697088597     
   3.5020100000000003        12175.172793906782     
   3.5020200000000004        12175.172895613106     
   3.5020300000000004        12175.173007254949     
   3.5020400000000005        12175.173124718105     
   3.5020500000000001        12175.173252362931     
   3.5020600000000002        12175.173385078271     
   3.5020700000000002        12175.173527370749     
   3.5020800000000003        12175.173674586104     
   3.5020900000000004        12175.173830921678     
   3.5021000000000004        12175.173994169196     
   3.5021100000000005        12175.174165466684     
   3.5021200000000001        12175.174342586657     
   3.5021300000000002        12175.174528690588     
   3.5021400000000003        12175.174720152738     
   3.5021500000000003        12175.174919998208     
   3.5021600000000004        12175.175125015718     
   3.5021700000000004        12175.175338351299     
   3.5021800000000001        12175.175557068684     
   3.5021900000000001        12175.175784298472     
   3.5022000000000002        12175.176017924125     
   3.5022100000000003        12175.176259199241     
   3.5022200000000003        12175.176506089678     
   3.5022300000000004        12175.176761419583     
   3.5022400000000005        12175.177022103566     
   3.5022500000000001        12175.177290992131     
   3.5022600000000002        12175.177566740367     
   3.5022700000000002        12175.177850401125     
   3.5022800000000003        12175.178140985685     
   3.5022900000000003        12175.178439307074     
   3.5023000000000004        12175.178744773913     
   3.5023100000000005        12175.179056488065     
   3.5023200000000001        12175.179375579501     
   3.5023300000000002        12175.179702090816     
   3.5023400000000002        12175.180035357220     
   3.5023500000000003        12175.180376125991     
   3.5023600000000004        12175.180722247787     
   3.5023700000000004        12175.181074092558     
   3.5023800000000005        12175.181431929521     
   3.5023900000000001        12175.181795133662     
   3.5024000000000002        12175.182163684285     
   3.5024100000000002        12175.182538558072     
   3.5024200000000003        12175.182919031167     
   3.5024300000000004        12175.183306286321     
   3.5024400000000004        12175.183698776971     
   3.5024500000000005        12175.184097769532     
   3.5024600000000001        12175.184501541846     
   3.5024700000000002        12175.184912703502     
   3.5024800000000003        12175.185329504104     
   3.5024900000000003        12175.185753950731     
   3.5025000000000004        12175.186182849322     
   3.5025100000000005        12175.186619509783     
   3.5025200000000001        12175.187060077113     
   3.5025300000000001        12175.187508955323     
   3.5025400000000002        12175.187961731785     
   3.5025500000000003        12175.188421822131     
   3.5025600000000003        12175.188889527177     
   3.5025700000000004        12175.189363793626     
   3.5025800000000005        12175.189843985996     
   3.5025900000000001        12175.190331289534     
   3.5026000000000002        12175.190824964828     
   3.5026100000000002        12175.191324688602     
   3.5026200000000003        12175.191830720005     
   3.5026300000000004        12175.192344747793     
   3.5026400000000004        12175.192865936566     
   3.5026500000000005        12175.193394571592     
   3.5026600000000001        12175.193929190309     
   3.5026700000000002        12175.194469522288     
   3.5026800000000002        12175.195016642603     
   3.5026900000000003        12175.195569050473     
   3.5027000000000004        12175.196129658012     
   3.5027100000000004        12175.196694753455     
   3.5027200000000005        12175.197267657570     
   3.5027300000000001        12175.197845454000     
   3.5027400000000002        12175.198430229708     
   3.5027500000000003        12175.199021178520     
   3.5027600000000003        12175.199617720564     
   3.5027700000000004        12175.200219896031     
   3.5027800000000004        12175.200827858065     
   3.5027900000000001        12175.201441201081     
   3.5028000000000001        12175.202059793282     
   3.5028100000000002        12175.202683841266     
   3.5028200000000003        12175.203314126058     
   3.5028300000000003        12175.203949884195     
   3.5028400000000004        12175.204591809836     
   3.5028500000000005        12175.205238332088     
   3.5028600000000001        12175.205890123154     
   3.5028700000000002        12175.206547921634     
   3.5028800000000002        12175.207211080036     
   3.5028900000000003        12175.207880381160     
   3.5029000000000003        12175.208555083602     
   3.5029100000000004        12175.209236259112     
   3.5029200000000005        12175.209922797534     
   3.5029300000000001        12175.210615888509     
   3.5029400000000002        12175.211313560212     
   3.5029500000000002        12175.212018155604     
   3.5029600000000003        12175.212727946267     
   3.5029700000000004        12175.213443904897     
   3.5029800000000004        12175.214166161732     
   3.5029900000000005        12175.214894485825     
   3.5030000000000001        12175.215628235992     
   3.5030100000000002        12175.216368746682     
   3.5030200000000002        12175.217116171914     
   3.5030300000000003        12175.217869457692     
   3.5030400000000004        12175.218630975298     
   3.5030500000000004        12175.219398535481     
   3.5030600000000005        12175.220173354477     
   3.5030700000000001        12175.220954017213     
   3.5030800000000002        12175.221741347283     
   3.5030900000000003        12175.222534924174     
   3.5031000000000003        12175.223335133791     
   3.5031100000000004        12175.224141679560     
   3.5031200000000005        12175.224955548034     
   3.5031300000000001        12175.225774183675     
   3.5031400000000001        12175.226599934664     
   3.5031500000000002        12175.227432199870     
   3.5031600000000003        12175.228271381338     
   3.5031700000000003        12175.229116473914     
   3.5031800000000004        12175.229968218222     
   3.5031900000000005        12175.230827392330     
   3.5032000000000001        12175.231692853633     
   3.5032100000000002        12175.232564959271     
   3.5032200000000002        12175.233442784640     
   3.5032300000000003        12175.234327063175     
   3.5032400000000004        12175.235216040548     
   3.5032500000000004        12175.236113451438     
   3.5032600000000005        12175.237015941137     
   3.5032700000000001        12175.237927303066     
   3.5032800000000002        12175.238843378147     
   3.5032900000000002        12175.239768070649     
   3.5033000000000003        12175.240699139826     
   3.5033100000000004        12175.241639905596     
   3.5033200000000004        12175.242586807801     
   3.5033300000000005        12175.243542767010     
   3.5033400000000001        12175.244503663853     
   3.5033500000000002        12175.245473503626     
   3.5033600000000003        12175.246449133732     
   3.5033700000000003        12175.247434160385     
   3.5033800000000004        12175.248424499443     
   3.5033900000000004        12175.249424048730     
   3.5034000000000001        12175.250428810501     
   3.5034100000000001        12175.251441428138     
   3.5034200000000002        12175.252459211075     
   3.5034300000000003        12175.253486133483     
   3.5034400000000003        12175.254518046613     
   3.5034500000000004        12175.255559525905     
   3.5034600000000005        12175.256606449731     
   3.5034700000000001        12175.257663166576     
   3.5034800000000001        12175.258725854002     
   3.5034900000000002        12175.259797580900     
   3.5035000000000003        12175.260874918344     
   3.5035100000000003        12175.261960761971     
   3.5035200000000004        12175.263052989310     
   3.5035300000000005        12175.264151881389     
   3.5035400000000001        12175.265257475423     
   3.5035500000000002        12175.266371155740     
   3.5035600000000002        12175.267492016994     
   3.5035700000000003        12175.268619374106     
   3.5035800000000004        12175.269754523808     
   3.5035900000000004        12175.270896006159     
   3.5036000000000005        12175.272045526706     
   3.5036100000000001        12175.273202408234     
   3.5036200000000002        12175.274366004658     
   3.5036300000000002        12175.275536657064     
   3.5036400000000003        12175.276716411807     
   3.5036500000000004        12175.277901526548     
   3.5036600000000004        12175.279095508145     
   3.5036700000000005        12175.280295581128     
   3.5036800000000001        12175.281503983353     
   3.5036900000000002        12175.282717518980     
   3.5037000000000003        12175.283939209330     
   3.5037100000000003        12175.285168139211     
   3.5037200000000004        12175.286406411067     
   3.5037300000000005        12175.287650691409     
   3.5037400000000001        12175.288904398922     
   3.5037500000000001        12175.290166224093     
   3.5037600000000002        12175.291435514144     
   3.5037700000000003        12175.292713163244     
   3.5037800000000003        12175.293997619370     
   3.5037900000000004        12175.295291950868     
   3.5038000000000005        12175.296591843799     
   3.5038100000000001        12175.297900434762     
   3.5038200000000002        12175.299215951734     
   3.5038300000000002        12175.300540874548     
   3.5038400000000003        12175.301872295477     
   3.5038500000000004        12175.303212512337     
   3.5038600000000004        12175.304559150449     
   3.5038700000000005        12175.305915809673     
   3.5038800000000001        12175.307277894286     
   3.5038900000000002        12175.308651146332     
   3.5039000000000002        12175.310028433394     
   3.5039100000000003        12175.311416714463     
   3.5039200000000004        12175.312808704371     
   3.5039300000000004        12175.314213164755     
   3.5039400000000005        12175.315621869338     
   3.5039500000000001        12175.317043138686     
   3.5039600000000002        12175.318468807924     
   3.5039700000000003        12175.319906188923     
   3.5039800000000003        12175.321347385541     
   3.5039900000000004        12175.322800492650     
   3.5040000000000004        12175.324256233842     
   3.5040100000000001        12175.325720840474     
   3.5040200000000001        12175.327190616274     
   3.5040300000000002        12175.328667144604     
   3.5040400000000003        12175.330149428997     
   3.5040500000000003        12175.331638414551     
   3.5040600000000004        12175.333130079593     
   3.5040700000000005        12175.334629071291     
   3.5040800000000001        12175.336130741498     
   3.5040900000000001        12175.337640184012     
   3.5041000000000002        12175.339150113625     
   3.5041100000000003        12175.340667755507     
   3.5041200000000003        12175.342185609923     
   3.5041300000000004        12175.343710693982     
   3.5041400000000005        12175.345237715555     
   3.5041500000000001        12175.346772696335     
   3.5041600000000002        12175.348309386349     
   3.5041700000000002        12175.349854022716     
   3.5041800000000003        12175.351400839229     
   3.5041900000000004        12175.352954971106     
   3.5042000000000004        12175.354511308044     
   3.5042100000000005        12175.356075225420     
   3.5042200000000001        12175.357643006892     
   3.5042300000000002        12175.359217375815     
   3.5042400000000002        12175.360794550501     
   3.5042500000000003        12175.362378633678     
   3.5042600000000004        12175.363966249068     
   3.5042700000000004        12175.365559907617     
   3.5042800000000005        12175.367156621665     
   3.5042900000000001        12175.368760253223     
   3.5043000000000002        12175.370368339714     
   3.5043100000000003        12175.371982239971     
   3.5043200000000003        12175.373600334970     
   3.5043300000000004        12175.375223536750     
   3.5043400000000005        12175.376852021625     
   3.5043500000000001        12175.378486518000     
   3.5043600000000001        12175.380126277852     
   3.5043700000000002        12175.381771946839     
   3.5043800000000003        12175.383422195815     
   3.5043900000000003        12175.385079136329     
   3.5044000000000004        12175.386739997966     
   3.5044100000000005        12175.388409103676     
   3.5044200000000001        12175.390082367192     
   3.5044300000000002        12175.391763043321     
   3.5044400000000002        12175.393448243698     
   3.5044500000000003        12175.395142184154     
   3.5044600000000004        12175.396840512927     
   3.5044700000000004        12175.398546237822     
   3.5044800000000005        12175.400257533547     
   3.5044900000000001        12175.401975900000     
   3.5045000000000002        12175.403700842822     
   3.5045100000000002        12175.405431479077     
   3.5045200000000003        12175.407168542657     
   3.5045300000000004        12175.408912521674     
   3.5045400000000004        12175.410663170847     
   3.5045500000000005        12175.412421627851     
   3.5045600000000001        12175.414186992182     
   3.5045700000000002        12175.415960041326     
   3.5045800000000003        12175.417739906634     
   3.5045900000000003        12175.419529008830     
   3.5046000000000004        12175.421326074322     
   3.5046100000000004        12175.423128966171     
   3.5046200000000001        12175.424938947905     
   3.5046300000000001        12175.426755528020     
   3.5046400000000002        12175.428579450863     
   3.5046500000000003        12175.430410591616     
   3.5046600000000003        12175.432247767341     
   3.5046700000000004        12175.434092600022     
   3.5046800000000005        12175.435942222921     
   3.5046900000000001        12175.437798174324     
   3.5047000000000001        12175.439660349972     
   3.5047100000000002        12175.441529138508     
   3.5047200000000003        12175.443403215244     
   3.5047300000000003        12175.445284133863     
   3.5047400000000004        12175.447171462551     
   3.5047500000000005        12175.449064207893     
   3.5047600000000001        12175.450964520718     
   3.5047700000000002        12175.452869075230     
   3.5047800000000002        12175.454781307695     
   3.5047900000000003        12175.456697848704     
   3.5048000000000004        12175.458621523696     
   3.5048100000000004        12175.460549723333     
   3.5048200000000005        12175.462484933663     
   3.5048300000000001        12175.464423847332     
   3.5048400000000002        12175.466369966929     
   3.5048500000000002        12175.468319439577     
   3.5048600000000003        12175.470276110696     
   3.5048700000000004        12175.472236149793     
   3.5048800000000004        12175.474201995843     
   3.5048900000000005        12175.476171828139     
   3.5049000000000001        12175.478146938302     
   3.5049100000000002        12175.480126057575     
   3.5049200000000003        12175.482111105914     
   3.5049300000000003        12175.484102521876     
   3.5049400000000004        12175.486099110107     
   3.5049500000000005        12175.488101232484     
   3.5049600000000001        12175.490108108592     
   3.5049700000000001        12175.492121923944     
   3.5049800000000002        12175.494142848287     
   3.5049900000000003        12175.496170294640     
   3.5050000000000003        12175.498203319683     
   3.5050100000000004        12175.500243418704     
   3.5050200000000005        12175.502289441783     
   3.5050300000000001        12175.504342370639     
   3.5050400000000002        12175.506401485256     
   3.5050500000000002        12175.508467074491     
   3.5050600000000003        12175.510537830811     
   3.5050700000000004        12175.512615061756     
   3.5050800000000004        12175.514697129545     
   3.5050900000000005        12175.516784154526     
   3.5051000000000001        12175.518877749182     
   3.5051100000000002        12175.520975497240     
   3.5051200000000002        12175.523081493506     
   3.5051300000000003        12175.525189204269     
   3.5051400000000004        12175.527306223370     
   3.5051500000000004        12175.529425925590     
   3.5051600000000005        12175.531554743264     
   3.5051700000000001        12175.533686691921     
   3.5051800000000002        12175.535827271082     
   3.5051900000000002        12175.537970070209     
   3.5052000000000003        12175.540121661334     
   3.5052100000000004        12175.542275636384     
   3.5052200000000004        12175.544438048226     
   3.5052300000000001        12175.546603835071     
   3.5052400000000001        12175.548776744703     
   3.5052500000000002        12175.550953384593     
   3.5052600000000003        12175.553137242510     
   3.5052700000000003        12175.555325097463     
   3.5052800000000004        12175.557518586909     
   3.5052900000000005        12175.559717556076     
   3.5053000000000001        12175.561921695904     
   3.5053100000000001        12175.564131338086     
   3.5053200000000002        12175.566347119939     
   3.5053300000000003        12175.568568738427     
   3.5053400000000003        12175.570796090953     
   3.5053500000000004        12175.573029776178     
   3.5053600000000005        12175.575268342865     
   3.5053700000000001        12175.577513429496     
   3.5053800000000002        12175.579763877555     
   3.5053900000000002        12175.582019217272     
   3.5054000000000003        12175.584281219986     
   3.5054100000000004        12175.586548670080     
   3.5054200000000004        12175.588821978919     
   3.5054300000000005        12175.591099387271     
   3.5054400000000001        12175.593382990730     
   3.5054500000000002        12175.595672329457     
   3.5054600000000002        12175.597967699572     
   3.5054700000000003        12175.600269127384     
   3.5054800000000004        12175.602576866115     
   3.5054900000000004        12175.604891876816     
   3.5055000000000005        12175.607212541634     
   3.5055100000000001        12175.609540080386     
   3.5055200000000002        12175.611874400322     
   3.5055300000000003        12175.614214138179     
   3.5055400000000003        12175.616559155549     
   3.5055500000000004        12175.618910408708     
   3.5055600000000005        12175.621268466613     
   3.5055700000000001        12175.623630518603     
   3.5055800000000001        12175.626000044280     
   3.5055900000000002        12175.628373933801     
   3.5056000000000003        12175.630753548696     
   3.5056100000000003        12175.633136995168     
   3.5056200000000004        12175.635527358150     
   3.5056300000000005        12175.637920672225     
   3.5056400000000001        12175.640321259049     
   3.5056500000000002        12175.642722972101     
   3.5056600000000002        12175.645130903657     
   3.5056700000000003        12175.647540269603     
   3.5056800000000004        12175.649955888501     
   3.5056900000000004        12175.652373282079     
   3.5057000000000005        12175.654797669902     
   3.5057100000000001        12175.657226229552     
   3.5057200000000002        12175.659661105703     
   3.5057300000000002        12175.662099906409     
   3.5057400000000003        12175.664543861238     
   3.5057500000000004        12175.666993284691     
   3.5057600000000004        12175.669447388822     
   3.5057700000000005        12175.671904324217     
   3.5057800000000001        12175.674368675074     
   3.5057900000000002        12175.676835655318     
   3.5058000000000002        12175.679309477266     
   3.5058100000000003        12175.681786521567     
   3.5058200000000004        12175.684271006348     
   3.5058300000000004        12175.686758667051     
   3.5058400000000001        12175.689253966208     
   3.5058500000000001        12175.691753957468     
   3.5058600000000002        12175.694260742514     
   3.5058700000000003        12175.696771867277     
   3.5058800000000003        12175.699290788998     
   3.5058900000000004        12175.701813477352     
   3.5059000000000005        12175.704343514142     
   3.5059100000000001        12175.706877485933     
   3.5059200000000001        12175.709418965969     
   3.5059300000000002        12175.711963783828     
   3.5059400000000003        12175.714516686821     
   3.5059500000000003        12175.717073283318     
   3.5059600000000004        12175.719635438281     
   3.5059700000000005        12175.722201761162     
   3.5059800000000001        12175.724775853239     
   3.5059900000000002        12175.727352960594     
   3.5060000000000002        12175.729937397320     
   3.5060100000000003        12175.732524369589     
   3.5060200000000004        12175.735118175806     
   3.5060300000000004        12175.737715638390     
   3.5060400000000005        12175.740319870372     
   3.5060500000000001        12175.742927296840     
   3.5060600000000002        12175.745541124605     
   3.5060700000000002        12175.748158871807     
   3.5060800000000003        12175.750782595042     
   3.5060900000000004        12175.753410552941     
   3.5061000000000004        12175.756045954482     
   3.5061100000000005        12175.758685089791     
   3.5061200000000001        12175.761331483176     
   3.5061300000000002        12175.763982777660     
   3.5061400000000003        12175.766641082328     
   3.5061500000000003        12175.769305084823     
   3.5061600000000004        12175.771976479540     
   3.5061700000000005        12175.774652159955     
   3.5061800000000001        12175.777336632917     
   3.5061900000000001        12175.780026397701     
   3.5062000000000002        12175.782722728885     
   3.5062100000000003        12175.785424408012     
   3.5062200000000003        12175.788133651924     
   3.5062300000000004        12175.790846428814     
   3.5062400000000005        12175.793566410701     
   3.5062500000000001        12175.796289585942     
   3.5062600000000002        12175.799018654934     
   3.5062700000000002        12175.801751330084     
   3.5062800000000003        12175.804489680339     
   3.5062900000000004        12175.807232808362     
   3.5063000000000004        12175.809979408117     
   3.5063100000000005        12175.812731846618     
   3.5063200000000001        12175.815489922676     
   3.5063300000000002        12175.818252765635     
   3.5063400000000002        12175.821020213949     
   3.5063500000000003        12175.823792649302     
   3.5063600000000004        12175.826569734218     
   3.5063700000000004        12175.829352505083     
   3.5063800000000005        12175.832139318252     
   3.5063900000000001        12175.834933604498     
   3.5064000000000002        12175.837730768957     
   3.5064100000000002        12175.840533687215     
   3.5064200000000003        12175.843342118847     
   3.5064300000000004        12175.846154827675     
   3.5064400000000004        12175.848972438749     
   3.5064500000000001        12175.851793375306     
   3.5064600000000001        12175.854618092491     
   3.5064700000000002        12175.857449797788     
   3.5064800000000003        12175.860284198856     
   3.5064900000000003        12175.863123429335     
   3.5065000000000004        12175.865965749861     
   3.5065100000000005        12175.868814595176     
   3.5065200000000001        12175.871666124893     
   3.5065300000000001        12175.874524522667     
   3.5065400000000002        12175.877385425558     
   3.5065500000000003        12175.880252653253     
   3.5065600000000003        12175.883122943254     
   3.5065700000000004        12175.885999715636     
   3.5065800000000005        12175.888878398955     
   3.5065900000000001        12175.891762489349     
   3.5066000000000002        12175.894648867579     
   3.5066100000000002        12175.897539827389     
   3.5066200000000003        12175.900431814831     
   3.5066300000000004        12175.903326168926     
   3.5066400000000004        12175.906225061477     
   3.5066500000000005        12175.909127722529     
   3.5066600000000001        12175.912033838116     
   3.5066700000000002        12175.914942860118     
   3.5066800000000002        12175.917856157708     
   3.5066900000000003        12175.920771653222     
   3.5067000000000004        12175.923693249773     
   3.5067100000000004        12175.926615796623     
   3.5067200000000005        12175.929545235453     
   3.5067300000000001        12175.932475398187     
   3.5067400000000002        12175.935412083449     
   3.5067500000000003        12175.938347793362     
   3.5067600000000003        12175.941290519931     
   3.5067700000000004        12175.944232186981     
   3.5067800000000005        12175.947181442423     
   3.5067900000000001        12175.950129550514     
   3.5068000000000001        12175.953084329340     
   3.5068100000000002        12175.956038107272     
   3.5068200000000003        12175.959000529636     
   3.5068300000000003        12175.961962460789     
   3.5068400000000004        12175.964932840141     
   3.5068500000000005        12175.967903561035     
   3.5068600000000001        12175.970882856418     
   3.5068700000000002        12175.973861242914     
   3.5068800000000002        12175.976848133714     
   3.5068900000000003        12175.979835090186     
   3.5069000000000004        12175.982830383435     
   3.5069100000000004        12175.985825358775     
   3.5069200000000005        12175.988827337062     
   3.5069300000000001        12175.991828786086     
   3.5069400000000002        12175.994837991213     
   3.5069500000000002        12175.997848917126     
   3.5069600000000003        12176.000864372898     
   3.5069700000000004        12176.003882547215     
   3.5069800000000004        12176.006904048603     
   3.5069900000000005        12176.009928260246     
   3.5070000000000001        12176.012955838258     
   3.5070100000000002        12176.015986476847     
   3.5070200000000002        12176.019019193163     
   3.5070300000000003        12176.022054781482     
   3.5070400000000004        12176.025092518794     
   3.5070500000000004        12176.028135592263     
   3.5070600000000001        12176.031180406591     
   3.5070700000000001        12176.034229604884     
   3.5070800000000002        12176.037279583254     
   3.5070900000000003        12176.040333874751     
   3.5071000000000003        12176.043388844584     
   3.5071100000000004        12176.046448943718     
   3.5071200000000005        12176.049510749765     
   3.5071300000000001        12176.052577280336     
   3.5071400000000001        12176.055646209075     
   3.5071500000000002        12176.058721331072     
   3.5071600000000003        12176.061798892095     
   3.5071700000000003        12176.064881294684     
   3.5071800000000004        12176.067967019148     
   3.5071900000000005        12176.071058536434     
   3.5072000000000001        12176.074153840978     
   3.5072100000000002        12176.077255882414     
   3.5072200000000002        12176.080360663767     
   3.5072300000000003        12176.083473009552     
   3.5072400000000004        12176.086588062604     
   3.5072500000000004        12176.089711996041     
   3.5072600000000005        12176.092837054694     
   3.5072700000000001        12176.095970439448     
   3.5072800000000002        12176.099105573569     
   3.5072900000000002        12176.102247802704     
   3.5073000000000003        12176.105391597626     
   3.5073100000000004        12176.108542325213     
   3.5073200000000004        12176.111694844663     
   3.5073300000000005        12176.114854185946     
   3.5073400000000001        12176.118015407110     
   3.5073500000000002        12176.121182484789     
   3.5073600000000003        12176.124351950997     
   3.5073700000000003        12176.127526031978     
   3.5073800000000004        12176.130702341814     
   3.5073900000000005        12176.133884455116     
   3.5074000000000001        12176.137070816303     
   3.5074100000000001        12176.140262723300     
   3.5074200000000002        12176.143457339396     
   3.5074300000000003        12176.146655933158     
   3.5074400000000003        12176.149857610792     
   3.5074500000000004        12176.153063447724     
   3.5074600000000005        12176.156271884862     
   3.5074700000000001        12176.159483423375     
   3.5074800000000002        12176.162698316586     
   3.5074900000000002        12176.165915301395     
   3.5075000000000003        12176.169134792815     
   3.5075100000000003        12176.172356137549     
   3.5075200000000004        12176.175579439114     
   3.5075300000000005        12176.178804779198     
   3.5075400000000001        12176.182032009194     
   3.5075500000000002        12176.185261117262     
   3.5075600000000002        12176.188491882844     
   3.5075700000000003        12176.191725001096     
   3.5075800000000004        12176.194959815857     
   3.5075900000000004        12176.198195149736     
   3.5076000000000005        12176.201432905764     
   3.5076100000000001        12176.204673907270     
   3.5076200000000002        12176.207916649826     
   3.5076300000000002        12176.211162067064     
   3.5076400000000003        12176.214409436921     
   3.5076500000000004        12176.217659871936     
   3.5076600000000004        12176.220913919016     
   3.5076700000000001        12176.224172087474     
   3.5076800000000001        12176.227434079781     
   3.5076900000000002        12176.230698969035     
   3.5077000000000003        12176.233967802445     
   3.5077100000000003        12176.237240409584     
   3.5077200000000004        12176.240517703171     
   3.5077300000000005        12176.243798972135     
   3.5077400000000001        12176.247083839140     
   3.5077500000000001        12176.250373792736     
   3.5077600000000002        12176.253666547900     
   3.5077700000000003        12176.256964566135     
   3.5077800000000003        12176.260265461044     
   3.5077900000000004        12176.263572000415     
   3.5078000000000005        12176.266880987596     
   3.5078100000000001        12176.270194511984     
   3.5078200000000002        12176.273510130497     
   3.5078300000000002        12176.276829892871     
   3.5078400000000003        12176.280150500697     
   3.5078500000000004        12176.283476355935     
   3.5078600000000004        12176.286803651987     
   3.5078700000000005        12176.290135712943     
   3.5078800000000001        12176.293469631990     
   3.5078900000000002        12176.296808261679     
   3.5079000000000002        12176.300149818609     
   3.5079100000000003        12176.303495863198     
   3.5079200000000004        12176.306843222150     
   3.5079300000000004        12176.310194814085     
   3.5079400000000005        12176.313548532060     
   3.5079500000000001        12176.316906280275     
   3.5079600000000002        12176.320265878005     
   3.5079700000000003        12176.323629794049     
   3.5079800000000003        12176.326996292446     
   3.5079900000000004        12176.330365179898     
   3.5080000000000005        12176.333736164415     
   3.5080100000000001        12176.337109793150     
   3.5080200000000001        12176.340485965402     
   3.5080300000000002        12176.343863570926     
   3.5080400000000003        12176.347243846796     
   3.5080500000000003        12176.350623967921     
   3.5080600000000004        12176.354006863708     
   3.5080700000000005        12176.357389552548     
   3.5080800000000001        12176.360775592129     
   3.5080900000000002        12176.364159304088     
   3.5081000000000002        12176.367548404896     
   3.5081100000000003        12176.370934237908     
   3.5081200000000003        12176.374325870360     
   3.5081300000000004        12176.377713906510     
   3.5081400000000005        12176.381107246718     
   3.5081500000000001        12176.384498050058     
   3.5081600000000002        12176.387893716532     
   3.5081700000000002        12176.391284891775     
   3.5081800000000003        12176.394681527174     
   3.5081900000000004        12176.398073805605     
   3.5082000000000004        12176.401470705507     
   3.5082100000000005        12176.404867835370     
   3.5082200000000001        12176.408266124909     
   3.5082300000000002        12176.411664416670     
   3.5082400000000002        12176.415063911933     
   3.5082500000000003        12176.418463022397     
   3.5082600000000004        12176.421863268546     
   3.5082700000000004        12176.425262793089     
   3.5082800000000001        12176.428663352570     
   3.5082900000000001        12176.432063225262     
   3.5083000000000002        12176.435465405182     
   3.5083100000000003        12176.438865954497     
   3.5083200000000003        12176.442269613251     
   3.5083300000000004        12176.445672610562     
   3.5083400000000005        12176.449077754354     
   3.5083500000000001        12176.452482767638     
   3.5083600000000001        12176.455890904379     
   3.5083700000000002        12176.459297401268     
   3.5083800000000003        12176.462706470187     
   3.5083900000000003        12176.466115281977     
   3.5084000000000004        12176.469527517904     
   3.5084100000000005        12176.472940586656     
   3.5084200000000001        12176.476355642653     
   3.5084300000000002        12176.479772601137     
   3.5084400000000002        12176.483191682455     
   3.5084500000000003        12176.486612390001     
   3.5084600000000004        12176.490035656127     
   3.5084700000000004        12176.493460435189     
   3.5084800000000005        12176.496888447062     
   3.5084900000000001        12176.500319511626     
   3.5085000000000002        12176.503749936461     
   3.5085100000000002        12176.507183057189     
   3.5085200000000003        12176.510617892904     
   3.5085300000000004        12176.514054098850     
   3.5085400000000004        12176.517493536308     
   3.5085500000000005        12176.520934372647     
   3.5085600000000001        12176.524378662265     
   3.5085700000000002        12176.527823669603     
   3.5085800000000003        12176.531270529918     
   3.5085900000000003        12176.534719122539     
   3.5086000000000004        12176.538172148070     
   3.5086100000000005        12176.541626276085     
   3.5086200000000001        12176.545084053672     
   3.5086300000000001        12176.548542749993     
   3.5086400000000002        12176.552005056190     
   3.5086500000000003        12176.555468474733     
   3.5086600000000003        12176.558936998232     
   3.5086700000000004        12176.562405847097     
   3.5086800000000005        12176.565879607106     
   3.5086900000000001        12176.569354073907     
   3.5087000000000002        12176.572833910530     
   3.5087100000000002        12176.576314742981     
   3.5087200000000003        12176.579797762886     
   3.5087300000000003        12176.583281424104     
   3.5087400000000004        12176.586765865484     
   3.5087500000000005        12176.590251066173     
   3.5087600000000001        12176.593738402244     
   3.5087700000000002        12176.597226159109     
   3.5087800000000002        12176.600715318129     
   3.5087900000000003        12176.604204219533     
   3.5088000000000004        12176.607694467535     
   3.5088100000000004        12176.611184368056     
   3.5088200000000005        12176.614675944367     
   3.5088300000000001        12176.618166571909     
   3.5088400000000002        12176.621658144610     
   3.5088500000000002        12176.625149038395     
   3.5088600000000003        12176.628642335405     
   3.5088700000000004        12176.632134629197     
   3.5088800000000004        12176.635628058682     
   3.5088900000000005        12176.639119916319     
   3.5089000000000001        12176.642612390237     
   3.5089100000000002        12176.646104853080     
   3.5089200000000003        12176.649597953450     
   3.5089300000000003        12176.653090146086     
   3.5089400000000004        12176.656582347936     
   3.5089500000000005        12176.660073314872     
   3.5089600000000001        12176.663565643317     
   3.5089700000000001        12176.667056380275     
   3.5089800000000002        12176.670548307888     
   3.5089900000000003        12176.674038828885     
   3.5090000000000003        12176.677530976714     
   3.5090100000000004        12176.681022145485     
   3.5090200000000005        12176.684513556444     
   3.5090300000000001        12176.688003844429     
   3.5090400000000002        12176.691494831495     
   3.5090500000000002        12176.694984986580     
   3.5090600000000003        12176.698476462789     
   3.5090700000000004        12176.701966866727     
   3.5090800000000004        12176.705457879978     
   3.5090900000000005        12176.708946799936     
   3.5091000000000001        12176.712437307704     
   3.5091100000000002        12176.715926703615     
   3.5091200000000002        12176.719417790810     
   3.5091300000000003        12176.722906352137     
   3.5091400000000004        12176.726397083916     
   3.5091500000000004        12176.729885935170     
   3.5091600000000005        12176.733377232873     
   3.5091700000000001        12176.736867750838     
   3.5091800000000002        12176.740361052902     
   3.5091900000000003        12176.743853222164     
   3.5092000000000003        12176.747346309414     
   3.5092100000000004        12176.750836537183     
   3.5092200000000005        12176.754330561342     
   3.5092300000000001        12176.757823847263     
   3.5092400000000001        12176.761318826559     
   3.5092500000000002        12176.764812811607     
   3.5092600000000003        12176.768308146095     
   3.5092700000000003        12176.771803015703     
   3.5092800000000004        12176.775300819847     
   3.5092900000000005        12176.778797822315     
   3.5093000000000001        12176.782297209023     
   3.5093100000000002        12176.785795212789     
   3.5093200000000002        12176.789295186150     
   3.5093300000000003        12176.792793398326     
   3.5093400000000003        12176.796294095684     
   3.5093500000000004        12176.799793509843     
   3.5093600000000005        12176.803293890229     
   3.5093700000000001        12176.806793312155     
   3.5093800000000002        12176.810292828954     
   3.5093900000000002        12176.813791435412     
   3.5094000000000003        12176.817290967923     
   3.5094100000000004        12176.820789729943     
   3.5094200000000004        12176.824288397227     
   3.5094300000000005        12176.827785311989     
   3.5094400000000001        12176.831282917388     
   3.5094500000000002        12176.834778685479     
   3.5094600000000002        12176.838274857948     
   3.5094700000000003        12176.841768584243     
   3.5094800000000004        12176.845263458315     
   3.5094900000000004        12176.848755919971     
   3.5095000000000005        12176.852250040940     
   3.5095100000000001        12176.855741529298     
   3.5095200000000002        12176.859234180767     
   3.5095300000000003        12176.862723767612     
   3.5095400000000003        12176.866214310734     
   3.5095500000000004        12176.869703382552     
   3.5095600000000005        12176.873191789417     
   3.5095700000000001        12176.876678526394     
   3.5095800000000001        12176.880163555132     
   3.5095900000000002        12176.883648488818     
   3.5096000000000003        12176.887131767027     
   3.5096100000000003        12176.890615165994     
   3.5096200000000004        12176.894096199609     
   3.5096300000000005        12176.897577253942     
   3.5096400000000001        12176.901058425328     
   3.5096500000000002        12176.904537660166     
   3.5096600000000002        12176.908018004462     
   3.5096700000000003        12176.911496666891     
   3.5096800000000004        12176.914974948297     
   3.5096900000000004        12176.918452784312     
   3.5097000000000005        12176.921929661350     
   3.5097100000000001        12176.925406558377     
   3.5097200000000002        12176.928882940920     
   3.5097300000000002        12176.932359085211     
   3.5097400000000003        12176.935835450236     
   3.5097500000000004        12176.939311756034     
   3.5097600000000004        12176.942787730593     
   3.5097700000000005        12176.946263250213     
   3.5097800000000001        12176.949738762622     
   3.5097900000000002        12176.953213335519     
   3.5098000000000003        12176.956686785494     
   3.5098100000000003        12176.960159774755     
   3.5098200000000004        12176.963631784558     
   3.5098300000000004        12176.967102971652     
   3.5098400000000001        12176.970573425402     
   3.5098500000000001        12176.974042867292     
   3.5098600000000002        12176.977511724663     
   3.5098700000000003        12176.980980415639     
   3.5098800000000003        12176.984447329327     
   3.5098900000000004        12176.987914784246     
   3.5099000000000005        12176.991380683476     
   3.5099100000000001        12176.994846835405     
   3.5099200000000002        12176.998311593203     
   3.5099300000000002        12177.001776889439     
   3.5099400000000003        12177.005240786410     
   3.5099500000000003        12177.008704506639     
   3.5099600000000004        12177.012167462710     
   3.5099700000000005        12177.015630689531     
   3.5099800000000001        12177.019092612318     
   3.5099900000000002        12177.022555323725     
   3.5100000000000002        12177.026017392449     
