   3.5000000000000004       0.90611387338839910     
   3.5000100000000001        1.0109510242544977     
   3.5000200000000001       0.88165579675962447     
   3.5000300000000002        1.0347801600915518     
   3.5000400000000003       0.88463140375465033     
   3.5000500000000003        1.0543662139185122     
   3.5000600000000004       0.89241744125230171     
   3.5000700000000005        1.0497888125993857     
   3.5000800000000001       0.88892030274168521     
   3.5000900000000001        1.0823809305379584     
   3.5001000000000002       0.89000505137240460     
   3.5001100000000003        1.1170050120408221     
   3.5001200000000003       0.89431215985130630     
   3.5001300000000004        1.0827910754670258     
   3.5001400000000005       0.92546341158221312     
   3.5001500000000001        1.0495416050762194     
   3.5001600000000002       0.91654950121371448     
   3.5001700000000002        1.0083148881753883     
   3.5001800000000003       0.99916152158499305     
   3.5001900000000004        1.0078768841184478     
   3.5002000000000004       0.96741640055485811     
   3.5002100000000005        1.0192485836635741     
   3.5002200000000001       0.95770712932759061     
   3.5002300000000002       0.96887663068004304     
   3.5002400000000002        1.0139681960823312     
   3.5002500000000003       0.96509512393372598     
   3.5002600000000004       0.99745622841206694     
   3.5002700000000004       0.99725610522128783     
   3.5002800000000005       0.97874148913005055     
   3.5002900000000001        1.0265767858928738     
   3.5003000000000002       0.96069607057475637     
   3.5003100000000003        1.0111169390090284     
   3.5003200000000003        1.0058772361878463     
   3.5003300000000004       0.97229926644821019     
   3.5003400000000005        1.0342927146287897     
   3.5003500000000001       0.95070348424060036     
   3.5003600000000001        1.0526761340777624     
   3.5003700000000002       0.95430708104016826     
   3.5003800000000003        1.0453356382266119     
   3.5003900000000003       0.99038439948996271     
   3.5004000000000004        1.0133114600378226     
   3.5004100000000005       0.99709411147477756     
   3.5004200000000001        1.0220548528537152     
   3.5004300000000002       0.98865857452296513     
   3.5004400000000002        1.0186856206197248     
   3.5004500000000003       0.97717878366310373     
   3.5004600000000003        1.0372309921614387     
   3.5004700000000004       0.98072499206359343     
   3.5004800000000005        1.0144147173581677     
   3.5004900000000001        1.0212501517217680     
   3.5005000000000002        1.0128410706975806     
   3.5005100000000002        1.0461776542406480     
   3.5005200000000003        1.0502679627469746     
   3.5005300000000004        1.0438585490541294     
   3.5005400000000004        1.0963399853452287     
   3.5005500000000005       0.99423281579641032     
   3.5005600000000001        1.1091162133745132     
   3.5005700000000002        1.0192235426658622     
   3.5005800000000002        1.1263502056486272     
   3.5005900000000003       0.98856119413302956     
   3.5006000000000004        1.0932696882163147     
   3.5006100000000004        1.0146122582389754     
   3.5006200000000001        1.0459894108791794     
   3.5006300000000001        1.0338883641447680     
   3.5006400000000002        1.0191223998761409     
   3.5006500000000003        1.0136339826072276     
   3.5006600000000003        1.0407902393878938     
   3.5006700000000004       0.97464692002151776     
   3.5006800000000005        1.0335455985177862     
   3.5006900000000001       0.98945100729988367     
   3.5007000000000001        1.0302327099954500     
   3.5007100000000002        1.0325905644934923     
   3.5007200000000003       0.99184759466427208     
   3.5007300000000003        1.0203287357278858     
   3.5007400000000004       0.99534532483111526     
   3.5007500000000005       0.94930756705473829     
   3.5007600000000001        1.0556700184446250     
   3.5007700000000002       0.97361527437820006     
   3.5007800000000002        1.0358801001702571     
   3.5007900000000003       0.98072050809001898     
   3.5008000000000004        1.0231887843115948     
   3.5008100000000004       0.96303701266984620     
   3.5008200000000005        1.0424637840954849     
   3.5008300000000001       0.95154261814936492     
   3.5008400000000002        1.0334338613991683     
   3.5008500000000002       0.94200902447637946     
   3.5008600000000003        1.0501750403100700     
   3.5008700000000004       0.96308225517894686     
   3.5008800000000004       0.99090618988634882     
   3.5008900000000005        1.0266031266197353     
   3.5009000000000001        1.0038494410822969     
   3.5009100000000002       0.99464308929359069     
   3.5009200000000003        1.0343525482060647     
   3.5009300000000003        1.0200927309837160     
   3.5009400000000004        1.0024973228402192     
   3.5009500000000005        1.0367324732014085     
   3.5009600000000001       0.96778828660794813     
   3.5009700000000001        1.0588404946966679     
   3.5009800000000002        1.0082736008701880     
   3.5009900000000003       0.96022577228696915     
   3.5010000000000003        1.0428669141307272     
   3.5010100000000004       0.98531268564660779     
   3.5010200000000005        1.0561073449571929     
   3.5010300000000001       0.98854436440725379     
   3.5010400000000002        1.0696801926140616     
   3.5010500000000002        1.0347878575428062     
   3.5010600000000003        1.0392003390131823     
   3.5010700000000003        1.0081358778579015     
   3.5010800000000004        1.0474637786070868     
   3.5010900000000005        1.0279385389782754     
   3.5011000000000001        1.0447583761554096     
   3.5011100000000002       0.97413408469966711     
   3.5011200000000002        1.0654052191089174     
   3.5011300000000003       0.96727355606054921     
   3.5011400000000004        1.0801712936126162     
   3.5011500000000004       0.94791238615418161     
   3.5011600000000005        1.0758960101266630     
   3.5011700000000001       0.94410011129826221     
   3.5011800000000002        1.1234248533167472     
   3.5011900000000002       0.94401390471204916     
   3.5012000000000003        1.1335715285331442     
   3.5012100000000004       0.91345677224640742     
   3.5012200000000004        1.1285202684169457     
   3.5012300000000001       0.92284058730464491     
   3.5012400000000001        1.0945968397946477     
   3.5012500000000002       0.96743119548066503     
   3.5012600000000003        1.1429712531766465     
   3.5012700000000003        1.0167025245718808     
   3.5012800000000004        1.1415421681775404     
   3.5012900000000005        1.0505928239091886     
   3.5013000000000001        1.1179629880679658     
   3.5013100000000001        1.0354388764477804     
   3.5013200000000002        1.1638392858608679     
   3.5013300000000003        1.0392357445027434     
   3.5013400000000003        1.1706137566616757     
   3.5013500000000004        1.0687872381434949     
   3.5013600000000005        1.1928196381391467     
   3.5013700000000001        1.0676354770294447     
   3.5013800000000002        1.1511523793452325     
   3.5013900000000002        1.0517828160355407     
   3.5014000000000003        1.0922416142815259     
   3.5014100000000004        1.0610006828186023     
   3.5014200000000004        1.0609584771877416     
   3.5014300000000005        1.0600998141656059     
   3.5014400000000001        1.0248056282076523     
   3.5014500000000002        1.0307624357472527     
   3.5014600000000002        1.0159310978598950     
   3.5014700000000003        1.0407968660060949     
   3.5014800000000004        1.0139088947766464     
   3.5014900000000004        1.0116580301511411     
   3.5015000000000005       0.98600605432502886     
   3.5015100000000001        1.0120776311767388     
   3.5015200000000002        1.0533737277551996     
   3.5015300000000003       0.99962255099696262     
   3.5015400000000003        1.0845060326153255     
   3.5015500000000004       0.98093977109557773     
   3.5015600000000004        1.0922919459834965     
   3.5015700000000001       0.98897614896392716     
   3.5015800000000001        1.1261869074388360     
   3.5015900000000002       0.96873102858137317     
   3.5016000000000003        1.1760166370544167     
   3.5016100000000003       0.93398245889265186     
   3.5016200000000004        1.1779163413744296     
   3.5016300000000005       0.93817361934768762     
   3.5016400000000001        1.1252645007300794     
   3.5016500000000002       0.93751686476815155     
   3.5016600000000002        1.1363557692510371     
   3.5016700000000003       0.98628752559949140     
   3.5016800000000003        1.1331294438463653     
   3.5016900000000004       0.99847483196934339     
   3.5017000000000005        1.1749324624013342     
   3.5017100000000001       0.99762022115027804     
   3.5017200000000002        1.1702798613985925     
   3.5017300000000002       0.95978479918480364     
   3.5017400000000003        1.0656338344883451     
   3.5017500000000004        1.0601919192862477     
   3.5017600000000004        1.0394735862038211     
   3.5017700000000005        1.0419000175710080     
   3.5017800000000001        1.0488225926373231     
   3.5017900000000002        1.0646170567869271     
   3.5018000000000002        1.1153522268563758     
   3.5018100000000003       0.99711850158220638     
   3.5018200000000004        1.1176754791211096     
   3.5018300000000004        1.0523246039404357     
   3.5018400000000005        1.0800607876299015     
   3.5018500000000001        1.0774167230328047     
   3.5018600000000002        1.0754042359386342     
   3.5018700000000003        1.1119237311319541     
   3.5018800000000003        1.0710541577180723     
   3.5018900000000004        1.1121950667834235     
   3.5019000000000005        1.0814357510104537     
   3.5019100000000001        1.1475197846390763     
   3.5019200000000001        1.0629385343408395     
   3.5019300000000002        1.1829389765898022     
   3.5019400000000003        1.0834972698613632     
   3.5019500000000003        1.0863774354981843     
   3.5019600000000004        1.0990413270693826     
   3.5019700000000005        1.0850614320762773     
   3.5019800000000001        1.0289431659791843     
   3.5019900000000002        1.0472135596608478     
   3.5020000000000002        1.0594846977458949     
   3.5020100000000003        1.0949833285942905     
   3.5020200000000004        1.0226883059122385     
   3.5020300000000004        1.0165543645891739     
   3.5020400000000005        1.0661907865084965     
   3.5020500000000001        1.0254609613871482     
   3.5020600000000002        1.0668449709461185     
   3.5020700000000002        1.0355984322375935     
   3.5020800000000003        1.0382970094292967     
   3.5020900000000004        1.0259339981791937     
   3.5021000000000004        1.0037179693555065     
   3.5021100000000005        1.0223536629602812     
   3.5021200000000001       0.95972669356705886     
   3.5021300000000002        1.0208228309300129     
   3.5021400000000003       0.95123650527836812     
   3.5021500000000003        1.0364740760703590     
   3.5021600000000004       0.96985599991083160     
   3.5021700000000004        1.0171287987989344     
   3.5021800000000001       0.98843291347091911     
   3.5021900000000001        1.0229177238926408     
   3.5022000000000002        1.0559965759990928     
   3.5022100000000003        1.0858704556465009     
   3.5022200000000003        1.0571965642177896     
   3.5022300000000004        1.1566566545360442     
   3.5022400000000005        1.1158999234590301     
   3.5022500000000001        1.1611478326670299     
   3.5022600000000002        1.0935277850509222     
   3.5022700000000002        1.2047783184414158     
   3.5022800000000003        1.1530585159045126     
   3.5022900000000003        1.1541573511694807     
   3.5023000000000004        1.1349449512570460     
   3.5023100000000005        1.1544148532573704     
   3.5023200000000001        1.0597453546663584     
   3.5023300000000002        1.0981878681738373     
   3.5023400000000002        1.0235084307711591     
   3.5023500000000003        1.0731955902091559     
   3.5023600000000004        1.0029893803569891     
   3.5023700000000004        1.0591195640934283     
   3.5023800000000005        1.0156934250908567     
   3.5023900000000001        1.0602246582826829     
   3.5024000000000002        1.0050210303732299     
   3.5024100000000002        1.0475091802548189     
   3.5024200000000003        1.0396993469188396     
   3.5024300000000004        1.0208251989967461     
   3.5024400000000004        1.0599227325622200     
   3.5024500000000005        1.0541432216362920     
   3.5024600000000001       0.97787614831510739     
   3.5024700000000002        1.1219043354107063     
   3.5024800000000003       0.98434133352307496     
   3.5024900000000003        1.0601809517019058     
   3.5025000000000004       0.99167695162128111     
   3.5025100000000005        1.0714531850373843     
   3.5025200000000001        1.0761642033900556     
   3.5025300000000001        1.0911719458032922     
   3.5025400000000002       0.98285813801259059     
   3.5025500000000003        1.0941763940877691     
   3.5025600000000003        1.0742462018388992     
   3.5025700000000004        1.0997803701738245     
   3.5025800000000005        1.0631684146615092     
   3.5025900000000001        1.0948621306906827     
   3.5026000000000002        1.0581790973332876     
   3.5026100000000002        1.0538701946437377     
   3.5026200000000003        1.1511014452128663     
   3.5026300000000004       0.98925085423153847     
   3.5026400000000004        1.1238613543106786     
   3.5026500000000005       0.97332887706871640     
   3.5026600000000001        1.1444384300819108     
   3.5026700000000002        1.0189914520683567     
   3.5026800000000002        1.1974546715839840     
   3.5026900000000003       0.99126106726144025     
   3.5027000000000004        1.2007327426790542     
   3.5027100000000004        1.0208382160607696     
   3.5027200000000005        1.1429553538802053     
   3.5027300000000001        1.0130157165494145     
   3.5027400000000002        1.0673558689217986     
   3.5027500000000003        1.0119539179879733     
   3.5027600000000003        1.0358293627420962     
   3.5027700000000004        1.0186960193639065     
   3.5027800000000004        1.0588230437337063     
   3.5027900000000001        1.0292303176700035     
   3.5028000000000001        1.0774545689025723     
   3.5028100000000002        1.0188307515777946     
   3.5028200000000003        1.0270244379587814     
   3.5028300000000003        1.0549537912974489     
   3.5028400000000004        1.0090277738112692     
   3.5028500000000005        1.0080462848193159     
   3.5028600000000001        1.0146572450256439     
   3.5028700000000002        1.0465577834650805     
   3.5028800000000002        1.0055101049157591     
   3.5028900000000003        1.0565715907981545     
   3.5029000000000003        1.0251451924699224     
   3.5029100000000004       0.99643419967211622     
   3.5029200000000005        1.0945874518292982     
   3.5029300000000001       0.97279637028383714     
   3.5029400000000002        1.0705127736672935     
   3.5029500000000002       0.99440449982489043     
   3.5029600000000003        1.0988162939931054     
   3.5029700000000004        1.0142600957422565     
   3.5029800000000004       0.98633445283138210     
   3.5029900000000005        1.0134243547572712     
   3.5030000000000001       0.96408253308823977     
   3.5030100000000002        1.0103203047908909     
   3.5030200000000002       0.95150083523427942     
   3.5030300000000003       0.98967713126932200     
   3.5030400000000004       0.97594357531563547     
   3.5030500000000004       0.96772516981999623     
   3.5030600000000005        1.0469398807048838     
   3.5030700000000001       0.97562426895997800     
   3.5030800000000002        1.0941803914627815     
   3.5030900000000003        1.0159302339730816     
   3.5031000000000003        1.1475829045935093     
   3.5031100000000004        1.0268341732952970     
   3.5031200000000005        1.1490509528680390     
   3.5031300000000001        1.0422324733833879     
   3.5031400000000001        1.1807228609299809     
   3.5031500000000002        1.0750621138971295     
   3.5031600000000003        1.2040722565908450     
   3.5031700000000003        1.0752470324132124     
   3.5031800000000004        1.1800704989014292     
   3.5031900000000005        1.0340810130341132     
   3.5032000000000001        1.1233452097024466     
   3.5032100000000002        1.0107932343771520     
   3.5032200000000002        1.0956009820866284     
   3.5032300000000003        1.0007864112385449     
   3.5032400000000004        1.0703855720334889     
   3.5032500000000004       0.97096593501742856     
   3.5032600000000005        1.0347223408492283     
   3.5032700000000001       0.95850005788824799     
   3.5032800000000002       0.99202665149423341     
   3.5032900000000002       0.98504043947096098     
   3.5033000000000003       0.97197604719627684     
   3.5033100000000004       0.99370549348588477     
   3.5033200000000004        1.0201815798663179     
   3.5033300000000005        1.0057003035062186     
   3.5033400000000001        1.0620537007921231     
   3.5033500000000002       0.99985731983742654     
   3.5033600000000003        1.0296091602719928     
   3.5033700000000003        1.0508832843467988     
   3.5033800000000004        1.0413177976442358     
   3.5033900000000004        1.0409008749515567     
   3.5034000000000001        1.0539425505866378     
   3.5034100000000001        1.1072642663934800     
   3.5034200000000002        1.0102170457349966     
   3.5034300000000003        1.0622134780976087     
   3.5034400000000003        1.0742458374274408     
   3.5034500000000004        1.0199578581533790     
   3.5034600000000005        1.0974237348029638     
   3.5034700000000001        1.0619381402137584     
   3.5034800000000001        1.0502540558687949     
   3.5034900000000002        1.0722084513372894     
   3.5035000000000003        1.0196681180515021     
   3.5035100000000003        1.0894027428673281     
   3.5035200000000004        1.0237190306051711     
   3.5035300000000005        1.0797529676909821     
   3.5035400000000001        1.0781194877723199     
   3.5035500000000002        1.1322930570736047     
   3.5035600000000002        1.0753204007395700     
   3.5035700000000003        1.0533716486047200     
   3.5035800000000004        1.0777409414207149     
   3.5035900000000004        1.0446607085372528     
   3.5036000000000005        1.0699530260670449     
   3.5036100000000001        1.0094426244926131     
   3.5036200000000002        1.0703913133940071     
   3.5036300000000002       0.98147109414008726     
   3.5036400000000003        1.0673920089327102     
   3.5036500000000004        1.0073315137832566     
   3.5036600000000004       0.97978697408417625     
   3.5036700000000005       0.99602964148343254     
   3.5036800000000001       0.95856141975480580     
   3.5036900000000002       0.97661311580598831     
   3.5037000000000003       0.96162519803464719     
   3.5037100000000003       0.96230837620924981     
   3.5037200000000004        1.0107156705539557     
   3.5037300000000005       0.94782601255242771     
   3.5037400000000001       0.97583605220410097     
   3.5037500000000001       0.93916308539679694     
   3.5037600000000002       0.93947876550120957     
   3.5037700000000003       0.99784766218044008     
   3.5037800000000003       0.92697261155142219     
   3.5037900000000004       0.99519568447832685     
   3.5038000000000005       0.94426313517817184     
   3.5038100000000001        1.0113760748790610     
   3.5038200000000002       0.94812628175424030     
   3.5038300000000002        1.0165193101775682     
   3.5038400000000003       0.97720350017862800     
   3.5038500000000004       0.99863119061045358     
   3.5038600000000004       0.92687831106590146     
   3.5038700000000005        1.0426236795996413     
   3.5038800000000001       0.96913622629747054     
   3.5038900000000002        1.0452069025920550     
   3.5039000000000002       0.99328349708462316     
   3.5039100000000003        1.0394595177027341     
   3.5039200000000004        1.0210208271214825     
   3.5039300000000004        1.0850583937717153     
   3.5039400000000005        1.0049854485308023     
   3.5039500000000001        1.0959602455158406     
   3.5039600000000002        1.0002770897375886     
   3.5039700000000003        1.0875426513837756     
   3.5039800000000003        1.0019306579262095     
   3.5039900000000004        1.0704435294729473     
   3.5040000000000004       0.99113581457098232     
   3.5040100000000001       0.99295292584214878     
   3.5040200000000001       0.98107171814147520     
   3.5040300000000002       0.94242669306989224     
   3.5040400000000003       0.98993331852982391     
   3.5040500000000003       0.94325639117251736     
   3.5040600000000004       0.97048451563988292     
   3.5040700000000005       0.93506101321938939     
   3.5040800000000001        1.0078113594876916     
   3.5040900000000001       0.95443881773736228     
   3.5041000000000002       0.94081191457625191     
   3.5041100000000003        1.0361134895884596     
   3.5041200000000003       0.94074346827906319     
   3.5041300000000004        1.0225740104591474     
   3.5041400000000005       0.93248870432241127     
   3.5041500000000001       0.92363781895673724     
   3.5041600000000002       0.97033613048782097     
   3.5041700000000002       0.91720119427591351     
   3.5041800000000003       0.98708386723875796     
   3.5041900000000004       0.87835888802066286     
   3.5042000000000004       0.99689904215680181     
   3.5042100000000005       0.88087256776384582     
   3.5042200000000001       0.94140580902405402     
   3.5042300000000002       0.92456765628648485     
   3.5042400000000002       0.90726881706918905     
   3.5042500000000003       0.86351182912238600     
   3.5042600000000004       0.96876504156448473     
   3.5042700000000004       0.87127635025595662     
   3.5042800000000005        1.0122738325133485     
   3.5042900000000001       0.87665500386298967     
   3.5043000000000002        1.0317858693075674     
   3.5043100000000003       0.89203592070463800     
   3.5043200000000003        1.0478451639998660     
   3.5043300000000004       0.90606656809690556     
   3.5043400000000005        1.0082355579319651     
   3.5043500000000001       0.96989403963414877     
   3.5043600000000001       0.97915909524094336     
   3.5043700000000002       0.96523812641259754     
   3.5043800000000003       0.99438357564981117     
   3.5043900000000003       0.93852204067446710     
   3.5044000000000004       0.96504121930206477     
   3.5044100000000005       0.95438503867020463     
   3.5044200000000001       0.89376968692813630     
   3.5044300000000002       0.91872246525339529     
   3.5044400000000002       0.87247436025694580     
   3.5044500000000003       0.92332253615651716     
   3.5044600000000004       0.83282018055212426     
   3.5044700000000004       0.91193620883495563     
   3.5044800000000005       0.85533944336750800     
   3.5044900000000001       0.90470038371775874     
   3.5045000000000002       0.84752191093771856     
   3.5045100000000002       0.92529883546474490     
   3.5045200000000003       0.79625033010165636     
   3.5045300000000004       0.94975311318736222     
   3.5045400000000004       0.81346307691536790     
   3.5045500000000005       0.92691253746243407     
   3.5045600000000001       0.78178615091285120     
   3.5045700000000002       0.93055734433210091     
   3.5045800000000003       0.81876501096267262     
   3.5045900000000003       0.86241482066707353     
   3.5046000000000004       0.83363500255370926     
   3.5046100000000004       0.87302623199714469     
   3.5046200000000001       0.87527990728264171     
   3.5046300000000001       0.87828105699477199     
   3.5046400000000002       0.85688282625104695     
   3.5046500000000003       0.89483131317952924     
   3.5046600000000003       0.85679639278333186     
   3.5046700000000004       0.89194679017611156     
   3.5046800000000005       0.83159923470851049     
   3.5046900000000001       0.87290839812362420     
   3.5047000000000001       0.86394530625123733     
   3.5047100000000002       0.87488926083210172     
   3.5047200000000003       0.85132788537713733     
   3.5047300000000003       0.92067390514177339     
   3.5047400000000004       0.85711128818505500     
   3.5047500000000005       0.92897072830602223     
   3.5047600000000001       0.89296919910945438     
   3.5047700000000002       0.92963604157493140     
   3.5047800000000002       0.90486191697959206     
   3.5047900000000003       0.91443526294581123     
   3.5048000000000004       0.89128412596844553     
   3.5048100000000004       0.92682961383715856     
   3.5048200000000005       0.89119531410258246     
   3.5048300000000001       0.90188437386965570     
   3.5048400000000002       0.89219857402954650     
   3.5048500000000002       0.93163218196190900     
   3.5048600000000003       0.88758512666792100     
   3.5048700000000004       0.94328643252493805     
   3.5048800000000004       0.85348130089895924     
   3.5048900000000005       0.95810422814633178     
   3.5049000000000001       0.88383123449095002     
   3.5049100000000002       0.94553698473362568     
   3.5049200000000003       0.84454970161961340     
   3.5049300000000003       0.96325961613734723     
   3.5049400000000004       0.87097500754641566     
   3.5049500000000005       0.94428815710897807     
   3.5049600000000001       0.84263305241500497     
   3.5049700000000001        1.0023404917186038     
   3.5049800000000002       0.84191702111215416     
   3.5049900000000003       0.95470471533114887     
   3.5050000000000003       0.81415564911883920     
   3.5050100000000004       0.95566583246652304     
   3.5050200000000005       0.80273461659305712     
   3.5050300000000001       0.92932408657994847     
   3.5050400000000002       0.78873827006100927     
   3.5050500000000002       0.91683893156463425     
   3.5050600000000003       0.79702403779482900     
   3.5050700000000004       0.88591012734358210     
   3.5050800000000004       0.77323568595163994     
   3.5050900000000005       0.91551210237045033     
   3.5051000000000001       0.78069187446407207     
   3.5051100000000002       0.90880972091818379     
   3.5051200000000002       0.74740783430255442     
   3.5051300000000003       0.92134815955074167     
   3.5051400000000004       0.75421362063670627     
   3.5051500000000004       0.90853735248083578     
   3.5051600000000005       0.76674958856628495     
   3.5051700000000001       0.88943594289281980     
   3.5051800000000002       0.76423872220408340     
   3.5051900000000002       0.84341275923430592     
   3.5052000000000003       0.74425087809709400     
   3.5052100000000004       0.83319642873834898     
   3.5052200000000004       0.75835811764811678     
   3.5052300000000001       0.85324278312239721     
   3.5052400000000001       0.79571969090211592     
   3.5052500000000002       0.81938226569953965     
   3.5052600000000003       0.78986340811597855     
   3.5052700000000003       0.80573431954923957     
   3.5052800000000004       0.84940504095221658     
   3.5052900000000005       0.81506288813712402     
   3.5053000000000001       0.82489310352856171     
   3.5053100000000001       0.83183521041285702     
   3.5053200000000002       0.83332796299248335     
   3.5053300000000003       0.81102479221423418     
   3.5053400000000003       0.83368097289403498     
   3.5053500000000004       0.81313015267880318     
   3.5053600000000005       0.84832968715639556     
   3.5053700000000001       0.83627643628313164     
   3.5053800000000002       0.84362948077184030     
   3.5053900000000002       0.83024578528068826     
   3.5054000000000003       0.82930201112079538     
   3.5054100000000004       0.81472179840512360     
   3.5054200000000004       0.80120407377457881     
   3.5054300000000005       0.77586218986868105     
   3.5054400000000001       0.79971838494033753     
   3.5054500000000002       0.77482697814603463     
   3.5054600000000002       0.81699016004636993     
   3.5054700000000003       0.78954286265812890     
   3.5054800000000004       0.82800236141829586     
   3.5054900000000004       0.78356700947057956     
   3.5055000000000005       0.83302784878482261     
   3.5055100000000001       0.82385093812730936     
   3.5055200000000002       0.83940276201337505     
   3.5055300000000003       0.84117042047794899     
   3.5055400000000003       0.79785139638801550     
   3.5055500000000004       0.84259225017128891     
   3.5055600000000005       0.78706934062751210     
   3.5055700000000001       0.83077238836596823     
   3.5055800000000001       0.78782632683778497     
   3.5055900000000002       0.83166674664059415     
   3.5056000000000003       0.76104246664933761     
   3.5056100000000003       0.80349902522239991     
   3.5056200000000004       0.77566454149975284     
   3.5056300000000005       0.78187335258206625     
   3.5056400000000001       0.78327095701515326     
   3.5056500000000002       0.78586155259486135     
   3.5056600000000002       0.79446707185209320     
   3.5056700000000003       0.78886579995807060     
   3.5056800000000004       0.81966986880894699     
   3.5056900000000004       0.78280465798593324     
   3.5057000000000005       0.78117565222159235     
   3.5057100000000001       0.80835482298423400     
   3.5057200000000002       0.80420145197932413     
   3.5057300000000002       0.84145313065254235     
   3.5057400000000003       0.82573721139250711     
   3.5057500000000004       0.86611585652815526     
   3.5057600000000004       0.79026882893519212     
   3.5057700000000005       0.88500849244582136     
   3.5057800000000001       0.78778872491635121     
   3.5057900000000002       0.85582243650005996     
   3.5058000000000002       0.77485332660878525     
   3.5058100000000003       0.84269967020229464     
   3.5058200000000004       0.78669911328093334     
   3.5058300000000004       0.83605239432891731     
   3.5058400000000001       0.74985952393033561     
   3.5058500000000001       0.84666498558451320     
   3.5058600000000002       0.75972199874997892     
   3.5058700000000003       0.78180707620175605     
   3.5058800000000003       0.76587736596111211     
   3.5058900000000004       0.71323353028154335     
   3.5059000000000005       0.77560512925033331     
   3.5059100000000001       0.71264599987567823     
   3.5059200000000001       0.77013529853825358     
   3.5059300000000002       0.66683149619777382     
   3.5059400000000003       0.77717588723972975     
   3.5059500000000003       0.68879201537679879     
   3.5059600000000004       0.74819441818957877     
   3.5059700000000005       0.69855483679298169     
   3.5059800000000001       0.74019158517111094     
   3.5059900000000002       0.72872871880669798     
   3.5060000000000002       0.72472217668259309     
   3.5060100000000003       0.77666989166756883     
   3.5060200000000004       0.73673146522631672     
   3.5060300000000004       0.79157673227327885     
   3.5060400000000005       0.72192767590328211     
   3.5060500000000001       0.77150285041603750     
   3.5060600000000002       0.74275433096182630     
   3.5060700000000002       0.73673994070065330     
   3.5060800000000003       0.75844417165895495     
   3.5060900000000004       0.74527389921590492     
   3.5061000000000004       0.70054884152059249     
   3.5061100000000005       0.72302034510195379     
   3.5061200000000001       0.74494721008723874     
   3.5061300000000002       0.70810466271518435     
   3.5061400000000003       0.73624452143723518     
   3.5061500000000003       0.71932080718976799     
   3.5061600000000004       0.68943889512988410     
   3.5061700000000005       0.73398971015245251     
   3.5061800000000001       0.66293345853631103     
   3.5061900000000001       0.76525596080284741     
   3.5062000000000002       0.67436441902675015     
   3.5062100000000003       0.75417421189424694     
   3.5062200000000003       0.68285032703665849     
   3.5062300000000004       0.72127043873088748     
   3.5062400000000005       0.67358368123204937     
   3.5062500000000001       0.72401322479320129     
   3.5062600000000002       0.68050764932654173     
   3.5062700000000002       0.73611693654148924     
   3.5062800000000003       0.68479822418903913     
   3.5062900000000004       0.71278885301601813     
   3.5063000000000004       0.65649471657948089     
   3.5063100000000005       0.74512771943634504     
   3.5063200000000001       0.68454606478073321     
   3.5063300000000002       0.71264543308090578     
   3.5063400000000002       0.70404687061881366     
   3.5063500000000003       0.71089517512136391     
   3.5063600000000004       0.70292646009605853     
   3.5063700000000004       0.69186337401467934     
   3.5063800000000005       0.70649749613249391     
   3.5063900000000001       0.70808899239983480     
   3.5064000000000002       0.69321385906645783     
   3.5064100000000002       0.65521482843369427     
   3.5064200000000003       0.73016875369835110     
   3.5064300000000004       0.62670968169645214     
   3.5064400000000004       0.65567331924027983     
   3.5064500000000001       0.64400967642458395     
   3.5064600000000001       0.62021195007517937     
   3.5064700000000002       0.64216313269103154     
   3.5064800000000003       0.61139808696489750     
   3.5064900000000003       0.64363064826855565     
   3.5065000000000004       0.62007590478667485     
   3.5065100000000005       0.64817756279372030     
   3.5065200000000001       0.61860555508189130     
   3.5065300000000001       0.64685038116617122     
   3.5065400000000002       0.62614124019469519     
   3.5065500000000003       0.64260149491096263     
   3.5065600000000003       0.58030626711756239     
   3.5065700000000004       0.67842213249757555     
   3.5065800000000005       0.58879562211416714     
   3.5065900000000001       0.65264753147246823     
   3.5066000000000002       0.60290949013363404     
   3.5066100000000002       0.66103904843699701     
   3.5066200000000003       0.62426722301113557     
   3.5066300000000004       0.66676839385290343     
   3.5066400000000004       0.58900892863878795     
   3.5066500000000005       0.69960028834540167     
   3.5066600000000001       0.58329382456110901     
   3.5066700000000002       0.70085657392509393     
   3.5066800000000002       0.60611109095110438     
   3.5066900000000003       0.71526474292015485     
   3.5067000000000004       0.61020165236922119     
   3.5067100000000004       0.69383560806535916     
   3.5067200000000005       0.56056209994481287     
   3.5067300000000001       0.70803470761115783     
   3.5067400000000002       0.57144131651490981     
   3.5067500000000003       0.69396692493577750     
   3.5067600000000003       0.59414078606183007     
   3.5067700000000004       0.63397386906089781     
   3.5067800000000005       0.58934451755257389     
   3.5067900000000001       0.62180510074229223     
   3.5068000000000001       0.60282259651893666     
   3.5068100000000002       0.59602902398747126     
   3.5068200000000003       0.65329299760488246     
   3.5068300000000003       0.58683324015431337     
   3.5068400000000004       0.66822590128319781     
   3.5068500000000005       0.61304375151230572     
   3.5068600000000001       0.65121394831021251     
   3.5068700000000002       0.60097779641955773     
   3.5068800000000002       0.62795384553034450     
   3.5068900000000003       0.56011290118366441     
   3.5069000000000004       0.61968839936085751     
   3.5069100000000004       0.58419036874092356     
   3.5069200000000005       0.60927420856907910     
   3.5069300000000001       0.57212200354408671     
   3.5069400000000002       0.61700321127606716     
   3.5069500000000002       0.55696190520761113     
   3.5069600000000003       0.59967363157833342     
   3.5069700000000004       0.58371076184590909     
   3.5069800000000004       0.59369595303596068     
   3.5069900000000005       0.61270683767974221     
   3.5070000000000001       0.56208216602454675     
   3.5070100000000002       0.67407523019309068     
   3.5070200000000002       0.56778764559817108     
   3.5070300000000003       0.68102726745696907     
   3.5070400000000004       0.55846952498324165     
   3.5070500000000004       0.68937034677874343     
   3.5070600000000001       0.56563978644902957     
   3.5070700000000001       0.69983828651165592     
   3.5070800000000002       0.56097668544397683     
   3.5070900000000003       0.69663657479959851     
   3.5071000000000003       0.56211513734693908     
   3.5071100000000004       0.69348935470323059     
   3.5071200000000005       0.55847846524445288     
   3.5071300000000001       0.68624303213408122     
   3.5071400000000001       0.52516815768763481     
   3.5071500000000002       0.67866123007065871     
   3.5071600000000003       0.55945858511123503     
   3.5071700000000003       0.66397373595708209     
   3.5071800000000004       0.55052641367609068     
   3.5071900000000005       0.69747749263999381     
   3.5072000000000001       0.54132303068832199     
   3.5072100000000002       0.69831205679114094     
   3.5072200000000002       0.53450447035970450     
   3.5072300000000003       0.66366627312628335     
   3.5072400000000004       0.56139159536525773     
   3.5072500000000004       0.61618604855719539     
   3.5072600000000005       0.54871120015615493     
   3.5072700000000001       0.64469679977975847     
   3.5072800000000002       0.54773406669310110     
   3.5072900000000002       0.60416874362015049     
   3.5073000000000003       0.52978993269182284     
   3.5073100000000004       0.58965196632525518     
   3.5073200000000004       0.52621842621070125     
   3.5073300000000005       0.61123662238465892     
   3.5073400000000001       0.52259925602997559     
   3.5073500000000002       0.57127079342339726     
   3.5073600000000003       0.51147213636238109     
   3.5073700000000003       0.55744368515520737     
   3.5073800000000004       0.54429887527912379     
   3.5073900000000005       0.58730601643630054     
   3.5074000000000001       0.55015845837170596     
   3.5074100000000001       0.59407229755933788     
   3.5074200000000002       0.51037855686665146     
   3.5074300000000003       0.64442427605003072     
   3.5074400000000003       0.55796956521212082     
   3.5074500000000004       0.63635931695288739     
   3.5074600000000005       0.56155741693345274     
   3.5074700000000001       0.67757141301926904     
   3.5074800000000002       0.53163486791987158     
   3.5074900000000002       0.66878254995668251     
   3.5075000000000003       0.53037540843703801     
   3.5075100000000003       0.69576298143850623     
   3.5075200000000004       0.58774048320074113     
   3.5075300000000005       0.65496983023033906     
   3.5075400000000001       0.49625109107757681     
   3.5075500000000002       0.70376567183268113     
   3.5075600000000002       0.50340801180791228     
   3.5075700000000003       0.65967768156630513     
   3.5075800000000004       0.50957071854226366     
   3.5075900000000004       0.61678244971306262     
   3.5076000000000005       0.50375216951520518     
   3.5076100000000001       0.57850942750380874     
   3.5076200000000002       0.51825422573721469     
   3.5076300000000002       0.55651595326046632     
   3.5076400000000003       0.51644124932166602     
   3.5076500000000004       0.54664792703265752     
   3.5076600000000004       0.48378118674324161     
   3.5076700000000001       0.56239681213311865     
   3.5076800000000001       0.47335966653576866     
   3.5076900000000002       0.53438631016869653     
   3.5077000000000003       0.50546651629260464     
   3.5077100000000003       0.49708039311294006     
   3.5077200000000004       0.49326342829685527     
   3.5077300000000005       0.50510526032850700     
   3.5077400000000001       0.47168546036995518     
   3.5077500000000001       0.49059466054069550     
   3.5077600000000002       0.49098240580788710     
   3.5077700000000003       0.49426965870085321     
   3.5077800000000003       0.49169047068164423     
   3.5077900000000004       0.50952364224333002     
   3.5078000000000005       0.46608996687397192     
   3.5078100000000001       0.52070479969892958     
   3.5078200000000002       0.46602420455891064     
   3.5078300000000002       0.52721441183262985     
   3.5078400000000003       0.45407270251901061     
   3.5078500000000004       0.53813112815734188     
   3.5078600000000004       0.44128803004637451     
   3.5078700000000005       0.57124268566168235     
   3.5078800000000001       0.44870234165340606     
   3.5078900000000002       0.55793994740662101     
   3.5079000000000002       0.45965277232468743     
   3.5079100000000003       0.53486506207802398     
   3.5079200000000004       0.49436919849835559     
   3.5079300000000004       0.54400593866723290     
   3.5079400000000005       0.52894221380654483     
   3.5079500000000001       0.52751364305145354     
   3.5079600000000002       0.50376416723224759     
   3.5079700000000003       0.55052592684434842     
   3.5079800000000003       0.51858287429429129     
   3.5079900000000004       0.53819304575063653     
   3.5080000000000005       0.47587276127566469     
   3.5080100000000001       0.54530251976614341     
   3.5080200000000001       0.44991150478312053     
   3.5080300000000002       0.54134890750731302     
   3.5080400000000003       0.42682752218520742     
   3.5080500000000003       0.51507488420966541     
   3.5080600000000004       0.42226543994798582     
   3.5080700000000005       0.47215200787273459     
   3.5080800000000001       0.40621924375090079     
   3.5080900000000002       0.43955246884507154     
   3.5081000000000002       0.40385393178018275     
   3.5081100000000003       0.44671280913347050     
   3.5081200000000003       0.41526235495881630     
   3.5081300000000004       0.43033090335440233     
   3.5081400000000005       0.40740870381443611     
   3.5081500000000001       0.46133509510616411     
   3.5081600000000002       0.41101941598842179     
   3.5081700000000002       0.48598589385286867     
   3.5081800000000003       0.44434631390285367     
   3.5081900000000004       0.50217517391053823     
   3.5082000000000004       0.47352589687730040     
   3.5082100000000005       0.50820553135413193     
   3.5082200000000001       0.45643269792152769     
   3.5082300000000002       0.51272023542506273     
   3.5082400000000002       0.47410613723288014     
   3.5082500000000003       0.54725171991176358     
   3.5082600000000004       0.46163988143414625     
   3.5082700000000004       0.52535979132509936     
   3.5082800000000001       0.49091689562989904     
   3.5082900000000001       0.49509179849266477     
   3.5083000000000002       0.45546309949981051     
   3.5083100000000003       0.49383752241820500     
   3.5083200000000003       0.44210066167657036     
   3.5083300000000004       0.47646876588955706     
   3.5083400000000005       0.42841501185546660     
   3.5083500000000001       0.45642803998074410     
   3.5083600000000001       0.44015895927468995     
   3.5083700000000002       0.40600959557651334     
   3.5083800000000003       0.45687342730000008     
   3.5083900000000003       0.39470748694733432     
   3.5084000000000004       0.43226411836757944     
   3.5084100000000005       0.38263128873775792     
   3.5084200000000001       0.43771159775241586     
   3.5084300000000002       0.38915113532306950     
   3.5084400000000002       0.42423799221236214     
   3.5084500000000003       0.39444988923841429     
   3.5084600000000004       0.41773004134916031     
   3.5084700000000004       0.40364431000916529     
   3.5084800000000005       0.41332767224540651     
   3.5084900000000001       0.42607027370227762     
   3.5085000000000002       0.36828153089370574     
   3.5085100000000002       0.45611011104013555     
   3.5085200000000003       0.38594607757009813     
   3.5085300000000004       0.42338286199940839     
   3.5085400000000004       0.40580291806300745     
   3.5085500000000005       0.43346552578245751     
   3.5085600000000001       0.39491819576588455     
   3.5085700000000002       0.41772468170020216     
   3.5085800000000003       0.37967012461769778     
   3.5085900000000003       0.42497334288445987     
   3.5086000000000004       0.37740719065634354     
   3.5086100000000005       0.42720650255251591     
   3.5086200000000001       0.37584199085729991     
   3.5086300000000001       0.45213860448327647     
   3.5086400000000002       0.35199371575690308     
   3.5086500000000003       0.41769302002774400     
   3.5086600000000003       0.36236798971192030     
   3.5086700000000004       0.40135509154469495     
   3.5086800000000005       0.37172140095271894     
   3.5086900000000001       0.40315947088822646     
   3.5087000000000002       0.33067560712236299     
   3.5087100000000002       0.38465194052265356     
   3.5087200000000003       0.31490685151718351     
   3.5087300000000003       0.35033328602564934     
   3.5087400000000004       0.31942778564784841     
   3.5087500000000005       0.31661222816127632     
   3.5087600000000001       0.30870766065626937     
   3.5087700000000002       0.30545690103052597     
   3.5087800000000002       0.33139853789163820     
   3.5087900000000003       0.29916558323904524     
   3.5088000000000004       0.34491264678027017     
   3.5088100000000004       0.30299451268488420     
   3.5088200000000005       0.32727123732065166     
   3.5088300000000001       0.31389631370110971     
   3.5088400000000002       0.31968432234517002     
   3.5088500000000002       0.32237537872624894     
   3.5088600000000003       0.31396610744190157     
   3.5088700000000004       0.32800461791407215     
   3.5088800000000004       0.35163053685311590     
   3.5088900000000005       0.34213728162166379     
   3.5089000000000001       0.37744867178275543     
   3.5089100000000002       0.35488981282511756     
   3.5089200000000003       0.38943726360848580     
   3.5089300000000003       0.33837774079573246     
   3.5089400000000004       0.37124484256805135     
   3.5089500000000005       0.34363914784634375     
   3.5089600000000001       0.40491854805177213     
   3.5089700000000001       0.32275019034320906     
   3.5089800000000002       0.37292703801252131     
   3.5089900000000003       0.32166454468774808     
   3.5090000000000003       0.34501058341348528     
   3.5090100000000004       0.30004515508724366     
   3.5090200000000005       0.36331763441366888     
   3.5090300000000001       0.28073384553105002     
   3.5090400000000002       0.35898020380256046     
   3.5090500000000002       0.24432427791886435     
   3.5090600000000003       0.38419227531628586     
   3.5090700000000004       0.23299515702088786     
   3.5090800000000004       0.33880264681814592     
   3.5090900000000005       0.23691796617710315     
   3.5091000000000001       0.31124611630840648     
   3.5091100000000002       0.24736201679628536     
   3.5091200000000002       0.27776665891605240     
   3.5091300000000003       0.26439294873335284     
   3.5091400000000004       0.26019024840643334     
   3.5091500000000004       0.25684723652116132     
   3.5091600000000005       0.25837258364684890     
   3.5091700000000001       0.25783459736278397     
   3.5091800000000002       0.27455233736186380     
   3.5091900000000003       0.26298039982837335     
   3.5092000000000003       0.27576867877410055     
   3.5092100000000004       0.24303181967997753     
   3.5092200000000005       0.26344679712517377     
   3.5092300000000001       0.27257899600628277     
   3.5092400000000001       0.27910639089810552     
   3.5092500000000002       0.27407615089835902     
   3.5092600000000003       0.28326406874632309     
   3.5092700000000003       0.26162049110806140     
   3.5092800000000004       0.27702543601371121     
   3.5092900000000005       0.25727027902929389     
   3.5093000000000001       0.28424616988178086     
   3.5093100000000002       0.24345204921219649     
   3.5093200000000002       0.28664871659282104     
   3.5093300000000003       0.25941926878619481     
   3.5093400000000003       0.27595873932285941     
   3.5093500000000004       0.27197612052172671     
   3.5093600000000005       0.26264184860231771     
   3.5093700000000001       0.27955654677144515     
   3.5093800000000002       0.27236370589730813     
   3.5093900000000002       0.27818476876422943     
   3.5094000000000003       0.27084403753971203     
   3.5094100000000004       0.27687915278899183     
   3.5094200000000004       0.29153156162527338     
   3.5094300000000005       0.27199562903867014     
   3.5094400000000001       0.28027562380113641     
   3.5094500000000002       0.24488782201137288     
   3.5094600000000002       0.23465772138172203     
   3.5094700000000003       0.24183732315986312     
   3.5094800000000004       0.24059622211840245     
   3.5094900000000004       0.24282012428390137     
   3.5095000000000005       0.22228813449991566     
   3.5095100000000001       0.24282249741586945     
   3.5095200000000002       0.21591217871765317     
   3.5095300000000003       0.24151341869243917     
   3.5095400000000003       0.20645746962431816     
   3.5095500000000004       0.23409800426950805     
   3.5095600000000005       0.20235492293732582     
   3.5095700000000001       0.21607740862864608     
   3.5095800000000001       0.20371826971167334     
   3.5095900000000002       0.20785815338833269     
   3.5096000000000003       0.20525023204831386     
   3.5096100000000003       0.21377413997165912     
   3.5096200000000004       0.20277598147460565     
   3.5096300000000005       0.20555194375675595     
   3.5096400000000001       0.20475654407679567     
   3.5096500000000002       0.20528887977332202     
   3.5096600000000002       0.20100776584648014     
   3.5096700000000003       0.20457924048667517     
   3.5096800000000004       0.20415840199319399     
   3.5096900000000004       0.20233447570069010     
   3.5097000000000005       0.21659674236762766     
   3.5097100000000001       0.19534481211602112     
   3.5097200000000002       0.21871199897944013     
   3.5097300000000002       0.20334564237543798     
   3.5097400000000003       0.21260246977839323     
   3.5097500000000004       0.20591374613864469     
   3.5097600000000004       0.18946361617198257     
   3.5097700000000005       0.22033573361964673     
   3.5097800000000001       0.18923964937553775     
   3.5097900000000002       0.22477629219009793     
   3.5098000000000003       0.19768427095647753     
   3.5098100000000003       0.21896742262316868     
   3.5098200000000004       0.20563353803824458     
   3.5098300000000004       0.22813734159051294     
   3.5098400000000001       0.18036307659503240     
   3.5098500000000001       0.21534273648223676     
   3.5098600000000002       0.19367029372099800     
   3.5098700000000003       0.22003034229819138     
   3.5098800000000003       0.18510145226098715     
   3.5098900000000004       0.21902724522137362     
   3.5099000000000005       0.19003155528545818     
   3.5099100000000001       0.21812646800787983     
   3.5099200000000002       0.18304113363790692     
   3.5099300000000002       0.21607233280225649     
   3.5099400000000003       0.21631661946116021     
   3.5099500000000003       0.17852509411309850     
   3.5099600000000004       0.20965010974972945     
   3.5099700000000005       0.18386310591662416     
   3.5099800000000001       0.20391437958713207     
   3.5099900000000002       0.19648823371157456     
   3.5100000000000002       0.18604398136702843     
