   3.0000000000000004        2.6054351032447092     
   3.0010000000000003        2.8656966130632591     
   3.0020000000000002        3.3558859136410168     
   3.0030000000000001        3.6803368555833229     
   3.0040000000000004        3.9999857904025160     
   3.0050000000000003        3.9190142610616063     
   3.0060000000000002        4.0554229110041025     
   3.0070000000000001        3.6728300706763153     
   3.0080000000000005        3.4972790801584224     
   3.0090000000000003        3.0544178316104444     
   3.0100000000000002        2.4970262201368696     
   3.0110000000000001        2.0835534541410783     
   3.0120000000000005        1.6456868672731821     
   3.0130000000000003        1.2729352385503203     
   3.0140000000000002       0.93562994757669671     
   3.0150000000000001       0.68381115918735902     
   3.0160000000000005       0.49842798735919319     
   3.0170000000000003       0.39121421141791612     
   3.0180000000000002       0.32867267042036424     
   3.0190000000000001       0.31775854779512763     
   3.0200000000000005       0.36365440816999972     
   3.0210000000000004       0.42961725908296766     
   3.0220000000000002       0.53115046250930287     
   3.0230000000000001       0.65833139057935020     
   3.0240000000000005       0.80963160201577300     
   3.0250000000000004       0.94733221264703393     
   3.0260000000000002        1.1079177299057645     
   3.0270000000000001        1.2879541443880007     
   3.0280000000000005        1.4026005802414139     
   3.0290000000000004        1.5214592074347464     
   3.0300000000000002        1.6194995777893213     
   3.0310000000000001        1.7360622624054969     
   3.0320000000000000        1.8724380754182344     
   3.0330000000000004        2.0524292003289584     
   3.0340000000000003        2.1500948783617888     
   3.0350000000000001        2.3845204644333151     
   3.0360000000000000        2.7192789533280410     
   3.0370000000000004        2.9704232853523815     
   3.0380000000000003        3.1018234541406176     
   3.0390000000000001        2.9895170391163775     
   3.0400000000000000        2.9463771168539292     
   3.0410000000000004        2.7497781183347780     
   3.0420000000000003        2.6100390533395483     
   3.0430000000000001        2.2986280845578575     
   3.0440000000000000        2.3158910654984530     
   3.0450000000000004        1.9438928824841148     
   3.0460000000000003        1.5953232838156735     
   3.0470000000000002        1.2923595348900456     
   3.0480000000000000       0.98092770144781782     
   3.0490000000000004       0.72965485733268198     
   3.0500000000000003       0.52806824703260946     
   3.0510000000000002       0.42382624590472479     
   3.0520000000000000       0.34202527659744880     
   3.0530000000000004       0.33274421833504769     
   3.0540000000000003       0.34863400627890623     
   3.0550000000000002       0.39275468772678923     
   3.0560000000000000       0.46962504921455861     
   3.0570000000000004       0.57533033717008220     
   3.0580000000000003       0.69007408519683444     
   3.0590000000000002       0.82736969917984382     
   3.0600000000000001       0.91953981304060894     
   3.0610000000000004        1.0520230311135030     
   3.0620000000000003        1.1292008728376068     
   3.0630000000000002        1.2345929817621386     
   3.0640000000000001        1.3975988532434562     
   3.0650000000000004        1.5351670417837884     
   3.0660000000000003        1.6577872739979012     
   3.0670000000000002        1.6822994212437890     
   3.0680000000000001        1.8640330633021862     
   3.0690000000000004        2.0455758291790644     
   3.0700000000000003        2.0611740399995400     
   3.0710000000000002        2.1542323693994616     
   3.0720000000000001        2.1768742446372435     
   3.0730000000000004        2.2776879027255101     
   3.0740000000000003        2.3882210763062983     
   3.0750000000000002        2.3494076264734565     
   3.0760000000000001        2.0330166794901885     
   3.0770000000000004        1.8665415047076215     
   3.0780000000000003        1.6078495651660347     
   3.0790000000000002        1.3463439929706476     
   3.0800000000000001        1.0984806682974031     
   3.0810000000000004       0.87401979911100580     
   3.0820000000000003       0.67323909552963301     
   3.0830000000000002       0.52138374815441946     
   3.0840000000000001       0.42075377278550719     
   3.0850000000000004       0.37010981161449191     
   3.0860000000000003       0.35742462154372712     
   3.0870000000000002       0.36370043232594546     
   3.0880000000000001       0.39885291532615108     
   3.0890000000000004       0.45018309949881880     
   3.0900000000000003       0.57543868813987720     
   3.0910000000000002       0.66397340031072982     
   3.0920000000000001       0.79709838922410037     
   3.0930000000000004       0.87996688135787748     
   3.0940000000000003        1.0700649031082785     
   3.0950000000000002        1.1184702066736474     
   3.0960000000000001        1.2581234583207535     
   3.0970000000000004        1.3622304394965090     
   3.0980000000000003        1.4510104786439042     
   3.0990000000000002        1.5226663155193658     
   3.1000000000000001        1.5423500951159355     
   3.1010000000000004        1.6499038154016914     
   3.1020000000000003        1.7002928483911992     
   3.1030000000000002        1.7154252881615846     
   3.1040000000000001        2.0658832511103262     
   3.1050000000000004        2.0524606632391746     
   3.1060000000000003        2.0194874223162320     
   3.1070000000000002        2.0276579260399794     
   3.1080000000000001        1.7955993458084518     
   3.1090000000000004        1.7823125049051884     
   3.1100000000000003        1.5739205195241148     
   3.1110000000000002        1.3630759388138247     
   3.1120000000000001        1.0896029461789360     
   3.1130000000000004       0.95090702350306477     
   3.1140000000000003       0.76454882889071274     
   3.1150000000000002       0.60517255564035222     
   3.1160000000000001       0.48358711378373237     
   3.1170000000000004       0.43073651705249866     
   3.1180000000000003       0.39232730337509114     
   3.1190000000000002       0.40975026139699644     
   3.1200000000000001       0.41514348338619833     
   3.1210000000000004       0.49268635513182590     
   3.1220000000000003       0.56681199974515029     
   3.1230000000000002       0.64630857195933966     
   3.1240000000000001       0.73500037423126685     
   3.1250000000000004       0.78850195103514409     
   3.1260000000000003       0.91982483177754859     
   3.1270000000000002        1.0393573743280080     
   3.1280000000000001        1.0128583926310126     
   3.1290000000000004        1.0734238566067968     
   3.1300000000000003        1.2060903074004148     
   3.1310000000000002        1.2979009807342292     
   3.1320000000000001        1.3950059252995273     
   3.1330000000000005        1.5021020807954728     
   3.1340000000000003        1.5168092381943121     
   3.1350000000000002        1.5395807309174572     
   3.1360000000000001        1.4993658896191979     
   3.1370000000000005        1.4493011242341731     
   3.1380000000000003        1.5565813944303926     
   3.1390000000000002        1.5336471343749529     
   3.1400000000000001        1.5609304967486639     
   3.1410000000000005        1.5484786175924010     
   3.1420000000000003        1.4297156536643800     
   3.1430000000000002        1.2018420535418826     
   3.1440000000000001        1.1025885132171720     
   3.1450000000000005       0.96380097783649032     
   3.1460000000000004       0.88232471471565310     
   3.1470000000000002       0.73661672529693800     
   3.1480000000000001       0.64581188222390318     
   3.1490000000000005       0.56754481302952065     
   3.1500000000000004       0.54233639035708003     
   3.1510000000000002       0.50670476051686819     
   3.1520000000000001       0.48739041287039581     
   3.1530000000000005       0.52132092703707666     
   3.1540000000000004       0.57932933030117761     
   3.1550000000000002       0.61929013042750791     
   3.1560000000000001       0.63950313928556080     
   3.1570000000000005       0.73433087386255291     
   3.1580000000000004       0.78028612954015319     
   3.1590000000000003       0.84796563719433271     
   3.1600000000000001       0.91216750139463576     
   3.1610000000000005        1.0247059843638648     
   3.1620000000000004        1.0294772552582219     
   3.1630000000000003        1.0944430822769320     
   3.1640000000000001        1.1417208200963929     
   3.1650000000000005        1.1779893869404596     
   3.1660000000000004        1.3344968705509834     
   3.1670000000000003        1.2741015264889037     
   3.1680000000000001        1.3515168059232228     
   3.1690000000000000        1.4334644484673156     
   3.1700000000000004        1.4674087838669698     
   3.1710000000000003        1.4218768410548597     
   3.1720000000000002        1.4103372463271462     
   3.1730000000000000        1.3426562191259581     
   3.1740000000000004        1.2441197625802030     
   3.1750000000000003        1.0697454239928146     
   3.1760000000000002       0.94717218001070225     
   3.1770000000000000       0.82163446314535371     
   3.1780000000000004       0.66554473613181098     
   3.1790000000000003       0.59051157705055324     
   3.1800000000000002       0.50284342968363638     
   3.1810000000000000       0.42803709893239572     
   3.1820000000000004       0.40243899420847556     
   3.1830000000000003       0.38657365102864638     
   3.1840000000000002       0.41037421320195844     
   3.1850000000000001       0.42936907832535648     
   3.1860000000000004       0.47517208072149575     
   3.1870000000000003       0.52963832073141259     
   3.1880000000000002       0.55752026169688362     
   3.1890000000000001       0.66432509929260630     
   3.1900000000000004       0.72899271675206923     
   3.1910000000000003       0.80111916002648142     
   3.1920000000000002       0.90032907025274833     
   3.1930000000000001       0.88907742929077938     
   3.1940000000000004        1.0925463491642671     
   3.1950000000000003        1.2221660083194614     
   3.1960000000000002        1.2493217107007004     
   3.1970000000000001        1.3460734675794659     
   3.1980000000000004        1.5373513081859951     
   3.1990000000000003        1.5940668921777525     
   3.2000000000000002        1.7826615632812790     
   3.2010000000000001        1.6800148740893432     
   3.2020000000000004        1.6659430391141303     
   3.2030000000000003        1.5626600100658843     
   3.2040000000000002        1.4170818746493588     
   3.2050000000000001        1.2725655722318632     
   3.2060000000000004        1.0953508145164552     
   3.2070000000000003       0.96357725447168663     
   3.2080000000000002       0.71502424220240712     
   3.2090000000000001       0.56371901473657926     
   3.2100000000000004       0.45513494337923077     
   3.2110000000000003       0.36457731860552511     
   3.2120000000000002       0.31591064817565745     
   3.2130000000000001       0.30322116197106752     
   3.2140000000000004       0.30073188143770746     
   3.2150000000000003       0.33406446230213588     
   3.2160000000000002       0.40869567929896572     
   3.2170000000000001       0.48082459417259205     
   3.2180000000000004       0.55255024033105460     
   3.2190000000000003       0.65204455413388662     
   3.2200000000000002       0.73422255765441857     
   3.2210000000000001       0.83180765046322169     
   3.2220000000000004       0.91920098394432870     
   3.2230000000000003        1.1063923319282241     
   3.2240000000000002        1.2051342201068662     
   3.2250000000000001        1.5066832001748398     
   3.2260000000000004        1.6056687605126938     
   3.2270000000000003        1.7073019115643884     
   3.2280000000000002        1.8934837822183661     
   3.2290000000000001        2.1063096419594252     
   3.2300000000000004        1.9600185136923027     
   3.2310000000000003        2.0304040113876618     
   3.2320000000000002        1.9253889611788446     
   3.2330000000000001        1.7968391688566767     
   3.2340000000000004        1.5883019872013417     
   3.2350000000000003        1.4557064809530764     
   3.2360000000000002        1.2127223391518336     
   3.2370000000000001       0.93392040849606772     
   3.2380000000000004       0.71852721843989453     
   3.2390000000000003       0.54912597366954485     
   3.2400000000000002       0.43792570620771232     
   3.2410000000000001       0.30698375897783936     
   3.2420000000000004       0.26281101969503967     
   3.2430000000000003       0.22784488704766495     
   3.2440000000000002       0.25191723429482582     
   3.2450000000000001       0.30278494134252221     
   3.2460000000000004       0.38820840322138883     
   3.2470000000000003       0.47901134709557841     
   3.2480000000000002       0.57342633670013210     
   3.2490000000000001       0.69892034774494827     
   3.2500000000000004       0.82979439366611740     
   3.2510000000000003       0.90777962429362835     
   3.2520000000000002        1.0390558125331146     
   3.2530000000000001        1.1233540751376847     
   3.2540000000000004        1.2878236165755845     
   3.2550000000000003        1.4763876101829851     
   3.2560000000000002        1.5888878962326740     
   3.2570000000000001        1.9697740993909081     
   3.2580000000000005        2.1626322704307150     
   3.2590000000000003        2.5868433343543531     
   3.2600000000000002        2.5184994727814924     
   3.2610000000000001        2.4932074735426175     
   3.2620000000000005        2.4746458789289090     
   3.2630000000000003        2.1847993842752755     
   3.2640000000000002        2.0065044641971546     
   3.2650000000000001        1.7967529088161929     
   3.2660000000000005        1.5014224304521959     
   3.2670000000000003        1.1451547581849213     
   3.2680000000000002       0.91474688754099065     
   3.2690000000000001       0.68354424172075434     
   3.2700000000000005       0.49902517920377754     
   3.2710000000000004       0.35931308957229213     
   3.2720000000000002       0.28391930444910612     
   3.2730000000000001       0.23981576029826929     
   3.2740000000000005       0.24370709320976269     
   3.2750000000000004       0.28159255455655607     
   3.2760000000000002       0.36237686142375564     
   3.2770000000000001       0.45418828061575894     
   3.2780000000000005       0.57910528985734544     
   3.2790000000000004       0.70943615509065394     
   3.2800000000000002       0.85217659146442348     
   3.2810000000000001       0.96463376853827865     
   3.2820000000000005        1.0654978724200370     
   3.2830000000000004        1.1625681752556956     
   3.2840000000000003        1.2691890192086206     
   3.2850000000000001        1.3339994533840838     
   3.2860000000000005        1.5797064688214646     
   3.2870000000000004        1.7105678842582368     
   3.2880000000000003        2.1974826141728712     
   3.2890000000000001        2.2547223974120212     
   3.2900000000000005        2.4431141208697995     
   3.2910000000000004        2.7400912642846018     
   3.2920000000000003        2.9039710848450095     
   3.2930000000000001        2.6893207458500981     
   3.2940000000000005        2.7763737398172683     
   3.2950000000000004        2.4735167289110804     
   3.2960000000000003        2.1917075936622061     
   3.2970000000000002        1.7828418652151568     
   3.2980000000000005        1.3741691493107229     
   3.2990000000000004        1.0417430070690066     
   3.3000000000000003       0.77611876517959166     
   3.3010000000000002       0.55642299724646760     
   3.3020000000000005       0.38878541322844012     
   3.3030000000000004       0.28363905423185820     
   3.3040000000000003       0.23556380481810194     
   3.3050000000000002       0.22790548774011335     
   3.3060000000000000       0.26242794319041607     
   3.3070000000000004       0.34777912595892629     
   3.3080000000000003       0.44851642658386370     
   3.3090000000000002       0.57007031992064161     
   3.3100000000000001       0.70498084787336146     
   3.3110000000000004       0.85592421044181843     
   3.3120000000000003       0.96804736005971537     
   3.3130000000000002        1.0862584230333467     
   3.3140000000000001        1.1955674039013013     
   3.3150000000000004        1.2724848689330148     
   3.3160000000000003        1.3525891248476181     
   3.3170000000000002        1.4688015446030678     
   3.3180000000000001        1.7817854061683507     
   3.3190000000000004        1.9271600898373815     
   3.3200000000000003        2.0990024744810940     
   3.3210000000000002        2.4525114232395557     
   3.3220000000000001        2.7077707687963297     
   3.3230000000000004        2.7775532591934957     
   3.3240000000000003        2.7973943785009778     
   3.3250000000000002        2.8831871310333979     
   3.3260000000000001        2.8282482011064589     
   3.3270000000000004        2.7395300800172850     
   3.3280000000000003        2.4091990177626439     
   3.3290000000000002        1.9089129508117069     
   3.3300000000000001        1.4739855060711970     
   3.3310000000000004        1.1165184340187060     
   3.3320000000000003       0.83959372065776761     
   3.3330000000000002       0.63279581573318355     
   3.3340000000000001       0.43391143431284718     
   3.3350000000000004       0.31038952106489270     
   3.3360000000000003       0.24069255137712867     
   3.3370000000000002       0.22997979083578110     
   3.3380000000000001       0.25392233184227708     
   3.3390000000000004       0.31215977679698859     
   3.3400000000000003       0.42195214792779034     
   3.3410000000000002       0.53408598128370577     
   3.3420000000000001       0.65520701793789660     
   3.3430000000000004       0.80983255738748183     
   3.3440000000000003       0.92603112928695697     
   3.3450000000000002        1.0636541102731925     
   3.3460000000000001        1.1762459758454706     
   3.3470000000000004        1.3500848136277470     
   3.3480000000000003        1.5102839966543433     
   3.3490000000000002        1.6301926200805368     
   3.3500000000000001        1.8425245939813857     
   3.3510000000000004        2.1059909667013992     
   3.3520000000000003        2.2498941473564531     
   3.3530000000000002        2.2799193322392046     
   3.3540000000000001        2.4291638439808523     
   3.3550000000000004        2.7439297558616751     
   3.3560000000000003        2.5372234325558867     
   3.3570000000000002        2.5553605853038976     
   3.3580000000000001        2.5313903029912641     
   3.3590000000000004        2.2138768838788585     
   3.3600000000000003        1.9871147753027230     
   3.3610000000000002        1.7800338301296412     
   3.3620000000000001        1.4348067111983276     
   3.3630000000000004        1.2013977431594660     
   3.3640000000000003       0.91046062884800172     
   3.3650000000000002       0.67526046801039674     
   3.3660000000000001       0.50718432378847189     
   3.3670000000000004       0.38385617839519937     
   3.3680000000000003       0.32197638802966327     
   3.3690000000000002       0.28158390191242633     
   3.3700000000000001       0.30268064558916208     
   3.3710000000000004       0.33810733915489466     
   3.3720000000000003       0.41976432907484024     
   3.3730000000000002       0.51314414767390870     
   3.3740000000000001       0.63245680893653033     
   3.3750000000000004       0.75152460784308694     
   3.3760000000000003       0.87820029775443120     
   3.3770000000000002       0.92996692522647084     
   3.3780000000000001        1.0670234838861616     
   3.3790000000000004        1.2608444131283529     
   3.3800000000000003        1.3588774393002785     
   3.3810000000000002        1.4874158744689583     
   3.3820000000000001        1.6832771977298358     
   3.3830000000000005        1.7362859806501769     
   3.3840000000000003        1.9914159738036927     
   3.3850000000000002        1.9506671974619034     
   3.3860000000000001        2.0795706184575069     
   3.3870000000000005        2.2190592928219264     
   3.3880000000000003        2.1018467489065724     
   3.3890000000000002        2.2291083397396423     
   3.3900000000000001        2.2793042066047660     
   3.3910000000000005        2.1161175409384327     
   3.3920000000000003        1.9666363451650690     
   3.3930000000000002        1.6836148781503042     
   3.3940000000000001        1.4744946110093766     
   3.3950000000000005        1.1565013885874165     
   3.3960000000000004       0.89462445311020622     
   3.3970000000000002       0.70801707740281428     
   3.3980000000000001       0.53207336545307515     
   3.3990000000000005       0.39939043272974617     
   3.4000000000000004       0.32304012893299544     
   3.4010000000000002       0.29388485784201424     
   3.4020000000000001       0.31501058668649534     
   3.4030000000000005       0.34020398416625697     
   3.4040000000000004       0.40987262423544746     
   3.4050000000000002       0.49116923902266957     
   3.4060000000000001       0.63049783180905961     
   3.4070000000000005       0.75123599454958445     
   3.4080000000000004       0.83160861480731896     
   3.4090000000000003        1.0258159299055312     
   3.4100000000000001        1.0979050611333632     
   3.4110000000000005        1.2298304123422161     
   3.4120000000000004        1.2810268135487295     
   3.4130000000000003        1.4558653129947265     
   3.4140000000000001        1.6743856169102875     
   3.4150000000000005        1.8873879009375281     
   3.4160000000000004        2.0169500347857232     
   3.4170000000000003        2.0054894539559420     
   3.4180000000000001        2.1735415840430772     
   3.4190000000000005        2.2644516384886533     
   3.4200000000000004        2.2036428222263589     
   3.4210000000000003        2.0486100508474916     
   3.4220000000000002        2.0719449754465926     
   3.4230000000000005        1.9415048558335346     
   3.4240000000000004        1.6516229064196999     
   3.4250000000000003        1.4214783250204424     
   3.4260000000000002        1.2008304918057511     
   3.4270000000000005       0.93490680675634041     
   3.4280000000000004       0.71900336504308593     
   3.4290000000000003       0.55202079594924547     
   3.4300000000000002       0.42270526214741466     
   3.4310000000000005       0.34352370279520383     
   3.4320000000000004       0.32968620857103331     
   3.4330000000000003       0.32284847915432585     
   3.4340000000000002       0.36839307517419650     
   3.4350000000000005       0.43028528975213437     
   3.4360000000000004       0.50715010370470848     
   3.4370000000000003       0.60089248593234534     
   3.4380000000000002       0.73135568404916462     
   3.4390000000000005       0.85872159746653187     
   3.4400000000000004       0.92996890324599912     
   3.4410000000000003        1.1135791084882873     
   3.4420000000000002        1.2144695682927593     
   3.4430000000000001        1.3913535998439728     
   3.4440000000000004        1.4526652074181678     
   3.4450000000000003        1.5724285737620507     
   3.4460000000000002        1.6750476581359615     
   3.4470000000000001        1.8199078073865884     
   3.4480000000000004        2.0726565543634501     
   3.4490000000000003        1.9900227019110039     
   3.4500000000000002        2.0877379709311028     
   3.4510000000000001        2.0612400641475084     
   3.4520000000000004        2.0515455718857871     
   3.4530000000000003        1.8308668237535284     
   3.4540000000000002        1.5713014295697645     
   3.4550000000000001        1.4289847539014178     
   3.4560000000000004        1.1888910981612861     
   3.4570000000000003       0.95056818030268508     
   3.4580000000000002       0.75850758782490280     
   3.4590000000000001       0.58028975655044246     
   3.4600000000000004       0.47565880872667493     
   3.4610000000000003       0.37811405689523636     
   3.4620000000000002       0.34685407595854661     
   3.4630000000000001       0.31311049051598644     
   3.4640000000000004       0.34963830651809991     
   3.4650000000000003       0.37936802197701669     
   3.4660000000000002       0.46211333850221487     
   3.4670000000000001       0.53573334236851600     
   3.4680000000000004       0.63765172586749219     
   3.4690000000000003       0.73435116283710655     
   3.4700000000000002       0.83210144412270881     
   3.4710000000000001       0.92487932019027819     
   3.4720000000000004        1.0122111702623213     
   3.4730000000000003        1.0738067165115814     
   3.4740000000000002        1.1720912238184418     
   3.4750000000000001        1.4131722659433594     
   3.4760000000000004        1.5704254161817148     
   3.4770000000000003        1.6759225165225289     
   3.4780000000000002        1.6915747281833877     
   3.4790000000000001        1.8744594209901342     
   3.4800000000000004        2.1157247867208708     
   3.4810000000000003        2.1592694641665990     
   3.4820000000000002        2.2493018653374159     
   3.4830000000000001        2.0481215081929438     
   3.4840000000000004        1.8351889556092593     
   3.4850000000000003        1.6951616441686974     
   3.4860000000000002        1.4424684418238829     
   3.4870000000000001        1.2386721922067399     
   3.4880000000000004       0.97808207032893013     
   3.4890000000000003       0.79995226609605463     
   3.4900000000000002       0.60063470374277139     
   3.4910000000000001       0.47634828862542694     
   3.4920000000000004       0.41773718042489222     
   3.4930000000000003       0.34950430035878688     
   3.4940000000000002       0.33096389912009577     
   3.4950000000000001       0.33306748399347491     
   3.4960000000000004       0.37861179744380452     
   3.4970000000000003       0.44200204144472244     
   3.4980000000000002       0.52070747728440470     
   3.4990000000000001       0.61757889102678665     
   3.5000000000000004       0.69982642362614522     
   3.0000000000000004       0.69793087484518690     
   3.0010000000000003       0.79630450121114116     
   3.0020000000000002       0.91465697243734601     
   3.0030000000000001        1.0050135033668728     
   3.0040000000000004        1.1022541049920629     
   3.0050000000000003        1.1426571717506155     
   3.0060000000000002        1.2565435768011401     
   3.0070000000000001        1.3461785708705387     
   3.0080000000000005        1.5904451200916321     
   3.0090000000000003        1.8798363587178166     
   3.0100000000000002        2.0286120826905223     
   3.0110000000000001        2.2318931781571982     
   3.0120000000000005        2.5807671460346522     
   3.0130000000000003        2.3193583205614403     
   3.0140000000000002        2.3420777677929228     
   3.0150000000000001        2.1135993266979027     
   3.0160000000000005        1.9630356056313172     
   3.0170000000000003        1.6886280439509940     
   3.0180000000000002        1.3890360718374539     
   3.0190000000000001        1.2190160491722950     
   3.0200000000000005       0.91200783498246818     
   3.0210000000000004       0.71044656650684446     
   3.0220000000000002       0.57494565983323831     
   3.0230000000000001       0.42377510274536834     
   3.0240000000000005       0.33462272947747523     
   3.0250000000000004       0.29376448186923432     
   3.0260000000000002       0.26905257518529901     
   3.0270000000000001       0.28604514293107469     
   3.0280000000000005       0.33488352700434160     
   3.0290000000000004       0.40995093150347056     
   3.0300000000000002       0.50452351533101270     
   3.0310000000000001       0.62407575803240478     
   3.0320000000000000       0.71434496787932356     
   3.0330000000000004       0.83113334366120517     
   3.0340000000000003       0.91787032774017263     
   3.0350000000000001       0.99764692696441482     
   3.0360000000000000        1.1657340249902837     
   3.0370000000000004        1.2519039250773394     
   3.0380000000000003        1.3737670989676167     
   3.0390000000000001        1.4368317764390621     
   3.0400000000000000        1.7178720284323141     
   3.0410000000000004        1.8998559672804796     
   3.0420000000000003        2.0832679643127809     
   3.0430000000000001        2.2934503174944578     
   3.0440000000000000        2.4796758332368118     
   3.0450000000000004        2.2875091779818590     
   3.0460000000000003        2.2555491864248052     
   3.0470000000000002        2.1086128196779610     
   3.0480000000000000        1.8005834576989939     
   3.0490000000000004        1.4952326281040109     
   3.0500000000000003        1.2958164678490847     
   3.0510000000000002        1.0724588668822645     
   3.0520000000000000       0.82837063291918223     
   3.0530000000000004       0.60755651455158366     
   3.0540000000000003       0.46778280184932969     
   3.0550000000000002       0.32195416226633539     
   3.0560000000000000       0.27156958049600710     
   3.0570000000000004       0.24970560624332716     
   3.0580000000000003       0.27741730012651572     
   3.0590000000000002       0.33240144071506972     
   3.0600000000000001       0.43173892444650325     
   3.0610000000000004       0.53897174152921667     
   3.0620000000000003       0.66164487769705072     
   3.0630000000000002       0.77864977119249279     
   3.0640000000000001       0.90341194878651543     
   3.0650000000000004        1.0077099915671206     
   3.0660000000000003        1.0868483960880844     
   3.0670000000000002        1.1539999388040216     
   3.0680000000000001        1.2771564211646917     
   3.0690000000000004        1.4870305826448111     
   3.0700000000000003        1.6163497883908164     
   3.0710000000000002        1.9156542821107381     
   3.0720000000000001        2.1738797982899176     
   3.0730000000000004        2.2637413056127711     
   3.0740000000000003        2.5224086998777513     
   3.0750000000000002        2.6773969108608666     
   3.0760000000000001        2.7083057896279406     
   3.0770000000000004        2.7049011835575061     
   3.0780000000000003        2.5895255334877252     
   3.0790000000000002        2.3155637647981537     
   3.0800000000000001        1.9806442677315463     
   3.0810000000000004        1.5650962531772941     
   3.0820000000000003        1.2645217445906149     
   3.0830000000000002       0.96854639153584154     
   3.0840000000000001       0.70734425495455222     
   3.0850000000000004       0.52628911841356341     
   3.0860000000000003       0.39797579950062634     
   3.0870000000000002       0.28304147641791921     
   3.0880000000000001       0.22999467004305085     
   3.0890000000000004       0.23089818392201705     
   3.0900000000000003       0.28195153405837908     
   3.0910000000000002       0.36348425169086013     
   3.0920000000000001       0.45838386459249586     
   3.0930000000000004       0.59953148752301899     
   3.0940000000000003       0.71809655823911800     
   3.0950000000000002       0.86345336229228475     
   3.0960000000000001       0.98168464770048613     
   3.0970000000000004        1.0762686992589727     
   3.0980000000000003        1.1911823107231940     
   3.0990000000000002        1.2551194583964194     
   3.1000000000000001        1.3814791984713011     
   3.1010000000000004        1.4928900923114501     
   3.1020000000000003        1.6914132753574447     
   3.1030000000000002        2.0188349927121521     
   3.1040000000000001        2.0968602232819338     
   3.1050000000000004        2.4726755194228156     
   3.1060000000000003        2.7886298715921694     
   3.1070000000000002        2.7864716599857515     
   3.1080000000000001        2.8432201807219020     
   3.1090000000000004        2.7592252743476178     
   3.1100000000000003        2.5344320583097160     
   3.1110000000000002        2.2138328599859940     
   3.1120000000000001        1.9563738755812743     
   3.1130000000000004        1.5526831602203239     
   3.1140000000000003        1.2483898411226189     
   3.1150000000000002        1.0081525901064408     
   3.1160000000000001       0.74664697130066493     
   3.1170000000000004       0.52661901415165202     
   3.1180000000000003       0.39247705102354202     
   3.1190000000000002       0.29282228589739318     
   3.1200000000000001       0.23838905334955060     
   3.1210000000000004       0.24023643707612646     
   3.1220000000000003       0.28441565867135205     
   3.1230000000000002       0.37265730819522719     
   3.1240000000000001       0.48695308358981426     
   3.1250000000000004       0.62312995896662737     
   3.1260000000000003       0.77217478744752954     
   3.1270000000000002       0.91827595603508705     
   3.1280000000000001        1.0840931188709091     
   3.1290000000000004        1.2216997559940874     
   3.1300000000000003        1.2716345806418214     
   3.1310000000000002        1.4096942635012006     
   3.1320000000000001        1.4545649131361342     
   3.1330000000000005        1.6483987399217663     
   3.1340000000000003        1.7078780882877911     
   3.1350000000000002        1.8633626691733653     
   3.1360000000000001        2.1818513497474878     
   3.1370000000000005        2.5220109052794846     
   3.1380000000000003        2.7140030196291693     
   3.1390000000000002        3.0067079958677478     
   3.1400000000000001        2.9527027724172754     
   3.1410000000000005        2.9917102287220767     
   3.1420000000000003        2.8967434633632863     
   3.1430000000000002        2.5446608626170315     
   3.1440000000000001        2.1629814138005043     
   3.1450000000000005        1.7330474797255540     
   3.1460000000000004        1.3831678975182038     
   3.1470000000000002        1.0429679348611396     
   3.1480000000000001       0.76139247787686348     
   3.1490000000000005       0.51932906248499233     
   3.1500000000000004       0.36125896930518275     
   3.1510000000000002       0.24710783538813294     
   3.1520000000000001       0.20476729803641114     
   3.1530000000000005       0.20934583561874509     
   3.1540000000000004       0.25014054994222407     
   3.1550000000000002       0.33533765752476968     
   3.1560000000000001       0.45675519414500071     
   3.1570000000000005       0.57736725845161629     
   3.1580000000000004       0.74925851153774126     
   3.1590000000000003       0.89378588563835504     
   3.1600000000000001        1.0197133933018170     
   3.1610000000000005        1.1955690176875855     
   3.1620000000000004        1.3116911847565003     
   3.1630000000000003        1.3934964952850946     
   3.1640000000000001        1.5192409517575653     
   3.1650000000000005        1.6362089653790099     
   3.1660000000000004        1.6939504314964302     
   3.1670000000000003        1.9780187255204273     
   3.1680000000000001        2.2276032931344796     
   3.1690000000000000        2.4868440559239464     
   3.1700000000000004        2.7143082003755192     
   3.1710000000000003        2.9061442980769026     
   3.1720000000000002        3.1403316899261688     
   3.1730000000000000        2.9073316463814880     
   3.1740000000000004        2.8933960533459655     
   3.1750000000000003        2.6640612628249469     
   3.1760000000000002        2.3982968473558608     
   3.1770000000000000        2.0357764327075318     
   3.1780000000000004        1.7182415365620258     
   3.1790000000000003        1.3346345007444387     
   3.1800000000000002       0.99040746771236621     
   3.1810000000000000       0.74319251510633677     
   3.1820000000000004       0.53852996755113991     
   3.1830000000000003       0.36474777248884488     
   3.1840000000000002       0.27114879929097846     
   3.1850000000000001       0.21847974008608950     
   3.1860000000000004       0.23143794971944595     
   3.1870000000000003       0.28974329746625666     
   3.1880000000000002       0.37269377231702683     
   3.1890000000000001       0.48927624312626244     
   3.1900000000000004       0.63717551838817532     
   3.1910000000000003       0.76553690639565097     
   3.1920000000000002       0.91938039969853902     
   3.1930000000000001        1.0683199054842167     
   3.1940000000000004        1.1969664028377123     
   3.1950000000000003        1.3097593633004572     
   3.1960000000000002        1.3889520683470002     
   3.1970000000000001        1.5081706432533510     
   3.1980000000000004        1.7593743771172343     
   3.1990000000000003        1.8324189233699084     
   3.2000000000000002        2.1986789908651234     
   3.2010000000000001        2.4890781878137260     
   3.2020000000000004        2.8118303800400186     
   3.2030000000000003        3.0407376930757586     
   3.2040000000000002        3.1612409605308738     
   3.2050000000000001        3.0525194008050254     
   3.2060000000000004        3.2083168614130573     
   3.2070000000000003        3.0082945595777817     
   3.2080000000000002        2.8365194480071310     
   3.2090000000000001        2.3452285857459625     
   3.2100000000000004        1.8415022931705740     
   3.2110000000000003        1.4487155181738762     
   3.2120000000000002        1.0987186791322552     
   3.2130000000000001       0.81733941734853466     
   3.2140000000000004       0.60109854440801158     
   3.2150000000000003       0.41492093856503343     
   3.2160000000000002       0.30920167770292767     
   3.2170000000000001       0.25609377432521691     
   3.2180000000000004       0.25057004107231790     
   3.2190000000000003       0.29080530879570876     
   3.2200000000000002       0.37405937598458594     
   3.2210000000000001       0.48641842989824752     
   3.2220000000000004       0.62301507175368198     
   3.2230000000000003       0.74731259716202059     
   3.2240000000000002       0.86975121178253290     
   3.2250000000000001        1.0103431623678329     
   3.2260000000000004        1.1532495896968864     
   3.2270000000000003        1.2559559782032190     
   3.2280000000000002        1.3482738682946840     
   3.2290000000000001        1.4975522142790201     
   3.2300000000000004        1.6875451456705384     
   3.2310000000000003        1.9213127455783827     
   3.2320000000000002        1.9983502426803257     
   3.2330000000000001        2.3883853670526318     
   3.2340000000000004        2.3207106388002288     
   3.2350000000000003        2.4521560894689678     
   3.2360000000000002        2.5091711908738810     
   3.2370000000000001        2.5087643647663147     
   3.2380000000000004        2.6048823234885874     
   3.2390000000000003        2.4939321186912546     
   3.2400000000000002        2.2381242106471690     
   3.2410000000000001        2.0389987359013415     
   3.2420000000000004        1.7758595284896974     
   3.2430000000000003        1.5191732274664096     
   3.2440000000000002        1.2366403695960781     
   3.2450000000000001       0.98193797239543301     
   3.2460000000000004       0.72103293924867551     
   3.2470000000000003       0.54017766144813861     
   3.2480000000000002       0.42271403704617155     
   3.2490000000000001       0.34385251005180462     
   3.2500000000000004       0.31887503708355802     
   3.2510000000000003       0.33435164820433250     
   3.2520000000000002       0.39005185602309639     
   3.2530000000000001       0.46026753221037869     
   3.2540000000000004       0.56311450544422958     
   3.2550000000000003       0.68591139184618177     
   3.2560000000000002       0.76877969882101804     
   3.2570000000000001       0.89021015556039629     
   3.2580000000000005        1.0080533610812543     
   3.2590000000000003        1.1570453205686884     
   3.2600000000000002        1.3019002584331427     
   3.2610000000000001        1.3816988180389007     
   3.2620000000000005        1.5237079111393697     
   3.2630000000000003        1.6787385213519990     
   3.2640000000000002        1.8661641958720909     
   3.2650000000000001        2.0794676348388106     
   3.2660000000000005        1.9284325522761756     
   3.2670000000000003        2.1986229383692240     
   3.2680000000000002        2.4910542600768100     
   3.2690000000000001        2.3234374404973268     
   3.2700000000000005        2.2693486725985696     
   3.2710000000000004        2.1154656984497486     
   3.2720000000000002        1.9788179679101654     
   3.2730000000000001        1.7509851779394860     
   3.2740000000000005        1.5048940861190478     
   3.2750000000000004        1.2307550289210791     
   3.2760000000000002       0.98872065637044959     
   3.2770000000000001       0.76572933103022345     
   3.2780000000000005       0.61262177512402916     
   3.2790000000000004       0.48163252022850522     
   3.2800000000000002       0.39486869815626308     
   3.2810000000000001       0.35187642716853706     
   3.2820000000000005       0.34472335210080818     
   3.2830000000000004       0.36768690440473395     
   3.2840000000000003       0.40881339681170437     
   3.2850000000000001       0.47499387567003498     
   3.2860000000000005       0.55736535455790559     
   3.2870000000000004       0.63550842446682554     
   3.2880000000000003       0.73905043562699491     
   3.2890000000000001       0.81943527329835153     
   3.2900000000000005       0.92002945552901838     
   3.2910000000000004        1.0157143737231920     
   3.2920000000000003        1.1348236916087815     
   3.2930000000000001        1.3116480791808505     
   3.2940000000000005        1.4232238733016604     
   3.2950000000000004        1.6161313654897351     
   3.2960000000000003        1.7292137504844094     
   3.2970000000000002        1.9241760784934949     
   3.2980000000000005        1.8899099337977223     
   3.2990000000000004        1.9485498077643142     
   3.3000000000000003        2.0484789525047393     
   3.3010000000000002        1.9982325673818733     
   3.3020000000000005        1.7861190291119555     
   3.3030000000000004        1.8052304862112456     
   3.3040000000000003        1.6711064885359350     
   3.3050000000000002        1.4484935242114596     
   3.3060000000000000        1.2580982761303425     
   3.3070000000000004       0.97847766434481898     
   3.3080000000000003       0.78512136182420311     
   3.3090000000000002       0.64487779306736281     
   3.3100000000000001       0.52385977962868258     
   3.3110000000000004       0.43040655303523195     
   3.3120000000000003       0.37221555899070019     
   3.3130000000000002       0.34844388580396340     
   3.3140000000000001       0.36324840607400294     
   3.3150000000000004       0.41087273674899494     
   3.3160000000000003       0.45922309479052698     
   3.3170000000000002       0.51985988294106100     
   3.3180000000000001       0.59973081552600915     
   3.3190000000000004       0.70322393019874241     
   3.3200000000000003       0.83013134579949888     
   3.3210000000000002       0.90687902937797260     
   3.3220000000000001        1.0367414101493635     
   3.3230000000000004        1.1194805176718219     
   3.3240000000000003        1.2297810519629813     
   3.3250000000000002        1.3713124478606247     
   3.3260000000000001        1.4470642381281469     
   3.3270000000000004        1.5431863101796364     
   3.3280000000000003        1.6649734028898810     
   3.3290000000000002        1.7964826901773778     
   3.3300000000000001        1.7662896864504580     
   3.3310000000000004        1.7620905619866642     
   3.3320000000000003        1.6876579353400809     
   3.3330000000000002        1.6539473113770504     
   3.3340000000000001        1.4931477640418664     
   3.3350000000000004        1.3745347231360521     
   3.3360000000000003        1.1661317606769346     
   3.3370000000000002        1.0399479831122596     
   3.3380000000000001       0.89597453257027215     
   3.3390000000000004       0.72049399318289131     
   3.3400000000000003       0.59788552073317536     
   3.3410000000000002       0.49969446975894355     
   3.3420000000000001       0.43719920322311617     
   3.3430000000000004       0.37716323196787799     
   3.3440000000000003       0.36762626645039914     
   3.3450000000000002       0.38162448326276455     
   3.3460000000000001       0.41192589819871711     
   3.3470000000000004       0.48122238746250567     
   3.3480000000000003       0.57426771785230046     
   3.3490000000000002       0.63055362984054819     
   3.3500000000000001       0.71265845497005742     
   3.3510000000000004       0.80931464128816710     
   3.3520000000000003       0.88712132389658871     
   3.3530000000000002       0.96747145941139601     
   3.3540000000000001        1.1530608460485450     
   3.3550000000000004        1.1546886064258126     
   3.3560000000000003        1.2464135999842820     
   3.3570000000000002        1.2947334907338504     
   3.3580000000000001        1.4385159736462438     
   3.3590000000000004        1.5141199687405940     
   3.3600000000000003        1.6993683030006415     
   3.3610000000000002        1.7732814867993698     
   3.3620000000000001        2.0082353552848886     
   3.3630000000000004        1.8768242491386806     
   3.3640000000000003        1.8076183429205326     
   3.3650000000000002        1.6806971685419259     
   3.3660000000000001        1.5639580954929289     
   3.3670000000000004        1.3673574954052745     
   3.3680000000000003        1.1494723341670363     
   3.3690000000000002       0.92273418132372720     
   3.3700000000000001       0.73690367494988351     
   3.3710000000000004       0.61583090275265018     
   3.3720000000000003       0.47453230928037676     
   3.3730000000000002       0.42507967213890768     
   3.3740000000000001       0.41007039366071474     
   3.3750000000000004       0.33446901929222750     
   3.3760000000000003       0.36800466684286787     
   3.3770000000000002       0.38997145233253816     
   3.3780000000000001       0.43532928027470058     
   3.3790000000000004       0.52993541095994923     
   3.3800000000000003       0.61891011334183099     
   3.3810000000000002       0.67793450455038018     
   3.3820000000000001       0.75855311774857215     
   3.3830000000000005       0.84046507017261229     
   3.3840000000000003       0.93494455829716716     
   3.3850000000000002        1.0382406241954367     
   3.3860000000000001        1.1360801273741266     
   3.3870000000000005        1.1963193842460862     
   3.3880000000000003        1.3473797242279468     
   3.3890000000000002        1.4292593637618547     
   3.3900000000000001        1.5211005032264089     
   3.3910000000000005        1.6941553056944745     
   3.3920000000000003        1.9298184051493994     
   3.3930000000000002        1.8358497117397092     
   3.3940000000000001        2.0549450776842275     
   3.3950000000000005        1.9874213824016340     
   3.3960000000000004        1.7833345006795718     
   3.3970000000000002        1.6805838585219441     
   3.3980000000000001        1.4821151126564447     
   3.3990000000000005        1.2940745174424575     
   3.4000000000000004       0.99822575506943245     
   3.4010000000000002       0.80174923287123545     
   3.4020000000000001       0.66143157405885689     
   3.4030000000000005       0.55921384866995083     
   3.4040000000000004       0.44185829093365320     
   3.4050000000000002       0.36445273262657996     
   3.4060000000000001       0.32140116224620463     
   3.4070000000000005       0.30945624302891106     
   3.4080000000000004       0.33367140030753784     
   3.4090000000000003       0.37934365992108138     
   3.4100000000000001       0.45886884839751341     
   3.4110000000000005       0.52762847884313147     
   3.4120000000000004       0.61854458029981452     
   3.4130000000000003       0.72322843594527020     
   3.4140000000000001       0.82328645902026176     
   3.4150000000000005       0.89378839648366326     
   3.4160000000000004       0.99926520247116746     
   3.4170000000000003        1.0891692133341933     
   3.4180000000000001        1.1773766770325300     
   3.4190000000000005        1.2657818737140842     
   3.4200000000000004        1.5794815289723501     
   3.4210000000000003        1.7011894829200183     
   3.4220000000000002        1.8294280909362126     
   3.4230000000000005        2.0812000759345688     
   3.4240000000000004        2.1499262595058255     
   3.4250000000000003        2.3498237357362308     
   3.4260000000000002        2.3553044985151583     
   3.4270000000000005        2.2924521184181210     
   3.4280000000000004        1.9337745301340623     
   3.4290000000000003        1.6465122796925986     
   3.4300000000000002        1.3777745240479848     
   3.4310000000000005        1.1191509200166614     
   3.4320000000000004       0.90385984045929280     
   3.4330000000000003       0.70175230374654229     
   3.4340000000000002       0.57432418543957986     
   3.4350000000000005       0.40019410897362601     
   3.4360000000000004       0.31150695989854765     
   3.4370000000000003       0.26362359278662495     
   3.4380000000000002       0.25336973705925336     
   3.4390000000000005       0.28020995485334921     
   3.4400000000000004       0.33859359807651274     
   3.4410000000000003       0.42142263881242226     
   3.4420000000000002       0.52612789845513497     
   3.4430000000000001       0.61964314764626671     
   3.4440000000000004       0.74876299856670891     
   3.4450000000000003       0.85594149433655420     
   3.4460000000000002       0.97142458907634210     
   3.4470000000000001        1.0455122024704624     
   3.4480000000000004        1.1320937538398426     
   3.4490000000000003        1.2942930148539864     
   3.4500000000000002        1.3749686986000738     
   3.4510000000000001        1.5708809871746741     
   3.4520000000000004        2.0045450402780554     
   3.4530000000000003        2.1429491318054996     
   3.4540000000000002        2.4844762391730013     
   3.4550000000000001        2.5189271712701951     
   3.4560000000000004        2.5473957653540613     
   3.4570000000000003        2.5996949254436363     
   3.4580000000000002        2.6082500845535503     
   3.4590000000000001        2.3496372300482666     
   3.4600000000000004        2.2282333759729136     
   3.4610000000000003        1.9101946758888193     
   3.4620000000000002        1.6383192106741697     
   3.4630000000000001        1.3135049987655953     
   3.4640000000000004        1.0392949603723829     
   3.4650000000000003       0.76442865097486989     
   3.4660000000000002       0.55795560674051414     
   3.4670000000000001       0.39600857087602537     
   3.4680000000000004       0.30394619088820257     
   3.4690000000000003       0.24295137587125956     
   3.4700000000000002       0.24339258328257540     
   3.4710000000000001       0.27733406829011370     
   3.4720000000000004       0.35229795237822276     
   3.4730000000000003       0.46353919394985627     
   3.4740000000000002       0.59212776747287321     
   3.4750000000000001       0.72405604173293947     
   3.4760000000000004       0.87841310945032969     
   3.4770000000000003        1.0095194241714680     
   3.4780000000000002        1.1418304896199607     
   3.4790000000000001        1.2523224838536751     
   3.4800000000000004        1.4069759891233915     
   3.4810000000000003        1.4983226391672597     
   3.4820000000000002        1.5302059311193055     
   3.4830000000000001        1.8606524964819857     
   3.4840000000000004        2.1497104203191975     
   3.4850000000000003        2.2004512035489432     
   3.4860000000000002        2.4852552218968635     
   3.4870000000000001        2.8811464953326467     
   3.4880000000000004        2.7668418367861922     
   3.4890000000000003        2.8257458140600815     
   3.4900000000000002        2.9175787706246745     
   3.4910000000000001        2.7633597143529371     
   3.4920000000000004        2.6702971650707599     
   3.4930000000000003        2.1377341805089061     
   3.4940000000000002        1.7461601097725308     
   3.4950000000000001        1.4044622627999133     
   3.4960000000000004        1.0949971520794444     
   3.4970000000000003       0.80189181653351305     
   3.4980000000000002       0.57210873357510938     
   3.4990000000000001       0.37878675514258509     
   3.5000000000000004       0.27620833698344344     
