   3.5000000000000004        8395.5159617022709     
   3.5000100000000001        8395.5162598859279     
   3.5000200000000001        8395.5165545760810     
   3.5000300000000002        8395.5168453280749     
   3.5000400000000003        8395.5171324332550     
   3.5000500000000003        8395.5174157937490     
   3.5000600000000004        8395.5176953733044     
   3.5000700000000005        8395.5179716291386     
   3.5000800000000001        8395.5182441612669     
   3.5000900000000001        8395.5185132643110     
   3.5001000000000002        8395.5187785981634     
   3.5001100000000003        8395.5190406461152     
   3.5001200000000003        8395.5192988877916     
   3.5001300000000004        8395.5195537251093     
   3.5001400000000005        8395.5198048178536     
   3.5001500000000001        8395.5200523696058     
   3.5001600000000002        8395.5202960138486     
   3.5001700000000002        8395.5205364244230     
   3.5001800000000003        8395.5207727488905     
   3.5001900000000004        8395.5210057457080     
   3.5002000000000004        8395.5212346552325     
   3.5002100000000005        8395.5214602328379     
   3.5002200000000001        8395.5216820582100     
   3.5002300000000002        8395.5219005679592     
   3.5002400000000002        8395.5221152371087     
   3.5002500000000003        8395.5223263901789     
   3.5002600000000004        8395.5225338563087     
   3.5002700000000004        8395.5227380718661     
   3.5002800000000005        8395.5229384306658     
   3.5002900000000001        8395.5231353395975     
   3.5003000000000002        8395.5233284139122     
   3.5003100000000003        8395.5235181505650     
   3.5003200000000003        8395.5237039850890     
   3.5003300000000004        8395.5238864518487     
   3.5003400000000005        8395.5240649705120     
   3.5003500000000001        8395.5242401329579     
   3.5003600000000001        8395.5244114350135     
   3.5003700000000002        8395.5245794538951     
   3.5003800000000003        8395.5247436302470     
   3.5003900000000003        8395.5249045953969     
   3.5004000000000004        8395.5250617025285     
   3.5004100000000005        8395.5252154447080     
   3.5004200000000001        8395.5253654880871     
   3.5004300000000002        8395.5255122353774     
   3.5004400000000002        8395.5256553310264     
   3.5004500000000003        8395.5257953087857     
   3.5004600000000003        8395.5259317478103     
   3.5004700000000004        8395.5260649970278     
   3.5004800000000005        8395.5261949026499     
   3.5004900000000001        8395.5263215573905     
   3.5005000000000002        8395.5264449121314     
   3.5005100000000002        8395.5265651207683     
   3.5005200000000003        8395.5266819755179     
   3.5005300000000004        8395.5267957388623     
   3.5005400000000004        8395.5269062276529     
   3.5005500000000005        8395.5270134509301     
   3.5005600000000001        8395.5271173742003     
   3.5005700000000002        8395.5272179026852     
   3.5005800000000002        8395.5273151875153     
   3.5005900000000003        8395.5274088377628     
   3.5006000000000004        8395.5274994904939     
   3.5006100000000004        8395.5275864471805     
   3.5006200000000001        8395.5276702309202     
   3.5006300000000001        8395.5277503430789     
   3.5006400000000002        8395.5278271000170     
   3.5006500000000003        8395.5279001763665     
   3.5006600000000003        8395.5279699508392     
   3.5006700000000004        8395.5280360456545     
   3.5006800000000005        8395.5280988830127     
   3.5006900000000001        8395.5281580970477     
   3.5007000000000001        8395.5282138761031     
   3.5007100000000002        8395.5282661176207     
   3.5007200000000003        8395.5283150563628     
   3.5007300000000003        8395.5283604163160     
   3.5007400000000004        8395.5284024116336     
   3.5007500000000005        8395.5284406781448     
   3.5007600000000001        8395.5284756623823     
   3.5007700000000002        8395.5285069689689     
   3.5007800000000002        8395.5285347724821     
   3.5007900000000003        8395.5285590339481     
   3.5008000000000004        8395.5285797103516     
   3.5008100000000004        8395.5285967859163     
   3.5008200000000005        8395.5286103090311     
   3.5008300000000001        8395.5286201699382     
   3.5008400000000002        8395.5286264905608     
   3.5008500000000002        8395.5286291596276     
   3.5008600000000003        8395.5286283774767     
   3.5008700000000004        8395.5286240069254     
   3.5008800000000004        8395.5286159195130     
   3.5008900000000005        8395.5286042063235     
   3.5009000000000001        8395.5285886060774     
   3.5009100000000002        8395.5285694172726     
   3.5009200000000003        8395.5285462201809     
   3.5009300000000003        8395.5285194378557     
   3.5009400000000004        8395.5284884017219     
   3.5009500000000005        8395.5284537134376     
   3.5009600000000001        8395.5284148444007     
   3.5009700000000001        8395.5283722662552     
   3.5009800000000002        8395.5283256866223     
   3.5009900000000003        8395.5282750289043     
   3.5010000000000003        8395.5282203058869     
   3.5010100000000004        8395.5281614674113     
   3.5010200000000005        8395.5280987056321     
   3.5010300000000001        8395.5280319616631     
   3.5010400000000002        8395.5279611092865     
   3.5010500000000002        8395.5278862385676     
   3.5010600000000003        8395.5278073055488     
   3.5010700000000003        8395.5277244504359     
   3.5010800000000004        8395.5276374597361     
   3.5010900000000005        8395.5275465051800     
   3.5011000000000001        8395.5274514440571     
   3.5011100000000002        8395.5273525144166     
   3.5011200000000002        8395.5272495432437     
   3.5011300000000003        8395.5271426581021     
   3.5011400000000004        8395.5270317323811     
   3.5011500000000004        8395.5269169952680     
   3.5011600000000005        8395.5267982345522     
   3.5011700000000001        8395.5266756462570     
   3.5011800000000002        8395.5265491289592     
   3.5011900000000002        8395.5264186623881     
   3.5012000000000003        8395.5262843973778     
   3.5012100000000004        8395.5261462577582     
   3.5012200000000004        8395.5260042848568     
   3.5012300000000001        8395.5258584434796     
   3.5012400000000001        8395.5257089285969     
   3.5012500000000002        8395.5255555216754     
   3.5012600000000003        8395.5253984594729     
   3.5012700000000003        8395.5252375451892     
   3.5012800000000004        8395.5250729875625     
   3.5012900000000005        8395.5249045241326     
   3.5013000000000001        8395.5247324463326     
   3.5013100000000001        8395.5245566576777     
   3.5013200000000002        8395.5243772167705     
   3.5013300000000003        8395.5241942358425     
   3.5013400000000003        8395.5240077402796     
   3.5013500000000004        8395.5238177197098     
   3.5013600000000005        8395.5236240788636     
   3.5013700000000001        8395.5234268774093     
   3.5013800000000002        8395.5232262245117     
   3.5013900000000002        8395.5230220382236     
   3.5014000000000003        8395.5228145754936     
   3.5014100000000004        8395.5226035942924     
   3.5014200000000004        8395.5223891989826     
   3.5014300000000005        8395.5221713251649     
   3.5014400000000001        8395.5219499835330     
   3.5014500000000002        8395.5217252607963     
   3.5014600000000002        8395.5214969539229     
   3.5014700000000003        8395.5212651408656     
   3.5014800000000004        8395.5210297613521     
   3.5014900000000004        8395.5207908724205     
   3.5015000000000005        8395.5205485722854     
   3.5015100000000001        8395.5203024902530     
   3.5015200000000002        8395.5200528529858     
   3.5015300000000003        8395.5197995212638     
   3.5015400000000003        8395.5195425242910     
   3.5015500000000004        8395.5192818088908     
   3.5015600000000004        8395.5190176457090     
   3.5015700000000001        8395.5187496968283     
   3.5015800000000001        8395.5184782736396     
   3.5015900000000002        8395.5182031631375     
   3.5016000000000003        8395.5179245415711     
   3.5016100000000003        8395.5176420580265     
   3.5016200000000004        8395.5173559945270     
   3.5016300000000005        8395.5170662355049     
   3.5016400000000001        8395.5167728439101     
   3.5016500000000002        8395.5164756018803     
   3.5016600000000002        8395.5161746616031     
   3.5016700000000003        8395.5158698744162     
   3.5016800000000003        8395.5155613062398     
   3.5016900000000004        8395.5152489105967     
   3.5017000000000005        8395.5149325386865     
   3.5017100000000001        8395.5146124749353     
   3.5017200000000002        8395.5142888430419     
   3.5017300000000002        8395.5139612329094     
   3.5017400000000003        8395.5136299206642     
   3.5017500000000004        8395.5132946679641     
   3.5017600000000004        8395.5129558318877     
   3.5017700000000005        8395.5126131877005     
   3.5017800000000001        8395.5122667211836     
   3.5017900000000002        8395.5119163837662     
   3.5018000000000002        8395.5115623208858     
   3.5018100000000003        8395.5112039776905     
   3.5018200000000004        8395.5108421293480     
   3.5018300000000004        8395.5104761414113     
   3.5018400000000005        8395.5101066654461     
   3.5018500000000001        8395.5097330307090     
   3.5018600000000002        8395.5093559551187     
   3.5018700000000003        8395.5089744980760     
   3.5018800000000003        8395.5085897279187     
   3.5018900000000004        8395.5082006892208     
   3.5019000000000005        8395.5078084186407     
   3.5019100000000001        8395.5074118213633     
   3.5019200000000001        8395.5070119328229     
   3.5019300000000002        8395.5066076138282     
   3.5019400000000003        8395.5062000349171     
   3.5019500000000003        8395.5057881184857     
   3.5019600000000004        8395.5053729719839     
   3.5019700000000005        8395.5049534485224     
   3.5019800000000001        8395.5045303133302     
   3.5019900000000002        8395.5041027873394     
   3.5020000000000002        8395.5036719726249     
   3.5020100000000003        8395.5032367722415     
   3.5020200000000004        8395.5027982872034     
   3.5020300000000004        8395.5023555007028     
   3.5020400000000005        8395.5019089931666     
   3.5020500000000001        8395.5014584162964     
   3.5020600000000002        8395.5010041348305     
   3.5020700000000002        8395.5005458991764     
   3.5020800000000003        8395.5000838375563     
   3.5020900000000004        8395.4996177570247     
   3.5021000000000004        8395.4991478393586     
   3.5021100000000005        8395.4986738614934     
   3.5021200000000001        8395.4981960556652     
   3.5021300000000002        8395.4977142853350     
   3.5021400000000003        8395.4972286423690     
   3.5021500000000003        8395.4967389885605     
   3.5021600000000004        8395.4962454324723     
   3.5021700000000004        8395.4957478347824     
   3.5021800000000001        8395.4952462734072     
   3.5021900000000001        8395.4947406538122     
   3.5022000000000002        8395.4942310626429     
   3.5022100000000003        8395.4937175741743     
   3.5022200000000003        8395.4932001785746     
   3.5022300000000004        8395.4926788855992     
   3.5022400000000005        8395.4921536131733     
   3.5022500000000001        8395.4916244254364     
   3.5022600000000002        8395.4910911732986     
   3.5022700000000002        8395.4905539438496     
   3.5022800000000003        8395.4900126391221     
   3.5022900000000003        8395.4894673522522     
   3.5023000000000004        8395.4889180261362     
   3.5023100000000005        8395.4883648687683     
   3.5023200000000001        8395.4878076073492     
   3.5023300000000002        8395.4872465859098     
   3.5023400000000002        8395.4866815532732     
   3.5023500000000003        8395.4861126216183     
   3.5023600000000004        8395.4855395612794     
   3.5023700000000004        8395.4849627369349     
   3.5023800000000005        8395.4843819015059     
   3.5023900000000001        8395.4837974318361     
   3.5024000000000002        8395.4832086385832     
   3.5024100000000002        8395.4826162230438     
   3.5024200000000003        8395.4820195320808     
   3.5024300000000004        8395.4814189294484     
   3.5024400000000004        8395.4808143961764     
   3.5024500000000005        8395.4802059145095     
   3.5024600000000001        8395.4795934497506     
   3.5024700000000002        8395.4789772680469     
   3.5024800000000003        8395.4783570086129     
   3.5024900000000003        8395.4777329702210     
   3.5025000000000004        8395.4771049900646     
   3.5025100000000005        8395.4764732556760     
   3.5025200000000001        8395.4758377175276     
   3.5025300000000001        8395.4751983311980     
   3.5025400000000002        8395.4745550312873     
   3.5025500000000003        8395.4739077977247     
   3.5025600000000003        8395.4732567920510     
   3.5025700000000004        8395.4726019417230     
   3.5025800000000005        8395.4719431994672     
   3.5025900000000001        8395.4712805334275     
   3.5026000000000002        8395.4706141163388     
   3.5026100000000002        8395.4699437803301     
   3.5026200000000003        8395.4692695722169     
   3.5026300000000004        8395.4685914770798     
   3.5026400000000004        8395.4679096104628     
   3.5026500000000005        8395.4672237335435     
   3.5026600000000001        8395.4665340150659     
   3.5026700000000002        8395.4658404695820     
   3.5026800000000002        8395.4651432739538     
   3.5026900000000003        8395.4644421681387     
   3.5027000000000004        8395.4637372999241     
   3.5027100000000004        8395.4630287250566     
   3.5027200000000005        8395.4623162559510     
   3.5027300000000001        8395.4616002225284     
   3.5027400000000002        8395.4608804183608     
   3.5027500000000003        8395.4601571389885     
   3.5027600000000003        8395.4594301901943     
   3.5027700000000004        8395.4586997303722     
   3.5027800000000004        8395.4579652934262     
   3.5027900000000001        8395.4572273955564     
   3.5028000000000001        8395.4564855307126     
   3.5028100000000002        8395.4557402430619     
   3.5028200000000003        8395.4549913075844     
   3.5028300000000003        8395.4542385750992     
   3.5028400000000004        8395.4534819573619     
   3.5028500000000005        8395.4527215111102     
   3.5028600000000001        8395.4519572849294     
   3.5028700000000002        8395.4511891942129     
   3.5028800000000002        8395.4504175664169     
   3.5028900000000003        8395.4496420453816     
   3.5029000000000003        8395.4488630987653     
   3.5029100000000004        8395.4480802475609     
   3.5029200000000005        8395.4472939477946     
   3.5029300000000001        8395.4465038456055     
   3.5029400000000002        8395.4457101649223     
   3.5029500000000002        8395.4449128514516     
   3.5029600000000003        8395.4441121463842     
   3.5029700000000004        8395.4433078628663     
   3.5029800000000004        8395.4425002244152     
   3.5029900000000005        8395.4416890156990     
   3.5030000000000001        8395.4408744278535     
   3.5030100000000002        8395.4400562494666     
   3.5030200000000002        8395.4392347790599     
   3.5030300000000003        8395.4384097732873     
   3.5030400000000004        8395.4375817383134     
   3.5030500000000004        8395.4367501635825     
   3.5030600000000005        8395.4359155908078     
   3.5030700000000001        8395.4350775029652     
   3.5030800000000002        8395.4342363706292     
   3.5030900000000003        8395.4333917458316     
   3.5031000000000003        8395.4325441524288     
   3.5031100000000004        8395.4316930149944     
   3.5031200000000005        8395.4308388762147     
   3.5031300000000001        8395.4299810068205     
   3.5031400000000001        8395.4291201688702     
   3.5031500000000002        8395.4282556911621     
   3.5031600000000003        8395.4273883133901     
   3.5031700000000003        8395.4265175488290     
   3.5031800000000004        8395.4256439243491     
   3.5031900000000005        8395.4247667023883     
   3.5032000000000001        8395.4238865522730     
   3.5032100000000002        8395.4230029359587     
   3.5032200000000002        8395.4221163509792     
   3.5032300000000003        8395.4212264370108     
   3.5032400000000004        8395.4203335719594     
   3.5032500000000004        8395.4194373805494     
   3.5032600000000005        8395.4185383513122     
   3.5032700000000001        8395.4176358819968     
   3.5032800000000002        8395.4167303153572     
   3.5032900000000002        8395.4158212682814     
   3.5033000000000003        8395.4149088816266     
   3.5033100000000004        8395.4139932078997     
   3.5033200000000004        8395.4130745669008     
   3.5033300000000005        8395.4121524324219     
   3.5033400000000001        8395.4112271282029     
   3.5033500000000002        8395.4102984407436     
   3.5033600000000003        8395.4093666330045     
   3.5033700000000003        8395.4084315161454     
   3.5033800000000004        8395.4074931723026     
   3.5033900000000004        8395.4065516435639     
   3.5034000000000001        8395.4056068251866     
   3.5034100000000001        8395.4046586883778     
   3.5034200000000002        8395.4037071667808     
   3.5034300000000003        8395.4027523001405     
   3.5034400000000003        8395.4017941299444     
   3.5034500000000004        8395.4008326162402     
   3.5034600000000005        8395.3998678324933     
   3.5034700000000001        8395.3988996948101     
   3.5034800000000001        8395.3979282495548     
   3.5034900000000002        8395.3969534773023     
   3.5035000000000003        8395.3959753430991     
   3.5035100000000003        8395.3949939161339     
   3.5035200000000004        8395.3940092079520     
   3.5035300000000005        8395.3930212122650     
   3.5035400000000001        8395.3920298503836     
   3.5035500000000002        8395.3910351856721     
   3.5035600000000002        8395.3900372359512     
   3.5035700000000003        8395.3890362372440     
   3.5035800000000004        8395.3880320245098     
   3.5035900000000004        8395.3870246060978     
   3.5036000000000005        8395.3860138836026     
   3.5036100000000001        8395.3850000038274     
   3.5036200000000002        8395.3839829684384     
   3.5036300000000002        8395.3829627206251     
   3.5036400000000003        8395.3819394173315     
   3.5036500000000004        8395.3809129045876     
   3.5036600000000004        8395.3798829945681     
   3.5036700000000005        8395.3788499190141     
   3.5036800000000001        8395.3778133880860     
   3.5036900000000002        8395.3767736375084     
   3.5037000000000003        8395.3757304685223     
   3.5037100000000003        8395.3746843200297     
   3.5037200000000004        8395.3736348943694     
   3.5037300000000005        8395.3725823952791     
   3.5037400000000001        8395.3715267005555     
   3.5037500000000001        8395.3704680776882     
   3.5037600000000002        8395.3694063149924     
   3.5037700000000003        8395.3683415949181     
   3.5037800000000003        8395.3672737149591     
   3.5037900000000004        8395.3662029829411     
   3.5038000000000005        8395.3651290387334     
   3.5038100000000001        8395.3640520930621     
   3.5038200000000002        8395.3629721099023     
   3.5038300000000002        8395.3618892185968     
   3.5038400000000003        8395.3608033370292     
   3.5038500000000004        8395.3597145812364     
   3.5038600000000004        8395.3586226872412     
   3.5038700000000005        8395.3575280535279     
   3.5038800000000001        8395.3564302591603     
   3.5038900000000002        8395.3553296261107     
   3.5039000000000002        8395.3542258365105     
   3.5039100000000003        8395.3531192861483     
   3.5039200000000004        8395.3520096176289     
   3.5039300000000004        8395.3508969726736     
   3.5039400000000005        8395.3497814597977     
   3.5039500000000001        8395.3486630838815     
   3.5039600000000002        8395.3475417340633     
   3.5039700000000003        8395.3464176104626     
   3.5039800000000003        8395.3452905293088     
   3.5039900000000004        8395.3441605183270     
   3.5040000000000004        8395.3430274765342     
   3.5040100000000001        8395.3418916914870     
   3.5040200000000001        8395.3407529531596     
   3.5040300000000002        8395.3396113816689     
   3.5040400000000003        8395.3384667378705     
   3.5040500000000003        8395.3373191330938     
   3.5040600000000004        8395.3361686721109     
   3.5040700000000005        8395.3350153615720     
   3.5040800000000001        8395.3338590906551     
   3.5040900000000001        8395.3326999274068     
   3.5041000000000002        8395.3315374711874     
   3.5041100000000003        8395.3303721589873     
   3.5041200000000003        8395.3292037220199     
   3.5041300000000004        8395.3280324281623     
   3.5041400000000005        8395.3268581177181     
   3.5041500000000001        8395.3256810178882     
   3.5041600000000002        8395.3245006639117     
   3.5041700000000002        8395.3233174958023     
   3.5041800000000003        8395.3221312440819     
   3.5041900000000004        8395.3209419840605     
   3.5042000000000004        8395.3197495336171     
   3.5042100000000005        8395.3185543535274     
   3.5042200000000001        8395.3173558297476     
   3.5042300000000002        8395.3161546036226     
   3.5042400000000002        8395.3149500406962     
   3.5042500000000003        8395.3137426406774     
   3.5042600000000004        8395.3125320774707     
   3.5042700000000004        8395.3113185929724     
   3.5042800000000005        8395.3101019088135     
   3.5042900000000001        8395.3088821990859     
   3.5043000000000002        8395.3076595799193     
   3.5043100000000003        8395.3064341586032     
   3.5043200000000003        8395.3052058812264     
   3.5043300000000004        8395.3039747299372     
   3.5043400000000005        8395.3027406843812     
   3.5043500000000001        8395.3015037845744     
   3.5043600000000001        8395.3002638628823     
   3.5043700000000002        8395.2990213085504     
   3.5043800000000003        8395.2977758691704     
   3.5043900000000003        8395.2965276299801     
   3.5044000000000004        8395.2952765888931     
   3.5044100000000005        8395.2940227020081     
   3.5044200000000001        8395.2927660912246     
   3.5044300000000002        8395.2915066049318     
   3.5044400000000002        8395.2902442985960     
   3.5044500000000003        8395.2889791113539     
   3.5044600000000004        8395.2877110849240     
   3.5044700000000004        8395.2864399945101     
   3.5044800000000005        8395.2851661187142     
   3.5044900000000001        8395.2838892013660     
   3.5045000000000002        8395.2826096390654     
   3.5045100000000002        8395.2813269618036     
   3.5045200000000003        8395.2800417296585     
   3.5045300000000004        8395.2787534663476     
   3.5045400000000004        8395.2774625077855     
   3.5045500000000005        8395.2761685285604     
   3.5045600000000001        8395.2748717644463     
   3.5045700000000002        8395.2735720216006     
   3.5045800000000003        8395.2722695445627     
   3.5045900000000003        8395.2709639981495     
   3.5046000000000004        8395.2696558582247     
   3.5046100000000004        8395.2683447355103     
   3.5046200000000001        8395.2670311853763     
   3.5046300000000001        8395.2657146410347     
   3.5046400000000002        8395.2643955625208     
   3.5046500000000003        8395.2630733230326     
   3.5046600000000003        8395.2617487785574     
   3.5046700000000004        8395.2604211358794     
   3.5046800000000005        8395.2590911633160     
   3.5046900000000001        8395.2577580994475     
   3.5047000000000001        8395.2564225227452     
   3.5047100000000002        8395.2550839901542     
   3.5047200000000003        8395.2537430055727     
   3.5047300000000003        8395.2523991012422     
   3.5047400000000004        8395.2510526997521     
   3.5047500000000005        8395.2497034436583     
   3.5047600000000001        8395.2483514855521     
   3.5047700000000002        8395.2469967673205     
   3.5047800000000002        8395.2456392578697     
   3.5047900000000003        8395.2442789433953     
   3.5048000000000004        8395.2429158282084     
   3.5048100000000004        8395.2415499390918     
   3.5048200000000005        8395.2401811619129     
   3.5048300000000001        8395.2388096387149     
   3.5048400000000002        8395.2374351680282     
   3.5048500000000002        8395.2360580037221     
   3.5048600000000003        8395.2346778691117     
   3.5048700000000004        8395.2332948592339     
   3.5048800000000004        8395.2319089819175     
   3.5048900000000005        8395.2305203073975     
   3.5049000000000001        8395.2291289056211     
   3.5049100000000002        8395.2277347188337     
   3.5049200000000003        8395.2263377152212     
   3.5049300000000003        8395.2249379892546     
   3.5049400000000004        8395.2235353738379     
   3.5049500000000005        8395.2221298823770     
   3.5049600000000001        8395.2207215068229     
   3.5049700000000001        8395.2193102338570     
   3.5049800000000002        8395.2178964581708     
   3.5049900000000003        8395.2164797703463     
   3.5050000000000003        8395.2150607122512     
   3.5050100000000004        8395.2136387904939     
   3.5050200000000005        8395.2122142002809     
   3.5050300000000001        8395.2107867094310     
   3.5050400000000002        8395.2093568550426     
   3.5050500000000002        8395.2079240806215     
   3.5050600000000003        8395.2064889122757     
   3.5050700000000004        8395.2050508282773     
   3.5050800000000004        8395.2036101442663     
   3.5050900000000005        8395.2021664511467     
   3.5051000000000001        8395.2007203874819     
   3.5051100000000002        8395.1992713327418     
   3.5051200000000002        8395.1978200491449     
   3.5051300000000003        8395.1963657468023     
   3.5051400000000004        8395.1949090971484     
   3.5051500000000004        8395.1934495732712     
   3.5051600000000005        8395.1919876392894     
   3.5051700000000001        8395.1905229880558     
   3.5051800000000002        8395.1890559403237     
   3.5051900000000002        8395.1875859657339     
   3.5052000000000003        8395.1861135945346     
   3.5052100000000004        8395.1846383639677     
   3.5052200000000004        8395.1831606744327     
   3.5052300000000001        8395.1816798837062     
   3.5052400000000001        8395.1801968314303     
   3.5052500000000002        8395.1787105774947     
   3.5052600000000003        8395.1772219512604     
   3.5052700000000003        8395.1757300898371     
   3.5052800000000004        8395.1742357640305     
   3.5052900000000005        8395.1727382093286     
   3.5053000000000001        8395.1712380786084     
   3.5053100000000001        8395.1697347781956     
   3.5053200000000002        8395.1682287844651     
   3.5053300000000003        8395.1667194923866     
   3.5053400000000003        8395.1652077125509     
   3.5053500000000004        8395.1636929355227     
   3.5053600000000005        8395.1621755125161     
   3.5053700000000001        8395.1606549943317     
   3.5053800000000002        8395.1591316590075     
   3.5053900000000002        8395.1576053749286     
   3.5054000000000003        8395.1560765317718     
   3.5054100000000004        8395.1545447247809     
   3.5054200000000004        8395.1530105253423     
   3.5054300000000005        8395.1514732447777     
   3.5054400000000001        8395.1499334246710     
   3.5054500000000002        8395.1483907051388     
   3.5054600000000002        8395.1468456567127     
   3.5054700000000003        8395.1452975132979     
   3.5054800000000004        8395.1437472747566     
   3.5054900000000004        8395.1421940103537     
   3.5055000000000005        8395.1406383233352     
   3.5055100000000001        8395.1390796153373     
   3.5055200000000002        8395.1375185431079     
   3.5055300000000003        8395.1359545559390     
   3.5055400000000003        8395.1343882657093     
   3.5055500000000004        8395.1328187964955     
   3.5055600000000005        8395.1312470782559     
   3.5055700000000001        8395.1296722275620     
   3.5055800000000001        8395.1280953478727     
   3.5055900000000002        8395.1265152640117     
   3.5056000000000003        8395.1249327621481     
   3.5056100000000003        8395.1233471120922     
   3.5056200000000004        8395.1217591134809     
   3.5056300000000005        8395.1201680844097     
   3.5056400000000001        8395.1185746124302     
   3.5056500000000002        8395.1169783971909     
   3.5056600000000002        8395.1153797773586     
   3.5056700000000003        8395.1137781795187     
   3.5056800000000004        8395.1121743190761     
   3.5056900000000004        8395.1105676257230     
   3.5057000000000005        8395.1089587443312     
   3.5057100000000001        8395.1073470560495     
   3.5057200000000002        8395.1057330599342     
   3.5057300000000002        8395.1041164584749     
   3.5057400000000003        8395.1024978648638     
   3.5057500000000004        8395.1008764661165     
   3.5057600000000004        8395.0992529352134     
   3.5057700000000005        8395.0976267210317     
   3.5057800000000001        8395.0959983025459     
   3.5057900000000002        8395.0943669456665     
   3.5058000000000002        8395.0927338229612     
   3.5058100000000003        8395.0910977841595     
   3.5058200000000004        8395.0894596428025     
   3.5058300000000004        8395.0878187729650     
   3.5058400000000001        8395.0861761034321     
   3.5058500000000001        8395.0845306057327     
   3.5058600000000002        8395.0828832839870     
   3.5058700000000003        8395.0812333348604     
   3.5058800000000003        8395.0795816481295     
   3.5058900000000004        8395.0779274930592     
   3.5059000000000005        8395.0762713667882     
   3.5059100000000001        8395.0746127775692     
   3.5059200000000001        8395.0729522690890     
   3.5059300000000002        8395.0712893460386     
   3.5059400000000003        8395.0696248666591     
   3.5059500000000003        8395.0679578743093     
   3.5059600000000004        8395.0662889571522     
   3.5059700000000005        8395.0646175176189     
   3.5059800000000001        8395.0629441951442     
   3.5059900000000002        8395.0612683718446     
   3.5060000000000002        8395.0595906012059     
   3.5060100000000003        8395.0579103325908     
   3.5060200000000004        8395.0562282715073     
   3.5060300000000004        8395.0545435643362     
   3.5060400000000005        8395.0528568868449     
   3.5060500000000001        8395.0511676032620     
   3.5060600000000002        8395.0494764727391     
   3.5060700000000002        8395.0477826289134     
   3.5060800000000003        8395.0460869499420     
   3.5060900000000004        8395.0443886387020     
   3.5061000000000004        8395.0426885065499     
   3.5061100000000005        8395.0409859100801     
   3.5061200000000001        8395.0392812804857     
   3.5061300000000002        8395.0375740706131     
   3.5061400000000003        8395.0358647337980     
   3.5061500000000003        8395.0341527416367     
   3.5061600000000004        8395.0324387924848     
   3.5061700000000005        8395.0307221997555     
   3.5061800000000001        8395.0290032535413     
   3.5061900000000001        8395.0272818875728     
   3.5062000000000002        8395.0255584162005     
   3.5062100000000003        8395.0238323345984     
   3.5062200000000003        8395.0221040408778     
   3.5062300000000004        8395.0203729612058     
   3.5062400000000005        8395.0186396543268     
   3.5062500000000001        8395.0169038812692     
   3.5062600000000002        8395.0151658537834     
   3.5062700000000002        8395.0134254189215     
   3.5062800000000003        8395.0116827760721     
   3.5062900000000004        8395.0099377046845     
   3.5063000000000004        8395.0081903582122     
   3.5063100000000005        8395.0064403805936     
   3.5063200000000001        8395.0046880858554     
   3.5063300000000002        8395.0029332902941     
   3.5063400000000002        8395.0011760775815     
   3.5063500000000003        8394.9994164792897     
   3.5063600000000004        8394.9976546657763     
   3.5063700000000004        8394.9958905906478     
   3.5063800000000005        8394.9941242632594     
   3.5063900000000001        8394.9923555435598     
   3.5064000000000002        8394.9905847077607     
   3.5064100000000002        8394.9888115937520     
   3.5064200000000003        8394.9870364609160     
   3.5064300000000004        8394.9852588597896     
   3.5064400000000004        8394.9834794753369     
   3.5064500000000001        8394.9816977045521     
   3.5064600000000001        8394.9799138688995     
   3.5064700000000002        8394.9781276687936     
   3.5064800000000003        8394.9763394583479     
   3.5064900000000003        8394.9745488319277     
   3.5065000000000004        8394.9727563879769     
   3.5065100000000005        8394.9709615219781     
   3.5065200000000001        8394.9691650077384     
   3.5065300000000001        8394.9673660198987     
   3.5065400000000002        8394.9655654673879     
   3.5065500000000003        8394.9637623252966     
   3.5065600000000003        8394.9619576775440     
   3.5065700000000004        8394.9601504332586     
   3.5065800000000005        8394.9583415635097     
   3.5065900000000001        8394.9565300354025     
   3.5066000000000002        8394.9547167385681     
   3.5066100000000002        8394.9529007296933     
   3.5066200000000003        8394.9510829574738     
   3.5066300000000004        8394.9492627536438     
   3.5066400000000004        8394.9474407470007     
   3.5066500000000005        8394.9456164170988     
   3.5066600000000001        8394.9437903093713     
   3.5066700000000002        8394.9419618368611     
   3.5066800000000002        8394.9401315038249     
   3.5066900000000003        8394.9382987854351     
   3.5067000000000004        8394.9364641021930     
   3.5067100000000004        8394.9346271791346     
   3.5067200000000005        8394.9327884815702     
   3.5067300000000001        8394.9309476013095     
   3.5067400000000002        8394.9291050680604     
   3.5067500000000003        8394.9272602430137     
   3.5067600000000003        8394.9254134773928     
   3.5067700000000004        8394.9235646255347     
   3.5067800000000005        8394.9217138062413     
   3.5067900000000001        8394.9198608817060     
   3.5068000000000001        8394.9180064864704     
   3.5068100000000002        8394.9161499719976     
   3.5068200000000003        8394.9142921184448     
   3.5068300000000003        8394.9124320906849     
   3.5068400000000004        8394.9105703019977     
   3.5068500000000005        8394.9087067786495     
   3.5068600000000001        8394.9068414647809     
   3.5068700000000002        8394.9049741288818     
   3.5068800000000002        8394.9031050268586     
   3.5068900000000003        8394.9012339903984     
   3.5069000000000004        8394.8993611213264     
   3.5069100000000004        8394.8974862308278     
   3.5069200000000005        8394.8956096226448     
   3.5069300000000001        8394.8937309131052     
   3.5069400000000002        8394.8918504218109     
   3.5069500000000002        8394.8899676764795     
   3.5069600000000003        8394.8880832925588     
   3.5069700000000004        8394.8861970020662     
   3.5069800000000004        8394.8843091074468     
   3.5069900000000005        8394.8824190177183     
   3.5070000000000001        8394.8805272060345     
   3.5070100000000002        8394.8786333528096     
   3.5070200000000002        8394.8767379342735     
   3.5070300000000003        8394.8748404913349     
   3.5070400000000004        8394.8729414008885     
   3.5070500000000004        8394.8710403071273     
   3.5070600000000001        8394.8691376436072     
   3.5070700000000001        8394.8672327632339     
   3.5070800000000002        8394.8653262956796     
   3.5070900000000003        8394.8634177768417     
   3.5071000000000003        8394.8615077556860     
   3.5071100000000004        8394.8595954088523     
   3.5071200000000005        8394.8576818817128     
   3.5071300000000001        8394.8557662616513     
   3.5071400000000001        8394.8538494443601     
   3.5071500000000002        8394.8519306571961     
   3.5071600000000003        8394.8500104672148     
   3.5071700000000003        8394.8480885350400     
   3.5071800000000004        8394.8461656505151     
   3.5071900000000005        8394.8442411975448     
   3.5072000000000001        8394.8423152384948     
   3.5072100000000002        8394.8403875601853     
   3.5072200000000002        8394.8384585413514     
   3.5072300000000003        8394.8365280426951     
   3.5072400000000004        8394.8345958380451     
   3.5072500000000004        8394.8326621618817     
   3.5072600000000005        8394.8307267128130     
   3.5072700000000001        8394.8287897387381     
   3.5072800000000002        8394.8268509014088     
   3.5072900000000002        8394.8249102809787     
   3.5073000000000003        8394.8229679097803     
   3.5073100000000004        8394.8210240784902     
   3.5073200000000004        8394.8190786044197     
   3.5073300000000005        8394.8171314641695     
   3.5073400000000001        8394.8151823464104     
   3.5073500000000002        8394.8132316175015     
   3.5073600000000003        8394.8112792613028     
   3.5073700000000003        8394.8093255639615     
   3.5073800000000004        8394.8073699781125     
   3.5073900000000005        8394.8054128568365     
   3.5074000000000001        8394.8034540910267     
   3.5074100000000001        8394.8014938444339     
   3.5074200000000002        8394.7995319522706     
   3.5074300000000003        8394.7975686925220     
   3.5074400000000003        8394.7956035995703     
   3.5074500000000004        8394.7936369311101     
   3.5074600000000005        8394.7916683794083     
   3.5074700000000001        8394.7896982318453     
   3.5074800000000002        8394.7877262898292     
   3.5074900000000002        8394.7857530490928     
   3.5075000000000003        8394.7837779520087     
   3.5075100000000003        8394.7818011498202     
   3.5075200000000004        8394.7798227251424     
   3.5075300000000005        8394.7778425843881     
   3.5075400000000001        8394.7758608426338     
   3.5075500000000002        8394.7738773791061     
   3.5075600000000002        8394.7718921414289     
   3.5075700000000003        8394.7699051533455     
   3.5075800000000004        8394.7679164126766     
   3.5075900000000004        8394.7659258333442     
   3.5076000000000005        8394.7639335897620     
   3.5076100000000001        8394.7619395800484     
   3.5076200000000002        8394.7599438321031     
   3.5076300000000002        8394.7579461671721     
   3.5076400000000003        8394.7559468800137     
   3.5076500000000004        8394.7539456461436     
   3.5076600000000004        8394.7519429314143     
   3.5076700000000001        8394.7499385638821     
   3.5076800000000001        8394.7479324296510     
   3.5076900000000002        8394.7459243767371     
   3.5077000000000003        8394.7439145027129     
   3.5077100000000003        8394.7419024261653     
   3.5077200000000004        8394.7398885336224     
   3.5077300000000005        8394.7378728231943     
   3.5077400000000001        8394.7358552282531     
   3.5077500000000001        8394.7338355384672     
   3.5077600000000002        8394.7318140709413     
   3.5077700000000003        8394.7297906573403     
   3.5077800000000003        8394.7277652765915     
   3.5077900000000004        8394.7257382405787     
   3.5078000000000005        8394.7237092422474     
   3.5078100000000001        8394.7216786466597     
   3.5078200000000002        8394.7196461353269     
   3.5078300000000002        8394.7176120987951     
   3.5078400000000003        8394.7155761925314     
   3.5078500000000004        8394.7135385097299     
   3.5078600000000004        8394.7114992429033     
   3.5078700000000005        8394.7094583082380     
   3.5078800000000001        8394.7074159742479     
   3.5078900000000002        8394.7053719462310     
   3.5079000000000002        8394.7033263202957     
   3.5079100000000003        8394.7012790179469     
   3.5079200000000004        8394.6992302681538     
   3.5079300000000004        8394.6971797464030     
   3.5079400000000005        8394.6951281508173     
   3.5079500000000001        8394.6930747227816     
   3.5079600000000002        8394.6910200416296     
   3.5079700000000003        8394.6889641476573     
   3.5079800000000003        8394.6869068214000     
   3.5079900000000004        8394.6848483360118     
   3.5080000000000005        8394.6827887924883     
   3.5080100000000001        8394.6807279982168     
   3.5080200000000001        8394.6786661894512     
   3.5080300000000002        8394.6766032144733     
   3.5080400000000003        8394.6745389521220     
   3.5080500000000003        8394.6724737591485     
   3.5080600000000004        8394.6704077723170     
   3.5080700000000005        8394.6683410358382     
   3.5080800000000001        8394.6662732584336     
   3.5080900000000002        8394.6642045116769     
   3.5081000000000002        8394.6621342075450     
   3.5081100000000003        8394.6600631711935     
   3.5081200000000003        8394.6579909057909     
   3.5081300000000004        8394.6559180335571     
   3.5081400000000005        8394.6538433712485     
   3.5081500000000001        8394.6517682243339     
   3.5081600000000002        8394.6496910471087     
   3.5081700000000002        8394.6476130085612     
   3.5081800000000003        8394.6455325127044     
   3.5081900000000004        8394.6434513314052     
   3.5082000000000004        8394.6413679422531     
   3.5082100000000005        8394.6392839606178     
   3.5082200000000001        8394.6371975631846     
   3.5082300000000002        8394.6351106518978     
   3.5082400000000002        8394.6330212966586     
   3.5082500000000003        8394.6309313103502     
   3.5082600000000004        8394.6288388060038     
   3.5082700000000004        8394.6267457016693     
   3.5082800000000001        8394.6246504616429     
   3.5082900000000001        8394.6225545817870     
   3.5083000000000002        8394.6204567185305     
   3.5083100000000003        8394.6183579818935     
   3.5083200000000003        8394.6162573827733     
   3.5083300000000004        8394.6141562365046     
   3.5083400000000005        8394.6120531307606     
   3.5083500000000001        8394.6099492745270     
   3.5083600000000001        8394.6078434337596     
   3.5083700000000002        8394.6057364572644     
   3.5083800000000003        8394.6036280436292     
   3.5083900000000003        8394.6015186398290     
   3.5084000000000004        8394.5994080268974     
   3.5084100000000005        8394.5972961272491     
   3.5084200000000001        8394.5951831314851     
   3.5084300000000002        8394.5930693387818     
   3.5084400000000002        8394.5909544779934     
   3.5084500000000003        8394.5888382403191     
   3.5084600000000004        8394.5867209253502     
   3.5084700000000004        8394.5846020971821     
   3.5084800000000005        8394.5824824282408     
   3.5084900000000001        8394.5803619313410     
   3.5085000000000002        8394.5782406641756     
   3.5085100000000002        8394.5761180029222     
   3.5085200000000003        8394.5739946838257     
   3.5085300000000004        8394.5718700625766     
   3.5085400000000004        8394.5697447315069     
   3.5085500000000005        8394.5676182904699     
   3.5085600000000001        8394.5654909102032     
   3.5085700000000002        8394.5633626570943     
   3.5085800000000003        8394.5612335532333     
   3.5085900000000003        8394.5591036701317     
   3.5086000000000004        8394.5569729284834     
   3.5086100000000005        8394.5548414598052     
   3.5086200000000001        8394.5527090915366     
   3.5086300000000001        8394.5505765116613     
   3.5086400000000002        8394.5484431485402     
   3.5086500000000003        8394.5463091561196     
   3.5086600000000003        8394.5441741851719     
   3.5086700000000004        8394.5420385953294     
   3.5086800000000005        8394.5399020351815     
   3.5086900000000001        8394.5377649376314     
   3.5087000000000002        8394.5356269843960     
   3.5087100000000002        8394.5334883309006     
   3.5087200000000003        8394.5313484370508     
   3.5087300000000003        8394.5292082733031     
   3.5087400000000004        8394.5270671334929     
   3.5087500000000005        8394.5249253378643     
   3.5087600000000001        8394.5227824433714     
   3.5087700000000002        8394.5206391139654     
   3.5087800000000002        8394.5184946443442     
   3.5087900000000003        8394.5163497682643     
   3.5088000000000004        8394.5142038192207     
   3.5088100000000004        8394.5120571383468     
   3.5088200000000005        8394.5099095083442     
   3.5088300000000001        8394.5077610952212     
   3.5088400000000002        8394.5056119122764     
   3.5088500000000002        8394.5034614592878     
   3.5088600000000003        8394.5013099324478     
   3.5088700000000004        8394.4991577266919     
   3.5088800000000004        8394.4970042840760     
   3.5088900000000005        8394.4948501492690     
   3.5089000000000001        8394.4926947839685     
   3.5089100000000002        8394.4905387616363     
   3.5089200000000003        8394.4883814343702     
   3.5089300000000003        8394.4862233359981     
   3.5089400000000004        8394.4840639246522     
   3.5089500000000005        8394.4819036686768     
   3.5089600000000001        8394.4797420006780     
   3.5089700000000001        8394.4775797692564     
   3.5089800000000002        8394.4754165696286     
   3.5089900000000003        8394.4732527244578     
   3.5090000000000003        8394.4710878902770     
   3.5090100000000004        8394.4689227666004     
   3.5090200000000005        8394.4667566511980     
   3.5090300000000001        8394.4645902477605     
   3.5090400000000002        8394.4624227397126     
   3.5090500000000002        8394.4602551770840     
   3.5090600000000003        8394.4580863482515     
   3.5090700000000004        8394.4559175122849     
   3.5090800000000004        8394.4537473464788     
   3.5090900000000005        8394.4515771260703     
   3.5091000000000001        8394.4494056592084     
   3.5091100000000002        8394.4472342022527     
   3.5091200000000002        8394.4450616242866     
   3.5091300000000003        8394.4428891326770     
   3.5091400000000004        8394.4407156295292     
   3.5091500000000004        8394.4385418483089     
   3.5091600000000005        8394.4363675422410     
   3.5091700000000001        8394.4341932874177     
   3.5091800000000002        8394.4320184098979     
   3.5091900000000003        8394.4298431538100     
   3.5092000000000003        8394.4276673280638     
   3.5092100000000004        8394.4254904647769     
   3.5092200000000005        8394.4233136386483     
   3.5092300000000001        8394.4211357176409     
   3.5092400000000001        8394.4189576797380     
   3.5092500000000002        8394.4167785352947     
   3.5092600000000003        8394.4145993721449     
   3.5092700000000003        8394.4124186472436     
   3.5092800000000004        8394.4102379839715     
   3.5092900000000005        8394.4080559442609     
   3.5093000000000001        8394.4058739393186     
   3.5093100000000002        8394.4036902426942     
   3.5093200000000002        8394.4015061981499     
   3.5093300000000003        8394.3993212907953     
   3.5093400000000003        8394.3971360943124     
   3.5093500000000004        8394.3949493892815     
   3.5093600000000005        8394.3927624799289     
   3.5093700000000001        8394.3905744558851     
   3.5093800000000002        8394.3883862140483     
   3.5093900000000002        8394.3861963057643     
   3.5094000000000003        8394.3840058956466     
   3.5094100000000004        8394.3818140511394     
   3.5094200000000004        8394.3796214663689     
   3.5094300000000005        8394.3774276077766     
   3.5094400000000001        8394.3752332838903     
   3.5094500000000002        8394.3730375180075     
   3.5094600000000002        8394.3708415418714     
   3.5094700000000003        8394.3686447842101     
   3.5094800000000004        8394.3664476024114     
   3.5094900000000004        8394.3642494902633     
   3.5095000000000005        8394.3620511060653     
   3.5095100000000001        8394.3598517737864     
   3.5095200000000002        8394.3576523096399     
   3.5095300000000003        8394.3554521439655     
   3.5095400000000003        8394.3532514746585     
   3.5095500000000004        8394.3510504826536     
   3.5095600000000005        8394.3488489187021     
   3.5095700000000001        8394.3466466619338     
   3.5095800000000001        8394.3444436375703     
   3.5095900000000002        8394.3422401856133     
   3.5096000000000003        8394.3400363786313     
   3.5096100000000003        8394.3378321334640     
   3.5096200000000004        8394.3356274461730     
   3.5096300000000005        8394.3334224290793     
   3.5096400000000001        8394.3312166151809     
   3.5096500000000002        8394.3290108303045     
   3.5096600000000002        8394.3268042624895     
   3.5096700000000003        8394.3245977711740     
   3.5096800000000004        8394.3223908299606     
   3.5096900000000004        8394.3201840693364     
   3.5097000000000005        8394.3179766719022     
   3.5097100000000001        8394.3157697110601     
   3.5097200000000002        8394.3135624463685     
   3.5097300000000002        8394.3113553403109     
   3.5097400000000003        8394.3091483296394     
   3.5097500000000004        8394.3069417887691     
   3.5097600000000004        8394.3047348681521     
   3.5097700000000005        8394.3025286302800     
   3.5097800000000001        8394.3003218721169     
   3.5097900000000002        8394.2981157867744     
   3.5098000000000003        8394.2959096696959     
   3.5098100000000003        8394.2937042386984     
   3.5098200000000004        8394.2914981166978     
   3.5098300000000004        8394.2892924964999     
   3.5098400000000001        8394.2870866126341     
   3.5098500000000001        8394.2848807465070     
   3.5098600000000002        8394.2826750369513     
   3.5098700000000003        8394.2804691675319     
   3.5098800000000003        8394.2782626363060     
   3.5098900000000004        8394.2760558902664     
   3.5099000000000005        8394.2738494810255     
   3.5099100000000001        8394.2716427949235     
   3.5099200000000002        8394.2694359147772     
   3.5099300000000002        8394.2672290351111     
   3.5099400000000003        8394.2650211655164     
   3.5099500000000003        8394.2628138582422     
   3.5099600000000004        8394.2606059756235     
   3.5099700000000005        8394.2583981158914     
   3.5099800000000001        8394.2561896774896     
   3.5099900000000002        8394.2539813784642     
   3.5100000000000002        8394.2517725305242     
