   3.0000000000000004       0.94234295557793513     
   3.0010000000000003        1.0476449828885317     
   3.0020000000000002        1.0527437860265096     
   3.0030000000000001        1.2669773136799904     
   3.0040000000000004        1.0729952931793887     
   3.0050000000000003        1.2606648878633262     
   3.0060000000000002       0.83384135186310315     
   3.0070000000000001       0.72030257974271272     
   3.0080000000000005       0.40415137134470364     
   3.0090000000000003       0.30226937349737482     
   3.0100000000000002       0.23479227539929140     
   3.0110000000000001       0.12923031789687711     
   3.0120000000000005        6.4819417346256250E-002
   3.0130000000000003        4.1913585631657382E-002
   3.0140000000000002        2.6228912009013051E-002
   3.0150000000000001        1.6081053215721806E-002
   3.0160000000000005        1.3532194929808148E-002
   3.0170000000000003        1.3511568018559865E-002
   3.0180000000000002        1.4310450328258487E-002
   3.0190000000000001        1.7931771225018611E-002
   3.0200000000000005        2.2360439196857280E-002
   3.0210000000000004        2.4488982173547579E-002
   3.0220000000000002        3.6064126768217443E-002
   3.0230000000000001        4.8711938379929855E-002
   3.0240000000000005        6.8731729685288068E-002
   3.0250000000000004       0.10286356096465590     
   3.0260000000000002       0.14115365292185328     
   3.0270000000000001       0.19378877041414422     
   3.0280000000000005       0.22521491916352113     
   3.0290000000000004       0.32466112102888950     
   3.0300000000000002       0.34355532962083957     
   3.0310000000000001       0.46978571844956496     
   3.0320000000000000       0.53640160866970965     
   3.0330000000000004       0.58619181823509070     
   3.0340000000000003       0.69482642363045910     
   3.0350000000000001       0.78994053477469572     
   3.0360000000000000       0.85177343129801963     
   3.0370000000000004       0.73593810179346164     
   3.0380000000000003       0.86858943205064276     
   3.0390000000000001       0.80521011665521891     
   3.0400000000000000       0.73305779981402786     
   3.0410000000000004       0.64548462724950117     
   3.0420000000000003       0.47749449757007179     
   3.0430000000000001       0.41858885158127634     
   3.0440000000000000       0.29494254780656221     
   3.0450000000000004       0.22794215102113596     
   3.0460000000000003       0.16585210504948342     
   3.0470000000000002       0.10676836659877265     
   3.0480000000000000        6.5280491542929198E-002
   3.0490000000000004        5.1073632749504612E-002
   3.0500000000000003        3.6908657911249844E-002
   3.0510000000000002        2.8491956775750966E-002
   3.0520000000000000        3.1908685884288288E-002
   3.0530000000000004        3.4308683616999409E-002
   3.0540000000000003        2.9374459477498404E-002
   3.0550000000000002        4.6352833059426717E-002
   3.0560000000000000        5.1471036689927384E-002
   3.0570000000000004        7.5751619857281141E-002
   3.0580000000000003        8.4343692204761095E-002
   3.0590000000000002       0.11344607797275785     
   3.0600000000000001       0.15421401662701062     
   3.0610000000000004       0.20309379106229447     
   3.0620000000000003       0.23693947480416225     
   3.0630000000000002       0.30835793141812345     
   3.0640000000000001       0.39696011730324288     
   3.0650000000000004       0.47443483851565438     
   3.0660000000000003       0.52731175887455062     
   3.0670000000000002       0.61972839094660270     
   3.0680000000000001       0.64483703547598548     
   3.0690000000000004       0.70000323380718965     
   3.0700000000000003       0.66191101825119691     
   3.0710000000000002       0.71090062327138526     
   3.0720000000000001       0.65241250287373720     
   3.0730000000000004       0.54418270835810700     
   3.0740000000000003       0.54753615381579890     
   3.0750000000000002       0.52328744769417068     
   3.0760000000000001       0.43647934613712386     
   3.0770000000000004       0.30683114610044038     
   3.0780000000000003       0.20074825699959054     
   3.0790000000000002       0.15052618758284372     
   3.0800000000000001       0.11207270055975888     
   3.0810000000000004        7.9023631898858235E-002
   3.0820000000000003        6.2367128008862183E-002
   3.0830000000000002        5.2258724210768326E-002
   3.0840000000000001        4.6569983586330251E-002
   3.0850000000000004        5.4013216289844949E-002
   3.0860000000000003        5.6445036503988022E-002
   3.0870000000000002        6.3964619335071068E-002
   3.0880000000000001        8.2066471413210426E-002
   3.0890000000000004       0.10069482299830770     
   3.0900000000000003       0.10152377998808090     
   3.0910000000000002       0.14843730090648288     
   3.0920000000000001       0.19190075776807913     
   3.0930000000000004       0.21036241280770862     
   3.0940000000000003       0.22172660524056578     
   3.0950000000000002       0.27360462434012633     
   3.0960000000000001       0.33463839731959394     
   3.0970000000000004       0.36883208666746842     
   3.0980000000000003       0.44609872593075606     
   3.0990000000000002       0.51319140754918402     
   3.1000000000000001       0.57251625569356646     
   3.1010000000000004       0.53807561187387731     
   3.1020000000000003       0.61812520737106491     
   3.1030000000000002       0.59181356617378944     
   3.1040000000000001       0.59847968228580395     
   3.1050000000000004       0.58645118866122636     
   3.1060000000000003       0.50915911217017729     
   3.1070000000000002       0.41215993857689864     
   3.1080000000000001       0.36064397340926180     
   3.1090000000000004       0.27884134454625092     
   3.1100000000000003       0.23183849937420942     
   3.1110000000000002       0.18090234625970492     
   3.1120000000000001       0.14229546263158380     
   3.1130000000000004       0.11531535090413764     
   3.1140000000000003        9.4605725285689210E-002
   3.1150000000000002        8.5165228234432663E-002
   3.1160000000000001        7.7085064255623101E-002
   3.1170000000000004        7.5877301119276763E-002
   3.1180000000000003        9.3522108642457177E-002
   3.1190000000000002        9.0032353604649271E-002
   3.1200000000000001       0.10765112810960188     
   3.1210000000000004       0.11130599606671561     
   3.1220000000000003       0.14695315787861804     
   3.1230000000000002       0.13832671025566060     
   3.1240000000000001       0.18855144121034742     
   3.1250000000000004       0.20676841796445181     
   3.1260000000000003       0.22167086468647534     
   3.1270000000000002       0.27383206019870709     
   3.1280000000000001       0.28182301223659106     
   3.1290000000000004       0.33230670824395980     
   3.1300000000000003       0.35630360819378099     
   3.1310000000000002       0.42660130654737627     
   3.1320000000000001       0.44706740267274209     
   3.1330000000000005       0.46723108125351587     
   3.1340000000000003       0.42672990793409676     
   3.1350000000000002       0.45943431178612099     
   3.1360000000000001       0.48037176815033544     
   3.1370000000000005       0.44940786307841779     
   3.1380000000000003       0.39348035353180161     
   3.1390000000000002       0.37011006698247489     
   3.1400000000000001       0.32634235797657823     
   3.1410000000000005       0.28998437721041764     
   3.1420000000000003       0.26682442871635714     
   3.1430000000000002       0.25316366880786290     
   3.1440000000000001       0.21081738607480374     
   3.1450000000000005       0.19367715236094427     
   3.1460000000000004       0.14978385771001129     
   3.1470000000000002       0.13213065350750267     
   3.1480000000000001       0.13341018232392640     
   3.1490000000000005       0.11959378458341900     
   3.1500000000000004       0.12279006831467629     
   3.1510000000000002       0.10756018443534895     
   3.1520000000000001       0.11476107306885741     
   3.1530000000000005       0.12711012104576638     
   3.1540000000000004       0.13130082864148573     
   3.1550000000000002       0.15111458460305613     
   3.1560000000000001       0.16614143343471682     
   3.1570000000000005       0.18050189542486483     
   3.1580000000000004       0.18864031955686444     
   3.1590000000000003       0.21432120648407141     
   3.1600000000000001       0.25203066114929185     
   3.1610000000000005       0.31123929859995281     
   3.1620000000000004       0.36145321515176748     
   3.1630000000000003       0.34881774473669935     
   3.1640000000000001       0.37115847168905669     
   3.1650000000000005       0.41524465319312670     
   3.1660000000000004       0.39223727656362622     
   3.1670000000000003       0.41008555095525084     
   3.1680000000000001       0.41774210926574723     
   3.1690000000000000       0.42799498612694298     
   3.1700000000000004       0.38695932441856518     
   3.1710000000000003       0.37569962834874504     
   3.1720000000000002       0.31908810394992509     
   3.1730000000000000       0.34983439242907050     
   3.1740000000000004       0.24193041702829499     
   3.1750000000000003       0.24592060174068450     
   3.1760000000000002       0.19413194595839639     
   3.1770000000000000       0.16050815843594393     
   3.1780000000000004       0.11249547917851715     
   3.1790000000000003       0.11489079237205349     
   3.1800000000000002       0.10116767189553648     
   3.1810000000000000        9.9615468671761437E-002
   3.1820000000000004        9.2560195266327555E-002
   3.1830000000000003        9.0565298782786990E-002
   3.1840000000000002        9.1310466791566375E-002
   3.1850000000000001        9.5937052128134442E-002
   3.1860000000000004       0.11340270895191033     
   3.1870000000000003       0.11939841801823182     
   3.1880000000000002       0.16481747808077082     
   3.1890000000000001       0.18290184906592419     
   3.1900000000000004       0.21259800383495495     
   3.1910000000000003       0.29978261177002735     
   3.1920000000000002       0.33615903815461762     
   3.1930000000000001       0.39916248354720824     
   3.1940000000000004       0.43685784921807347     
   3.1950000000000003       0.45536592743853654     
   3.1960000000000002       0.45621237778689933     
   3.1970000000000001       0.50703692067040373     
   3.1980000000000004       0.52227172304173419     
   3.1990000000000003       0.53821321039022729     
   3.2000000000000002       0.46149908342374496     
   3.2010000000000001       0.43555653726244586     
   3.2020000000000004       0.38793537124768079     
   3.2030000000000003       0.30597448410835471     
   3.2040000000000002       0.29731051236034844     
   3.2050000000000001       0.21177550892288013     
   3.2060000000000004       0.19190348610380256     
   3.2070000000000003       0.13670264243178859     
   3.2080000000000002       0.12209119455826641     
   3.2090000000000001        9.5156000355407305E-002
   3.2100000000000004        7.1569629495227507E-002
   3.2110000000000003        6.5419017855523259E-002
   3.2120000000000002        5.8539626959312564E-002
   3.2130000000000001        5.5753043450598651E-002
   3.2140000000000004        5.3951616489424203E-002
   3.2150000000000003        5.9448610238755695E-002
   3.2160000000000002        7.5293283632554497E-002
   3.2170000000000001        9.4144566471132549E-002
   3.2180000000000004       0.10447557321938569     
   3.2190000000000003       0.14283540008255580     
   3.2200000000000002       0.19163206197226984     
   3.2210000000000001       0.24163343490126499     
   3.2220000000000004       0.30532239840140946     
   3.2230000000000003       0.39825022041358560     
   3.2240000000000002       0.49175332345633704     
   3.2250000000000001       0.55477311395009776     
   3.2260000000000004       0.57453400411832423     
   3.2270000000000003       0.64953154263003843     
   3.2280000000000002       0.71001454335715164     
   3.2290000000000001       0.67202030537182877     
   3.2300000000000004       0.68849281341719493     
   3.2310000000000003       0.55542800643581869     
   3.2320000000000002       0.52341733401456236     
   3.2330000000000001       0.34594009746709448     
   3.2340000000000004       0.28871137780392103     
   3.2350000000000003       0.19955833591158978     
   3.2360000000000002       0.14283904836073968     
   3.2370000000000001       0.10967163158523673     
   3.2380000000000004        8.3682514045227793E-002
   3.2390000000000003        6.6591298784251032E-002
   3.2400000000000002        5.0822516140209793E-002
   3.2410000000000001        4.5597413932763092E-002
   3.2420000000000004        3.8370538766352658E-002
   3.2430000000000003        3.4121785878957041E-002
   3.2440000000000002        3.5953677451781456E-002
   3.2450000000000001        4.0980994487673894E-002
   3.2460000000000004        5.2010399819046808E-002
   3.2470000000000003        6.1678225081419527E-002
   3.2480000000000002        7.6848929679081149E-002
   3.2490000000000001       0.11097275459352263     
   3.2500000000000004       0.13056597340000922     
   3.2510000000000003       0.22659027273622989     
   3.2520000000000002       0.29731795691905882     
   3.2530000000000001       0.35216030934596088     
   3.2540000000000004       0.50067267867663590     
   3.2550000000000003       0.57945069389363935     
   3.2560000000000002       0.73502302161382316     
   3.2570000000000001       0.83370016641903300     
   3.2580000000000005       0.92879234022916801     
   3.2590000000000003       0.80431732902833797     
   3.2600000000000002       0.73737697477614372     
   3.2610000000000001       0.77494650471836535     
   3.2620000000000005       0.56345181172389580     
   3.2630000000000003       0.43754895772200308     
   3.2640000000000002       0.31973493258109992     
   3.2650000000000001       0.23395833275229072     
   3.2660000000000005       0.16905354956630272     
   3.2670000000000003       0.12065827977171152     
   3.2680000000000002        8.2911793463807004E-002
   3.2690000000000001        5.5160205665464576E-002
   3.2700000000000005        4.2197035439155463E-002
   3.2710000000000004        3.0337838161519075E-002
   3.2720000000000002        3.0004290896210411E-002
   3.2730000000000001        2.9450314036660482E-002
   3.2740000000000005        2.9438972770818972E-002
   3.2750000000000004        2.8956898721925708E-002
   3.2760000000000002        3.1256206096993956E-002
   3.2770000000000001        5.0885436440300205E-002
   3.2780000000000005        6.2396638970654887E-002
   3.2790000000000004        8.3687174455902472E-002
   3.2800000000000002       0.11722444551494957     
   3.2810000000000001       0.15440809619144805     
   3.2820000000000005       0.22163051594426708     
   3.2830000000000004       0.32021243696712182     
   3.2840000000000003       0.42287097783755079     
   3.2850000000000001       0.52360962686175028     
   3.2860000000000005       0.61452075199503031     
   3.2870000000000004       0.76136601356012612     
   3.2880000000000003       0.71512805611422248     
   3.2890000000000001       0.82763330246763167     
   3.2900000000000005       0.85068352597170704     
   3.2910000000000004       0.88631608860059841     
   3.2920000000000003       0.73786633476758745     
   3.2930000000000001       0.68790234094525859     
   3.2940000000000005       0.51835870272845685     
   3.2950000000000004       0.37277656045967300     
   3.2960000000000003       0.27059588043951327     
   3.2970000000000002       0.18942001545326048     
   3.2980000000000005       0.11881744528157599     
   3.2990000000000004        8.0189427639098448E-002
   3.3000000000000003        5.0490427986090602E-002
   3.3010000000000002        3.8993728807655906E-002
   3.3020000000000005        2.7292971898669131E-002
   3.3030000000000004        2.1724177198267206E-002
   3.3040000000000003        1.8141135126248906E-002
   3.3050000000000002        2.0188964157650230E-002
   3.3060000000000000        2.2792459752723360E-002
   3.3070000000000004        2.6971035875150290E-002
   3.3080000000000003        3.3665030566126936E-002
   3.3090000000000002        4.6971962346822674E-002
   3.3100000000000001        7.2972260302534439E-002
   3.3110000000000004        8.1328220172814852E-002
   3.3120000000000003       0.13932279720603868     
   3.3130000000000002       0.17439384241326253     
   3.3140000000000001       0.26089302215295346     
   3.3150000000000004       0.35484008906545905     
   3.3160000000000003       0.42471804179506439     
   3.3170000000000002       0.52459192585548664     
   3.3180000000000001       0.59035019377938691     
   3.3190000000000004       0.71763415600018654     
   3.3200000000000003       0.92207708147005207     
   3.3210000000000002       0.86034647659148533     
   3.3220000000000001       0.82074430286920519     
   3.3230000000000004       0.80482327248649255     
   3.3240000000000003       0.80344889980651324     
   3.3250000000000002       0.57762263153042315     
   3.3260000000000001       0.54014224500205421     
   3.3270000000000004       0.37637451179898712     
   3.3280000000000003       0.26896131994248407     
   3.3290000000000002       0.17470013252637220     
   3.3300000000000001       0.12208584516114226     
   3.3310000000000004        7.3193521227715677E-002
   3.3320000000000003        5.4443767817341324E-002
   3.3330000000000002        3.3300705746759342E-002
   3.3340000000000001        3.1187589686527867E-002
   3.3350000000000004        2.6581745309602851E-002
   3.3360000000000003        2.1770845125684661E-002
   3.3370000000000002        2.2208150192085559E-002
   3.3380000000000001        2.3597076276783497E-002
   3.3390000000000004        2.9435118762252254E-002
   3.3400000000000003        4.4488810952208926E-002
   3.3410000000000002        4.9697871381005822E-002
   3.3420000000000001        7.4324529584462770E-002
   3.3430000000000004        9.3186390625517104E-002
   3.3440000000000003       0.13140167281356835     
   3.3450000000000002       0.17975260628865575     
   3.3460000000000001       0.26875222943986926     
   3.3470000000000004       0.34550442959787564     
   3.3480000000000003       0.41834597472166879     
   3.3490000000000002       0.52398787984497441     
   3.3500000000000001       0.59778013015960707     
   3.3510000000000004       0.66325132824549493     
   3.3520000000000003       0.78735942564701078     
   3.3530000000000002       0.84115564367250029     
   3.3540000000000001       0.78596987965324450     
   3.3550000000000004       0.63590410577800094     
   3.3560000000000003       0.69491542888112368     
   3.3570000000000002       0.74847739472485075     
   3.3580000000000001       0.54880202108871889     
   3.3590000000000004       0.41561516398419301     
   3.3600000000000003       0.30848398518662712     
   3.3610000000000002       0.22534619541746631     
   3.3620000000000001       0.17614018732724390     
   3.3630000000000004       0.11586581683991218     
   3.3640000000000003        7.7179553192194855E-002
   3.3650000000000002        5.4402999011728286E-002
   3.3660000000000001        4.2857907026685862E-002
   3.3670000000000004        3.1600822271391459E-002
   3.3680000000000003        2.7934695617106379E-002
   3.3690000000000002        3.2497684215207281E-002
   3.3700000000000001        3.3413108109061528E-002
   3.3710000000000004        3.8610960092910818E-002
   3.3720000000000003        4.8971133086922705E-002
   3.3730000000000002        6.4527960904937176E-002
   3.3740000000000001       0.10262631110141809     
   3.3750000000000004       0.13797892455348815     
   3.3760000000000003       0.18466813289711587     
   3.3770000000000002       0.22880653004654605     
   3.3780000000000001       0.28134597167808412     
   3.3790000000000004       0.33890077791983919     
   3.3800000000000003       0.44374030082871668     
   3.3810000000000002       0.46360922811536059     
   3.3820000000000001       0.52929133899041947     
   3.3830000000000005       0.61314424835494497     
   3.3840000000000003       0.63353921357426524     
   3.3850000000000002       0.71356489699760128     
   3.3860000000000001       0.67059144010967275     
   3.3870000000000005       0.64546248119237581     
   3.3880000000000003       0.56536790578765317     
   3.3890000000000002       0.52765065013265555     
   3.3900000000000001       0.53379797248930649     
   3.3910000000000005       0.40558000208396167     
   3.3920000000000003       0.28593026679607941     
   3.3930000000000002       0.24175144571644061     
   3.3940000000000001       0.19235383220012536     
   3.3950000000000005       0.13216806903366202     
   3.3960000000000004        9.8234240826741884E-002
   3.3970000000000002        6.2229695303037846E-002
   3.3980000000000001        4.5547260194344498E-002
   3.3990000000000005        4.5937279977287013E-002
   3.4000000000000004        4.0860222016187671E-002
   3.4010000000000002        3.6846524669317947E-002
   3.4020000000000001        4.5929631326021958E-002
   3.4030000000000005        5.2964849668461385E-002
   3.4040000000000004        7.0771004859487327E-002
   3.4050000000000002        9.2899559536644069E-002
   3.4060000000000001       0.10534323878117761     
   3.4070000000000005       0.16361699364180179     
   3.4080000000000004       0.17778255479001270     
   3.4090000000000003       0.23033982205149420     
   3.4100000000000001       0.26616040348233910     
   3.4110000000000005       0.33354287497757373     
   3.4120000000000004       0.43461202262731358     
   3.4130000000000003       0.53264597562820815     
   3.4140000000000001       0.53273339467843694     
   3.4150000000000005       0.66487032059189055     
   3.4160000000000004       0.68805569776776798     
   3.4170000000000003       0.71808906152919805     
   3.4180000000000001       0.62296916887555431     
   3.4190000000000005       0.60313318758057544     
   3.4200000000000004       0.50044908552616441     
   3.4210000000000003       0.53004010439640614     
   3.4220000000000002       0.39094879890228962     
   3.4230000000000005       0.34229143668369449     
   3.4240000000000004       0.23115822875439893     
   3.4250000000000003       0.18700701250032203     
   3.4260000000000002       0.12709085006716037     
   3.4270000000000005        9.5039826697825208E-002
   3.4280000000000004        7.1955285803075891E-002
   3.4290000000000003        5.6722328054376762E-002
   3.4300000000000002        5.5301434919481057E-002
   3.4310000000000005        5.2801392630420149E-002
   3.4320000000000004        4.7432357051251130E-002
   3.4330000000000003        5.3449862750080131E-002
   3.4340000000000002        6.0214268590239879E-002
   3.4350000000000005        7.3171602528553495E-002
   3.4360000000000004        9.1503529640551182E-002
   3.4370000000000003       0.12073941350580288     
   3.4380000000000002       0.14578166950156682     
   3.4390000000000005       0.17087763554963284     
   3.4400000000000004       0.24587505259904077     
   3.4410000000000003       0.28092142503064793     
   3.4420000000000002       0.37850938289521424     
   3.4430000000000001       0.41580212530009092     
   3.4440000000000004       0.49635097333267808     
   3.4450000000000003       0.53228219473318050     
   3.4460000000000002       0.59786841684557812     
   3.4470000000000001       0.69687350664722547     
   3.4480000000000004       0.62356389429942871     
   3.4490000000000003       0.67972939500513296     
   3.4500000000000002       0.58197227851950506     
   3.4510000000000001       0.52709593775336239     
   3.4520000000000004       0.47372034255803680     
   3.4530000000000003       0.37756862760779697     
   3.4540000000000002       0.30286961931599271     
   3.4550000000000001       0.22828203574001207     
   3.4560000000000004       0.16670732319353188     
   3.4570000000000003       0.11133202599497795     
   3.4580000000000002        8.5987028609131183E-002
   3.4590000000000001        7.2085502362740042E-002
   3.4600000000000004        6.3353575070983062E-002
   3.4610000000000003        5.9797887889546035E-002
   3.4620000000000002        6.0277529384322223E-002
   3.4630000000000001        6.4452221178073477E-002
   3.4640000000000004        6.2766998079626532E-002
   3.4650000000000003        8.0856020917828814E-002
   3.4660000000000002        8.4422966719274239E-002
   3.4670000000000001        9.8132161623208092E-002
   3.4680000000000004       0.11371459840229531     
   3.4690000000000003       0.15127722954809550     
   3.4700000000000002       0.20230871337868953     
   3.4710000000000001       0.23224150798841867     
   3.4720000000000004       0.28120323588298007     
   3.4730000000000003       0.33536787768305926     
   3.4740000000000002       0.45777221346833530     
   3.4750000000000001       0.45479945268518973     
   3.4760000000000004       0.52512231751008798     
   3.4770000000000003       0.61919557734096498     
   3.4780000000000002       0.68493961309312101     
   3.4790000000000001       0.63702997425392027     
   3.4800000000000004       0.61495999187489403     
   3.4810000000000003       0.64579516591675856     
   3.4820000000000002       0.49076380724768592     
   3.4830000000000001       0.44010137707987601     
   3.4840000000000004       0.35994413696185656     
   3.4850000000000003       0.31421906188783061     
   3.4860000000000002       0.21484456788482717     
   3.4870000000000001       0.15990874062608454     
   3.4880000000000004       0.12948774398001051     
   3.4890000000000003       0.10771087814969173     
   3.4900000000000002        8.4943738971017188E-002
   3.4910000000000001        7.3749719452067153E-002
   3.4920000000000004        6.7319065901269626E-002
   3.4930000000000003        6.3893960277265266E-002
   3.4940000000000002        6.2634360147751839E-002
   3.4950000000000001        6.2400109448751857E-002
   3.4960000000000004        7.1958075857286030E-002
   3.4970000000000003        6.8018060997846380E-002
   3.4980000000000002        7.1688817083371326E-002
   3.4990000000000001        9.3956355336803812E-002
   3.5000000000000004       0.11459754204194086     
   3.0000000000000004       0.12957722647565581     
   3.0010000000000003       0.15275012002004054     
   3.0020000000000002       0.18241016203604496     
   3.0030000000000001       0.25336486697189298     
   3.0040000000000004       0.29078982800117303     
   3.0050000000000003       0.37082719980554479     
   3.0060000000000002       0.45884641811136240     
   3.0070000000000001       0.60348673650614659     
   3.0080000000000005       0.58689673312772750     
   3.0090000000000003       0.61475117269724144     
   3.0100000000000002       0.72130119941348048     
   3.0110000000000001       0.73430325425658194     
   3.0120000000000005       0.64903282658806005     
   3.0130000000000003       0.62096228248063901     
   3.0140000000000002       0.53069516501355729     
   3.0150000000000001       0.40807978644418352     
   3.0160000000000005       0.28435411087132989     
   3.0170000000000003       0.27904776193481490     
   3.0180000000000002       0.20833690048456580     
   3.0190000000000001       0.14384576567120519     
   3.0200000000000005       0.11085609487769903     
   3.0210000000000004        8.3758849627281556E-002
   3.0220000000000002        6.5090792078965454E-002
   3.0230000000000001        5.1367631271611661E-002
   3.0240000000000005        4.6416331208841068E-002
   3.0250000000000004        4.0603609080363763E-002
   3.0260000000000002        4.1445122585163030E-002
   3.0270000000000001        4.6486860375149479E-002
   3.0280000000000005        5.1933611293232831E-002
   3.0290000000000004        5.7661870434647926E-002
   3.0300000000000002        6.4700518018396491E-002
   3.0310000000000001        8.6756041475214304E-002
   3.0320000000000000       0.11409545138040254     
   3.0330000000000004       0.16848116105887290     
   3.0340000000000003       0.20771844707454251     
   3.0350000000000001       0.27565384220022932     
   3.0360000000000000       0.33238716518732336     
   3.0370000000000004       0.44888989857503603     
   3.0380000000000003       0.47467380843287671     
   3.0390000000000001       0.54459897970618798     
   3.0400000000000000       0.66025237925038616     
   3.0410000000000004       0.64640967460679877     
   3.0420000000000003       0.71365771805577383     
   3.0430000000000001       0.66539462365412672     
   3.0440000000000000       0.61171182886493325     
   3.0450000000000004       0.55441026683810202     
   3.0460000000000003       0.48068296069597077     
   3.0470000000000002       0.36738466761260286     
   3.0480000000000000       0.25218882809351190     
   3.0490000000000004       0.21765769581279695     
   3.0500000000000003       0.16520575430883117     
   3.0510000000000002       0.10623830955550220     
   3.0520000000000000        8.6562445673344438E-002
   3.0530000000000004        6.1006949882057820E-002
   3.0540000000000003        4.7635888996903422E-002
   3.0550000000000002        3.5758905594774917E-002
   3.0560000000000000        3.0464799281492084E-002
   3.0570000000000004        2.9029894192340696E-002
   3.0580000000000003        2.8068290545897986E-002
   3.0590000000000002        3.3230431785255241E-002
   3.0600000000000001        4.0372739793563955E-002
   3.0610000000000004        5.2686739156891128E-002
   3.0620000000000003        7.5912437418473450E-002
   3.0630000000000002       0.10617472401595314     
   3.0640000000000001       0.14442523000389282     
   3.0650000000000004       0.19198834839474449     
   3.0660000000000003       0.25360583877245380     
   3.0670000000000002       0.33762005751898894     
   3.0680000000000001       0.46477751419595842     
   3.0690000000000004       0.54007751172595708     
   3.0700000000000003       0.65559301383276003     
   3.0710000000000002       0.69976787605862889     
   3.0720000000000001       0.85948722986314852     
   3.0730000000000004       0.85993481822850315     
   3.0740000000000003       0.81823041938353347     
   3.0750000000000002       0.74461454565160023     
   3.0760000000000001       0.66981422051579709     
   3.0770000000000004       0.54512645999821996     
   3.0780000000000003       0.46192444572799285     
   3.0790000000000002       0.33002590646216695     
   3.0800000000000001       0.21275706898990696     
   3.0810000000000004       0.17805242866587756     
   3.0820000000000003       0.10685654178937254     
   3.0830000000000002        7.1404156317311007E-002
   3.0840000000000001        5.4599558052758609E-002
   3.0850000000000004        3.8826198043456030E-002
   3.0860000000000003        2.6482457279605340E-002
   3.0870000000000002        2.6258407523009768E-002
   3.0880000000000001        1.9516040691635185E-002
   3.0890000000000004        2.3373283775202213E-002
   3.0900000000000003        2.2582061831130262E-002
   3.0910000000000002        2.6614674440333032E-002
   3.0920000000000001        3.6455870276919232E-002
   3.0930000000000004        4.7345068454141249E-002
   3.0940000000000003        6.9396452463997588E-002
   3.0950000000000002       0.10074649728746908     
   3.0960000000000001       0.12941191317809697     
   3.0970000000000004       0.20374222909651177     
   3.0980000000000003       0.26865086287609513     
   3.0990000000000002       0.35477417458320748     
   3.1000000000000001       0.45599908824537144     
   3.1010000000000004       0.52527188686677606     
   3.1020000000000003       0.68595775854946262     
   3.1030000000000002       0.80487933335685191     
   3.1040000000000001       0.83678641684034649     
   3.1050000000000004       0.80564006419751844     
   3.1060000000000003       0.85475827994300957     
   3.1070000000000002       0.91298393699126512     
   3.1080000000000001       0.67403418345284083     
   3.1090000000000004       0.57597827822211767     
   3.1100000000000003       0.43769675741464986     
   3.1110000000000002       0.29396137405746769     
   3.1120000000000001       0.23733722268493507     
   3.1130000000000004       0.15960339541202975     
   3.1140000000000003       0.11839733032044190     
   3.1150000000000002        7.6832676557564886E-002
   3.1160000000000001        5.2621983485947946E-002
   3.1170000000000004        3.6940791392628958E-002
   3.1180000000000003        2.4015408779288542E-002
   3.1190000000000002        1.7775653462244793E-002
   3.1200000000000001        1.8535532796179442E-002
   3.1210000000000004        1.9451904704598174E-002
   3.1220000000000003        2.0791711281611818E-002
   3.1230000000000002        2.9501964986265138E-002
   3.1240000000000001        3.5282621272250625E-002
   3.1250000000000004        5.1357951918523118E-002
   3.1260000000000003        6.8887700915475289E-002
   3.1270000000000002        9.6301588214061457E-002
   3.1280000000000001       0.16409627965739224     
   3.1290000000000004       0.20914511142571657     
   3.1300000000000003       0.29601689361873090     
   3.1310000000000002       0.38488171985318048     
   3.1320000000000001       0.46999963893931562     
   3.1330000000000005       0.59365292055806140     
   3.1340000000000003       0.66477198465517739     
   3.1350000000000002       0.78819457920522118     
   3.1360000000000001       0.92651051536068341     
   3.1370000000000005       0.82616467280476191     
   3.1380000000000003       0.84965628253901693     
   3.1390000000000002       0.87421905573545955     
   3.1400000000000001       0.70267730161032982     
   3.1410000000000005       0.67349424189762230     
   3.1420000000000003       0.43825522704302189     
   3.1430000000000002       0.40407104239825220     
   3.1440000000000001       0.25559558827543505     
   3.1450000000000005       0.16312028732370554     
   3.1460000000000004       0.10463340035500010     
   3.1470000000000002        7.5022693159859238E-002
   3.1480000000000001        4.4612935782518487E-002
   3.1490000000000005        3.3855805135812642E-002
   3.1500000000000004        2.1222850345758708E-002
   3.1510000000000002        1.7128579685254549E-002
   3.1520000000000001        1.3772882405127916E-002
   3.1530000000000005        1.5912819973654499E-002
   3.1540000000000004        1.7410747983668186E-002
   3.1550000000000002        2.6613201872317714E-002
   3.1560000000000001        2.9268032942361601E-002
   3.1570000000000005        4.5190065927001151E-002
   3.1580000000000004        6.1225773264482919E-002
   3.1590000000000003        9.0495953863454312E-002
   3.1600000000000001       0.12491435015308602     
   3.1610000000000005       0.17033648146758174     
   3.1620000000000004       0.24086065310765006     
   3.1630000000000003       0.33592443383089615     
   3.1640000000000001       0.44246028859023917     
   3.1650000000000005       0.51951910803191548     
   3.1660000000000004       0.63894863257931522     
   3.1670000000000003       0.73383773499905225     
   3.1680000000000001       0.80602572692983443     
   3.1690000000000000       0.89382432348421581     
   3.1700000000000004       0.95173438050270842     
   3.1710000000000003       0.97309366062817426     
   3.1720000000000002       0.75751413769030929     
   3.1730000000000000       0.74110229650451553     
   3.1740000000000004       0.53308096447376629     
   3.1750000000000003       0.44547443319773633     
   3.1760000000000002       0.29194245776152361     
   3.1770000000000000       0.20073465089923345     
   3.1780000000000004       0.13802369708080728     
   3.1790000000000003        9.5352865471640944E-002
   3.1800000000000002        6.2231299918093820E-002
   3.1810000000000000        4.7962334741478589E-002
   3.1820000000000004        2.5291391157848418E-002
   3.1830000000000003        2.1038279635696624E-002
   3.1840000000000002        1.5889114602039848E-002
   3.1850000000000001        1.7779588576135433E-002
   3.1860000000000004        1.6734939233851713E-002
   3.1870000000000003        1.8283195545193399E-002
   3.1880000000000002        2.1456472627751674E-002
   3.1890000000000001        3.2625318303877555E-002
   3.1900000000000004        4.7135685442564017E-002
   3.1910000000000003        6.9766535712775302E-002
   3.1920000000000002        9.8000849060795869E-002
   3.1930000000000001       0.12868612125507908     
   3.1940000000000004       0.18832529521886948     
   3.1950000000000003       0.25425873446795888     
   3.1960000000000002       0.37744016147554849     
   3.1970000000000001       0.51881176045398103     
   3.1980000000000004       0.63027718423738543     
   3.1990000000000003       0.71560597888644695     
   3.2000000000000002       0.80622149786970509     
   3.2010000000000001       0.96633209279436783     
   3.2020000000000004       0.96994872123140918     
   3.2030000000000003       0.94307305629720017     
   3.2040000000000002       0.86922841262765749     
   3.2050000000000001       0.77496213370680544     
   3.2060000000000004       0.61281179152644805     
   3.2070000000000003       0.51576805640211332     
   3.2080000000000002       0.35854182653115024     
   3.2090000000000001       0.25047895791942509     
   3.2100000000000004       0.14296888546821118     
   3.2110000000000003        9.2889818324102091E-002
   3.2120000000000002        5.0947979225959145E-002
   3.2130000000000001        3.2991947600864331E-002
   3.2140000000000004        2.0577533319819770E-002
   3.2150000000000003        1.9224827272190506E-002
   3.2160000000000002        1.5909874222033941E-002
   3.2170000000000001        1.3588119667360305E-002
   3.2180000000000004        1.6692575963329043E-002
   3.2190000000000003        2.0563651536505478E-002
   3.2200000000000002        2.8042716813667247E-002
   3.2210000000000001        3.7244495974191237E-002
   3.2220000000000004        5.7433114243738821E-002
   3.2230000000000003        7.4213465567747119E-002
   3.2240000000000002       0.10448331456823241     
   3.2250000000000001       0.16552505341277196     
   3.2260000000000004       0.19628251661026760     
   3.2270000000000003       0.29284535241461529     
   3.2280000000000002       0.36532665096491512     
   3.2290000000000001       0.41726034506121873     
   3.2300000000000004       0.51116774358645145     
   3.2310000000000003       0.63022972526710530     
   3.2320000000000002       0.71402814769260436     
   3.2330000000000001       0.79953314260740704     
   3.2340000000000004       0.83736152547032383     
   3.2350000000000003       0.78773080913427629     
   3.2360000000000002       0.67815114130504728     
   3.2370000000000001       0.67446761849510639     
   3.2380000000000004       0.56116926539748657     
   3.2390000000000003       0.50811864562289610     
   3.2400000000000002       0.45351834147372772     
   3.2410000000000001       0.31023868330003085     
   3.2420000000000004       0.23697932496750915     
   3.2430000000000003       0.15083188833424818     
   3.2440000000000002       0.11762175494488145     
   3.2450000000000001        7.4422740357376449E-002
   3.2460000000000004        4.8166385013805366E-002
   3.2470000000000003        3.5823066502505566E-002
   3.2480000000000002        2.7250196356963057E-002
   3.2490000000000001        2.4878638300270855E-002
   3.2500000000000004        2.9757724574513717E-002
   3.2510000000000003        3.0623114058017428E-002
   3.2520000000000002        4.0703476826071248E-002
   3.2530000000000001        5.0770153854988287E-002
   3.2540000000000004        6.0769296724904116E-002
   3.2550000000000003        9.9780009697121932E-002
   3.2560000000000002       0.11694437457015375     
   3.2570000000000001       0.16045587301513423     
   3.2580000000000005       0.21984566736175815     
   3.2590000000000003       0.26697026578972005     
   3.2600000000000002       0.35430650404041697     
   3.2610000000000001       0.43555932745897824     
   3.2620000000000005       0.56197731649860094     
   3.2630000000000003       0.63267798731095171     
   3.2640000000000002       0.64371997150021965     
   3.2650000000000001       0.63128675614566654     
   3.2660000000000005       0.70147996378524535     
   3.2670000000000003       0.62814446615528108     
   3.2680000000000002       0.67622707774639601     
   3.2690000000000001       0.53548769373885929     
   3.2700000000000005       0.45103465479244464     
   3.2710000000000004       0.43617434702421670     
   3.2720000000000002       0.34192643489717056     
   3.2730000000000001       0.26132334212647268     
   3.2740000000000005       0.21216416410568531     
   3.2750000000000004       0.13959973108790857     
   3.2760000000000002       0.11061414511699373     
   3.2770000000000001        8.8473681868703066E-002
   3.2780000000000005        6.4768421019498659E-002
   3.2790000000000004        6.1903221936626882E-002
   3.2800000000000002        4.6716531213945388E-002
   3.2810000000000001        4.5160691294071874E-002
   3.2820000000000005        4.9705101613767885E-002
   3.2830000000000004        5.6264935772574215E-002
   3.2840000000000003        7.0974506877769281E-002
   3.2850000000000001        8.1078347438658993E-002
   3.2860000000000005       0.10181878360695495     
   3.2870000000000004       0.13569082251534426     
   3.2880000000000003       0.17210395830622491     
   3.2890000000000001       0.20673169644134440     
   3.2900000000000005       0.25807205644392439     
   3.2910000000000004       0.30775883508611895     
   3.2920000000000003       0.40859108736815536     
   3.2930000000000001       0.45937483096644527     
   3.2940000000000005       0.51784221754652049     
   3.2950000000000004       0.56105945673633184     
   3.2960000000000003       0.58744415939453876     
   3.2970000000000002       0.64541739659382469     
   3.2980000000000005       0.58510388306104422     
   3.2990000000000004       0.58317134061607612     
   3.3000000000000003       0.48438352664711898     
   3.3010000000000002       0.49622040261743705     
   3.3020000000000005       0.40620796085684835     
   3.3030000000000004       0.34745806264460000     
   3.3040000000000003       0.29189326060687620     
   3.3050000000000002       0.21128483638268619     
   3.3060000000000000       0.16037366963116215     
   3.3070000000000004       0.12093510876590986     
   3.3080000000000003        9.6284677228823140E-002
   3.3090000000000002        7.2947502301559941E-002
   3.3100000000000001        6.4663545338839931E-002
   3.3110000000000004        5.8706254299259020E-002
   3.3120000000000003        6.9779089275418787E-002
   3.3130000000000002        6.6678781430671741E-002
   3.3140000000000001        7.5671037829523988E-002
   3.3150000000000004        7.9239369876219851E-002
   3.3160000000000003       0.10301659410273294     
   3.3170000000000002       0.11952051591485008     
   3.3180000000000001       0.15577060629390851     
   3.3190000000000004       0.18566547288015836     
   3.3200000000000003       0.21745412414028253     
   3.3210000000000002       0.27073989718507180     
   3.3220000000000001       0.30930328267734875     
   3.3230000000000004       0.37159239602291760     
   3.3240000000000003       0.40023172760025583     
   3.3250000000000002       0.46584719243123840     
   3.3260000000000001       0.52276281761007837     
   3.3270000000000004       0.53822805494940029     
   3.3280000000000003       0.56741073828131616     
   3.3290000000000002       0.52437473079376662     
   3.3300000000000001       0.45440992799550134     
   3.3310000000000004       0.44144150310518376     
   3.3320000000000003       0.39592062604980949     
   3.3330000000000002       0.35814718916378790     
   3.3340000000000001       0.28382797835776608     
   3.3350000000000004       0.24460691930772679     
   3.3360000000000003       0.18839793867125862     
   3.3370000000000002       0.15154302315902599     
   3.3380000000000001       0.13444327397573266     
   3.3390000000000004       0.12807115472153205     
   3.3400000000000003        9.1407856676264151E-002
   3.3410000000000002        8.5198795420804274E-002
   3.3420000000000001        7.4618301264161371E-002
   3.3430000000000004        8.0554346212197925E-002
   3.3440000000000003        8.0441451898358288E-002
   3.3450000000000002        9.5868727947074961E-002
   3.3460000000000001       0.10672532693151461     
   3.3470000000000004       0.12032365900075796     
   3.3480000000000003       0.13981831841749751     
   3.3490000000000002       0.15700311816092408     
   3.3500000000000001       0.17496256934276563     
   3.3510000000000004       0.20341935768301053     
   3.3520000000000003       0.26956724860060011     
   3.3530000000000002       0.29366117503439171     
   3.3540000000000001       0.32605161032504676     
   3.3550000000000004       0.42757318973662500     
   3.3560000000000003       0.44787219517636351     
   3.3570000000000002       0.49286513221684392     
   3.3580000000000001       0.48704890195873735     
   3.3590000000000004       0.54990655883493456     
   3.3600000000000003       0.61459144556907630     
   3.3610000000000002       0.52534971415891085     
   3.3620000000000001       0.51539955065269139     
   3.3630000000000004       0.48254348741057634     
   3.3640000000000003       0.46180635046802271     
   3.3650000000000002       0.36462414131936166     
   3.3660000000000001       0.27258602093261536     
   3.3670000000000004       0.22324352500376035     
   3.3680000000000003       0.15188709491930544     
   3.3690000000000002       0.12929696543634861     
   3.3700000000000001       0.10335641202404738     
   3.3710000000000004       0.10816478875600784     
   3.3720000000000003        9.7345592791107646E-002
   3.3730000000000002        8.2017403005791759E-002
   3.3740000000000001        7.4784120970428247E-002
   3.3750000000000004        7.3441640972338226E-002
   3.3760000000000003        7.7553066586435571E-002
   3.3770000000000002        7.5692844976399082E-002
   3.3780000000000001        8.8325581485796750E-002
   3.3790000000000004        9.3324912679979263E-002
   3.3800000000000003       0.10691287343390796     
   3.3810000000000002       0.14221588640422156     
   3.3820000000000001       0.16106642315361280     
   3.3830000000000005       0.21043027579926998     
   3.3840000000000003       0.24566576994014461     
   3.3850000000000002       0.30811511801137670     
   3.3860000000000001       0.37096939719623639     
   3.3870000000000005       0.42406722434111083     
   3.3880000000000003       0.54028993023556815     
   3.3890000000000002       0.49001361364635410     
   3.3900000000000001       0.58980324113636151     
   3.3910000000000005       0.56468407931936726     
   3.3920000000000003       0.57047927841614299     
   3.3930000000000002       0.57738339400479133     
   3.3940000000000001       0.51986941267307829     
   3.3950000000000005       0.43737830201982558     
   3.3960000000000004       0.40401691179460136     
   3.3970000000000002       0.30053082236849582     
   3.3980000000000001       0.26207004949611740     
   3.3990000000000005       0.19980131115701188     
   3.4000000000000004       0.17037372708618739     
   3.4010000000000002       0.13648913225104470     
   3.4020000000000001       0.10620850350503269     
   3.4030000000000005        7.5550347115158747E-002
   3.4040000000000004        6.5256621324545405E-002
   3.4050000000000002        5.5799945905427945E-002
   3.4060000000000001        5.2867571609055364E-002
   3.4070000000000005        5.1327062165515157E-002
   3.4080000000000004        5.3279572320485073E-002
   3.4090000000000003        5.6935375239907229E-002
   3.4100000000000001        6.6584579331967333E-002
   3.4110000000000005        8.6401042669941849E-002
   3.4120000000000004       0.10078735525568952     
   3.4130000000000003       0.13543598180573657     
   3.4140000000000001       0.19809576312178184     
   3.4150000000000005       0.24667786191902788     
   3.4160000000000004       0.29929678977560470     
   3.4170000000000003       0.39426362636831308     
   3.4180000000000001       0.43385192028014286     
   3.4190000000000005       0.53173457773842192     
   3.4200000000000004       0.56698425140731523     
   3.4210000000000003       0.64442686898727786     
   3.4220000000000002       0.64331432803629374     
   3.4230000000000005       0.70721246035225771     
   3.4240000000000004       0.67726454515816714     
   3.4250000000000003       0.63946909366023608     
   3.4260000000000002       0.55657462291300419     
   3.4270000000000005       0.41411423402669095     
   3.4280000000000004       0.34730543086328369     
   3.4290000000000003       0.25843313770679882     
   3.4300000000000002       0.18632838041041508     
   3.4310000000000005       0.14264419748146537     
   3.4320000000000004       0.12064430780259516     
   3.4330000000000003        9.2675463151192891E-002
   3.4340000000000002        6.2770526506095978E-002
   3.4350000000000005        4.4487605014197774E-002
   3.4360000000000004        4.1772151233294308E-002
   3.4370000000000003        3.5044730286545825E-002
   3.4380000000000002        3.0442720674525942E-002
   3.4390000000000005        3.0542898349814440E-002
   3.4400000000000004        3.6900077011368757E-002
   3.4410000000000003        4.7343031639677208E-002
   3.4420000000000002        5.3448201480175192E-002
   3.4430000000000001        7.9725215565487284E-002
   3.4440000000000004       0.10276426945610875     
   3.4450000000000003       0.15661022329023985     
   3.4460000000000002       0.18656850536094777     
   3.4470000000000001       0.28721916660877006     
   3.4480000000000004       0.34026142416959237     
   3.4490000000000003       0.44905982426220437     
   3.4500000000000002       0.56244062249105053     
   3.4510000000000001       0.69251818067850723     
   3.4520000000000004       0.76170935204420553     
   3.4530000000000003       0.82428600399467544     
   3.4540000000000002       0.83698519315002751     
   3.4550000000000001       0.80965722127386897     
   3.4560000000000004       0.73140724926097012     
   3.4570000000000003       0.64850959296257149     
   3.4580000000000002       0.47899117905131916     
   3.4590000000000001       0.44208297215292058     
   3.4600000000000004       0.31236688831440979     
   3.4610000000000003       0.24746880649246081     
   3.4620000000000002       0.16113555535609203     
   3.4630000000000001       0.14188111138705004     
   3.4640000000000004        8.3038689281212760E-002
   3.4650000000000003        4.9807173866118999E-002
   3.4660000000000002        4.0919936234847548E-002
   3.4670000000000001        2.8196019214940644E-002
   3.4680000000000004        2.2163228278351269E-002
   3.4690000000000003        2.0616032009715464E-002
   3.4700000000000002        2.1773248874090999E-002
   3.4710000000000001        2.2341336672443122E-002
   3.4720000000000004        3.4486855315964252E-002
   3.4730000000000003        3.3272293876207566E-002
   3.4740000000000002        4.3695558731478797E-002
   3.4750000000000001        7.6878511727365928E-002
   3.4760000000000004       0.10142632943719354     
   3.4770000000000003       0.13641153852155199     
   3.4780000000000002       0.19876788900404263     
   3.4790000000000001       0.28243234997120487     
   3.4800000000000004       0.39596490104747079     
   3.4810000000000003       0.48543520262863277     
   3.4820000000000002       0.67423102474779717     
   3.4830000000000001       0.77327329845319204     
   3.4840000000000004       0.87410848275321518     
   3.4850000000000003       0.97703694232582483     
   3.4860000000000002        1.0170367610670079     
   3.4870000000000001       0.87508215420076318     
   3.4880000000000004       0.87867960621899976     
   3.4890000000000003       0.85207751738430881     
   3.4900000000000002       0.57984957775665080     
   3.4910000000000001       0.51739997545694683     
   3.4920000000000004       0.42521380329330632     
   3.4930000000000003       0.24270450657331316     
   3.4940000000000002       0.18635412976661672     
   3.4950000000000001       0.11432293178061627     
   3.4960000000000004        7.6293963904566081E-002
   3.4970000000000003        4.9416430761536657E-002
   3.4980000000000002        2.9919336016977743E-002
   3.4990000000000001        2.5842218273567641E-002
   3.5000000000000004        1.6517333243493561E-002
