   3.0000000000000004        1.8070029252381388     
   3.0010000000000003        2.2725195740023612     
   3.0020000000000002        2.5448289672351381     
   3.0030000000000001        2.4839199350925787     
   3.0040000000000004        2.1515556930173747     
   3.0050000000000003        1.7761684639659929     
   3.0060000000000002        1.4157430862938110     
   3.0070000000000001        1.1020712759490925     
   3.0080000000000005       0.86938568493899571     
   3.0090000000000003       0.69251707703614473     
   3.0100000000000002       0.55049797556568547     
   3.0110000000000001       0.44015941458856961     
   3.0120000000000005       0.36119248809676457     
   3.0130000000000003       0.30722111786990253     
   3.0140000000000002       0.27304808202565162     
   3.0150000000000001       0.25575801662350572     
   3.0160000000000005       0.25820042660009779     
   3.0170000000000003       0.27779371836971412     
   3.0180000000000002       0.31286100479573187     
   3.0190000000000001       0.35221866077094399     
   3.0200000000000005       0.39595821412388066     
   3.0210000000000004       0.44028897518169091     
   3.0220000000000002       0.48975088501301089     
   3.0230000000000001       0.53251071764755942     
   3.0240000000000005       0.57891466729259766     
   3.0250000000000004       0.60839504414467227     
   3.0260000000000002       0.62498599598026239     
   3.0270000000000001       0.64161947510596162     
   3.0280000000000005       0.64319143506737575     
   3.0290000000000004       0.63467261379287931     
   3.0300000000000002       0.61500917080989370     
   3.0310000000000001       0.57294915585340245     
   3.0320000000000000       0.55316816952042847     
   3.0330000000000004       0.52115613140768957     
   3.0340000000000003       0.51108218714677600     
   3.0350000000000001       0.45506283006682580     
   3.0360000000000000       0.42092345557430305     
   3.0370000000000004       0.36500847284967119     
   3.0380000000000003       0.34079126450099795     
   3.0390000000000001       0.30752860788364628     
   3.0400000000000000       0.27029291703979230     
   3.0410000000000004       0.25112868010959544     
   3.0420000000000003       0.24012148190270216     
   3.0430000000000001       0.21755953624865637     
   3.0440000000000000       0.20383174774740270     
   3.0450000000000004       0.19751365531440687     
   3.0460000000000003       0.19543890939553674     
   3.0470000000000002       0.18633303638721377     
   3.0480000000000000       0.17474624085380769     
   3.0490000000000004       0.17121243110769652     
   3.0500000000000003       0.16486712117862221     
   3.0510000000000002       0.16087107632614733     
   3.0520000000000000       0.15267527805203307     
   3.0530000000000004       0.14611094525425791     
   3.0540000000000003       0.14578886613444031     
   3.0550000000000002       0.13946383325116135     
   3.0560000000000000       0.13959564186733442     
   3.0570000000000004       0.13010011702105162     
   3.0580000000000003       0.11919667650463191     
   3.0590000000000002       0.12539117336019689     
   3.0600000000000001       0.12332308105868145     
   3.0610000000000004       0.12501189575756963     
   3.0620000000000003       0.12687475400830228     
   3.0630000000000002       0.12837226908955540     
   3.0640000000000001       0.11481337126731794     
   3.0650000000000004       0.10758728835864047     
   3.0660000000000003       0.10605216224358698     
   3.0670000000000002       0.11122324084144593     
   3.0680000000000001       0.10704820422190206     
   3.0690000000000004       0.11791700374928486     
   3.0700000000000003       0.12410398885290376     
   3.0710000000000002       0.11558768695448192     
   3.0720000000000001       0.11007149231539394     
   3.0730000000000004       0.11199243208332081     
   3.0740000000000003        9.8661066705771738E-002
   3.0750000000000002        9.6616753730876068E-002
   3.0760000000000001        9.7203350110354719E-002
   3.0770000000000004        8.7046045387058749E-002
   3.0780000000000003        9.3321739060201858E-002
   3.0790000000000002        8.9221529878644193E-002
   3.0800000000000001        9.9404642081734454E-002
   3.0810000000000004       0.10076586025218466     
   3.0820000000000003       0.10754898039276788     
   3.0830000000000002       0.10983933525850879     
   3.0840000000000001       0.12102853628964662     
   3.0850000000000004       0.12336347431410011     
   3.0860000000000003       0.12005959637870499     
   3.0870000000000002       0.12173688421188118     
   3.0880000000000001       0.11894778925074612     
   3.0890000000000004       0.12245219007053645     
   3.0900000000000003       0.11844709638383147     
   3.0910000000000002       0.11659347118229502     
   3.0920000000000001       0.10730409995298971     
   3.0930000000000004        9.5418014685293220E-002
   3.0940000000000003        8.9197710131681623E-002
   3.0950000000000002        9.2096283269742452E-002
   3.0960000000000001        9.8535951403730435E-002
   3.0970000000000004        9.3563584434756500E-002
   3.0980000000000003        9.0549127615025538E-002
   3.0990000000000002       0.10292326645731108     
   3.1000000000000001       0.10856476463665519     
   3.1010000000000004       0.10765423701357865     
   3.1020000000000003       0.11529858438093275     
   3.1030000000000002       0.11207281085074708     
   3.1040000000000001       0.11164532424919633     
   3.1050000000000004       0.11441524270056580     
   3.1060000000000003       0.11141940840230283     
   3.1070000000000002       0.10169840075339875     
   3.1080000000000001       0.11002048881225973     
   3.1090000000000004       0.10400805107976301     
   3.1100000000000003        9.7525677160195917E-002
   3.1110000000000002        9.7933616041476143E-002
   3.1120000000000001        9.4705752593022927E-002
   3.1130000000000004        9.2768094706626752E-002
   3.1140000000000003        9.3063271672037068E-002
   3.1150000000000002        8.4090381624032567E-002
   3.1160000000000001        9.1203288483612963E-002
   3.1170000000000004        9.4264390776714196E-002
   3.1180000000000003        9.2982682916520273E-002
   3.1190000000000002        9.7101940744461060E-002
   3.1200000000000001        9.7457796887467543E-002
   3.1210000000000004        9.3324899591047908E-002
   3.1220000000000003        9.7245766484786916E-002
   3.1230000000000002        8.7767559557120067E-002
   3.1240000000000001        9.0052677775625534E-002
   3.1250000000000004        8.3761657612330634E-002
   3.1260000000000003        9.3967597350588933E-002
   3.1270000000000002        9.1460756654761097E-002
   3.1280000000000001        9.2775220098072680E-002
   3.1290000000000004        9.3702776564988433E-002
   3.1300000000000003        8.8623828607801658E-002
   3.1310000000000002        8.8195975840329968E-002
   3.1320000000000001        8.3097546501731692E-002
   3.1330000000000005        8.3606378878015183E-002
   3.1340000000000003        8.7438598521868360E-002
   3.1350000000000002        8.0343400948142935E-002
   3.1360000000000001        8.5970689757233001E-002
   3.1370000000000005        8.5129646329367120E-002
   3.1380000000000003        9.0192355914127886E-002
   3.1390000000000002        9.1412103371872430E-002
   3.1400000000000001        8.9596000172779564E-002
   3.1410000000000005        8.9034507090388251E-002
   3.1420000000000003        8.9012691139509589E-002
   3.1430000000000002        8.3139054816738375E-002
   3.1440000000000001        8.0184198351013092E-002
   3.1450000000000005        7.4606668172600296E-002
   3.1460000000000004        7.0864290925017837E-002
   3.1470000000000002        7.0459412437513164E-002
   3.1480000000000001        7.3344477096795327E-002
   3.1490000000000005        6.8424069652562411E-002
   3.1500000000000004        7.2882619876744173E-002
   3.1510000000000002        7.6893201949125703E-002
   3.1520000000000001        7.3917649881475977E-002
   3.1530000000000005        8.1841917013095553E-002
   3.1540000000000004        7.6625741223300903E-002
   3.1550000000000002        7.5991502261014518E-002
   3.1560000000000001        7.7134368053129732E-002
   3.1570000000000005        8.1016187633943526E-002
   3.1580000000000004        7.4801291650129276E-002
   3.1590000000000003        7.8222551179862584E-002
   3.1600000000000001        7.8546208154862907E-002
   3.1610000000000005        6.8963568898769867E-002
   3.1620000000000004        6.5814066415782385E-002
   3.1630000000000003        6.7558221723433468E-002
   3.1640000000000001        6.2509376084842375E-002
   3.1650000000000005        7.3860330405921951E-002
   3.1660000000000004        6.4588066869742458E-002
   3.1670000000000003        6.9993294684757151E-002
   3.1680000000000001        6.9908730939233818E-002
   3.1690000000000000        6.9636138808240156E-002
   3.1700000000000004        7.8761733184504315E-002
   3.1710000000000003        7.2821816889056465E-002
   3.1720000000000002        7.7264740802307538E-002
   3.1730000000000000        7.8314268700090298E-002
   3.1740000000000004        8.4015731654428827E-002
   3.1750000000000003        7.0656023574684798E-002
   3.1760000000000002        7.2257866627114017E-002
   3.1770000000000000        6.6748950770366480E-002
   3.1780000000000004        6.7837096230340163E-002
   3.1790000000000003        6.7986871724235551E-002
   3.1800000000000002        7.2166754423014789E-002
   3.1810000000000000        6.0860317816035209E-002
   3.1820000000000004        6.8453309696097642E-002
   3.1830000000000003        6.2590889326929577E-002
   3.1840000000000002        6.6410899426052203E-002
   3.1850000000000001        7.5839734782170778E-002
   3.1860000000000004        7.3037124249075241E-002
   3.1870000000000003        7.9252509841163013E-002
   3.1880000000000002        7.6048538706804170E-002
   3.1890000000000001        8.1718296525374781E-002
   3.1900000000000004        7.8020010560102493E-002
   3.1910000000000003        7.4868253706386806E-002
   3.1920000000000002        7.2968436752347599E-002
   3.1930000000000001        6.6443975706945824E-002
   3.1940000000000004        6.9782137327814742E-002
   3.1950000000000003        7.8903341145013670E-002
   3.1960000000000002        7.6649161855660522E-002
   3.1970000000000001        8.2645076746775584E-002
   3.1980000000000004        7.9539814938322115E-002
   3.1990000000000003        7.1633822112169107E-002
   3.2000000000000002        7.7030083879528866E-002
   3.2010000000000001        8.5598736564425709E-002
   3.2020000000000004        8.2467007578667026E-002
   3.2030000000000003        7.5036196399160496E-002
   3.2040000000000002        7.7026314457041112E-002
   3.2050000000000001        7.6697491037017784E-002
   3.2060000000000004        7.2166738677394787E-002
   3.2070000000000003        7.1355596697599138E-002
   3.2080000000000002        6.1661245968847513E-002
   3.2090000000000001        7.4513322335282767E-002
   3.2100000000000004        6.9111020514390137E-002
   3.2110000000000003        7.5321727190337126E-002
   3.2120000000000002        7.4699094712233571E-002
   3.2130000000000001        7.1692292932965640E-002
   3.2140000000000004        6.6126592287724079E-002
   3.2150000000000003        7.1565525483094972E-002
   3.2160000000000002        7.0144178901273682E-002
   3.2170000000000001        7.2742839078430155E-002
   3.2180000000000004        6.8904658935054430E-002
   3.2190000000000003        7.8708909628992144E-002
   3.2200000000000002        6.9244083876633028E-002
   3.2210000000000001        6.6915550681624497E-002
   3.2220000000000004        7.2521088770634595E-002
   3.2230000000000003        6.1480919579476288E-002
   3.2240000000000002        6.2651050315160772E-002
   3.2250000000000001        6.3715548464363780E-002
   3.2260000000000004        6.8031550983972788E-002
   3.2270000000000003        6.4819720105870920E-002
   3.2280000000000002        6.2637470475712997E-002
   3.2290000000000001        5.8223120075396977E-002
   3.2300000000000004        6.5226562366280827E-002
   3.2310000000000003        6.6072496734185332E-002
   3.2320000000000002        6.1371298093373244E-002
   3.2330000000000001        6.9149996752411333E-002
   3.2340000000000004        6.9369288496540421E-002
   3.2350000000000003        7.6135326019649854E-002
   3.2360000000000002        6.8979468107181127E-002
   3.2370000000000001        6.4869322657506778E-002
   3.2380000000000004        7.5498432557450326E-002
   3.2390000000000003        7.1912189330143025E-002
   3.2400000000000002        7.3270360120459579E-002
   3.2410000000000001        6.4880139768334802E-002
   3.2420000000000004        7.3393692962176849E-002
   3.2430000000000003        6.9785772653243691E-002
   3.2440000000000002        6.4898727730932887E-002
   3.2450000000000001        6.5522125402642420E-002
   3.2460000000000004        6.0958720080364646E-002
   3.2470000000000003        6.3433738252030511E-002
   3.2480000000000002        6.2650172394326270E-002
   3.2490000000000001        5.9540260264715671E-002
   3.2500000000000004        6.7187968002119555E-002
   3.2510000000000003        6.4880895211090472E-002
   3.2520000000000002        7.9385691368921846E-002
   3.2530000000000001        7.8570365506128781E-002
   3.2540000000000004        6.6357081795459377E-002
   3.2550000000000003        7.8420138001054990E-002
   3.2560000000000002        7.6962768816637023E-002
   3.2570000000000001        7.5522984277858307E-002
   3.2580000000000005        7.0413373866076934E-002
   3.2590000000000003        7.1647619703068127E-002
   3.2600000000000002        6.2628844323032548E-002
   3.2610000000000001        6.9873266117140037E-002
   3.2620000000000005        5.9589325894715703E-002
   3.2630000000000003        6.4009887041662675E-002
   3.2640000000000002        6.1236996174081293E-002
   3.2650000000000001        7.1684097811457681E-002
   3.2660000000000005        6.6531405162946991E-002
   3.2670000000000003        6.9157479183701936E-002
   3.2680000000000002        7.0578815217666124E-002
   3.2690000000000001        7.3051688693424793E-002
   3.2700000000000005        7.1984499892815967E-002
   3.2710000000000004        7.0700607114289118E-002
   3.2720000000000002        7.1766098417989602E-002
   3.2730000000000001        7.3687345551593286E-002
   3.2740000000000005        6.6352194784635832E-002
   3.2750000000000004        6.3380382509150165E-002
   3.2760000000000002        6.9180643114670717E-002
   3.2770000000000001        7.3709586420675668E-002
   3.2780000000000005        6.6077287435775039E-002
   3.2790000000000004        6.5561274021702948E-002
   3.2800000000000002        6.6494591429616806E-002
   3.2810000000000001        6.6689145235241554E-002
   3.2820000000000005        7.3684707909660113E-002
   3.2830000000000004        7.8900499244900404E-002
   3.2840000000000003        8.0190853328712730E-002
   3.2850000000000001        7.9266505703758081E-002
   3.2860000000000005        8.5105463760436775E-002
   3.2870000000000004        7.9309606580136000E-002
   3.2880000000000003        7.4168541071192029E-002
   3.2890000000000001        7.5551434387992694E-002
   3.2900000000000005        6.8678073146853619E-002
   3.2910000000000004        6.9581015540297192E-002
   3.2920000000000003        7.2393950791725059E-002
   3.2930000000000001        7.7039443960678911E-002
   3.2940000000000005        8.0843322492453851E-002
   3.2950000000000004        7.4331484995023817E-002
   3.2960000000000003        8.1438043536246049E-002
   3.2970000000000002        8.0000075309453120E-002
   3.2980000000000005        7.4217722008221548E-002
   3.2990000000000004        6.2607687494272521E-002
   3.3000000000000003        7.5707295166888858E-002
   3.3010000000000002        7.1579348731898890E-002
   3.3020000000000005        6.8060411886083416E-002
   3.3030000000000004        6.5387395805592718E-002
   3.3040000000000003        6.4169198535498129E-002
   3.3050000000000002        6.9718934494910276E-002
   3.3060000000000000        5.8989797112684636E-002
   3.3070000000000004        6.2008246486254602E-002
   3.3080000000000003        6.5842468047750305E-002
   3.3090000000000002        6.3854486057427745E-002
   3.3100000000000001        6.4974735670740927E-002
   3.3110000000000004        7.0507710121896050E-002
   3.3120000000000003        7.0049669751889240E-002
   3.3130000000000002        6.8957672814187271E-002
   3.3140000000000001        6.3885231537732179E-002
   3.3150000000000004        6.9434448455675091E-002
   3.3160000000000003        7.3730528056891703E-002
   3.3170000000000002        7.1772435609817539E-002
   3.3180000000000001        7.6549590031998446E-002
   3.3190000000000004        7.9381666833591366E-002
   3.3200000000000003        6.8830225720079949E-002
   3.3210000000000002        6.5652853427131105E-002
   3.3220000000000001        6.8586090866336352E-002
   3.3230000000000004        6.5773863303011479E-002
   3.3240000000000003        6.7884159817995171E-002
   3.3250000000000002        6.8048724639882679E-002
   3.3260000000000001        7.7276425722901262E-002
   3.3270000000000004        6.3294349871826111E-002
   3.3280000000000003        6.9704899058586026E-002
   3.3290000000000002        6.2936921419441086E-002
   3.3300000000000001        6.2108101316714820E-002
   3.3310000000000004        6.6252905642347246E-002
   3.3320000000000003        6.4468524039732134E-002
   3.3330000000000002        6.5280534340421636E-002
   3.3340000000000001        6.6790805094090203E-002
   3.3350000000000004        6.9770893932459513E-002
   3.3360000000000003        7.3098381375664823E-002
   3.3370000000000002        6.9298968584928483E-002
   3.3380000000000001        7.0800956446417623E-002
   3.3390000000000004        6.7526392789170067E-002
   3.3400000000000003        6.3978425303689149E-002
   3.3410000000000002        6.6953888298175113E-002
   3.3420000000000001        6.6889675846637520E-002
   3.3430000000000004        7.2199905273174325E-002
   3.3440000000000003        7.4803003707803170E-002
   3.3450000000000002        6.6990634451021561E-002
   3.3460000000000001        7.2474855539042968E-002
   3.3470000000000004        7.6728047850000744E-002
   3.3480000000000003        7.6213875395426914E-002
   3.3490000000000002        7.9292960162817241E-002
   3.3500000000000001        6.5501930395923141E-002
   3.3510000000000004        7.2333736341719745E-002
   3.3520000000000003        7.2639626744415570E-002
   3.3530000000000002        8.3165104995431061E-002
   3.3540000000000001        7.9800663474914782E-002
   3.3550000000000004        8.4178652832577583E-002
   3.3560000000000003        7.7433632595412333E-002
   3.3570000000000002        7.8713473366992373E-002
   3.3580000000000001        7.4468020052059311E-002
   3.3590000000000004        8.0734242308369009E-002
   3.3600000000000003        7.2616959195098210E-002
   3.3610000000000002        7.5147805826027134E-002
   3.3620000000000001        7.7346437269465787E-002
   3.3630000000000004        6.6985261107272598E-002
   3.3640000000000003        7.0069174321747585E-002
   3.3650000000000002        7.3591242309960239E-002
   3.3660000000000001        6.5341249153852338E-002
   3.3670000000000004        7.5969478491479350E-002
   3.3680000000000003        7.4012981599344496E-002
   3.3690000000000002        7.3657622142536225E-002
   3.3700000000000001        7.5724873367829626E-002
   3.3710000000000004        7.6861374066067453E-002
   3.3720000000000003        6.8661891985771481E-002
   3.3730000000000002        6.5322327516889586E-002
   3.3740000000000001        7.6082676608056274E-002
   3.3750000000000004        6.9860741066138238E-002
   3.3760000000000003        6.4686468159401642E-002
   3.3770000000000002        6.6127595749573498E-002
   3.3780000000000001        6.0900168986963432E-002
   3.3790000000000004        6.5552534877099555E-002
   3.3800000000000003        7.5498360135441742E-002
   3.3810000000000002        7.1842698749305114E-002
   3.3820000000000001        7.4176275310957496E-002
   3.3830000000000005        8.3935743745091343E-002
   3.3840000000000003        8.1552137790981069E-002
   3.3850000000000002        8.3565213076873687E-002
   3.3860000000000001        8.9571008985619663E-002
   3.3870000000000005        8.2510703785472136E-002
   3.3880000000000003        8.3383313918504315E-002
   3.3890000000000002        8.0143601045814972E-002
   3.3900000000000001        7.5890713510325281E-002
   3.3910000000000005        7.0299105014903523E-002
   3.3920000000000003        7.1336137822734819E-002
   3.3930000000000002        6.8456852959383779E-002
   3.3940000000000001        7.0688562524031148E-002
   3.3950000000000005        6.6105443489399035E-002
   3.3960000000000004        7.0329388137577997E-002
   3.3970000000000002        6.6757713306396765E-002
   3.3980000000000001        7.0120925291819958E-002
   3.3990000000000005        8.1241096409663746E-002
   3.4000000000000004        8.3926686717755730E-002
   3.4010000000000002        8.4913619487664835E-002
   3.4020000000000001        9.0938477145645180E-002
   3.4030000000000005        8.8135970796155802E-002
   3.4040000000000004        8.9499004194916007E-002
   3.4050000000000002        8.6505032120340414E-002
   3.4060000000000001        8.3745641574828222E-002
   3.4070000000000005        9.4954986244348824E-002
   3.4080000000000004        8.7492771579058035E-002
   3.4090000000000003        9.2751108913108699E-002
   3.4100000000000001        8.1153581419009635E-002
   3.4110000000000005        8.3360624134182076E-002
   3.4120000000000004        7.8628306313725846E-002
   3.4130000000000003        7.4792164519100993E-002
   3.4140000000000001        7.9009194726346668E-002
   3.4150000000000005        7.2059092858219889E-002
   3.4160000000000004        7.6023072749999476E-002
   3.4170000000000003        7.7951155450322510E-002
   3.4180000000000001        7.7222952925549787E-002
   3.4190000000000005        8.0533812673935862E-002
   3.4200000000000004        8.4930110227870753E-002
   3.4210000000000003        7.1651958493077414E-002
   3.4220000000000002        7.6749485575161466E-002
   3.4230000000000005        8.0673673754826952E-002
   3.4240000000000004        7.6343272488274078E-002
   3.4250000000000003        6.8037567259217363E-002
   3.4260000000000002        7.3074265853951825E-002
   3.4270000000000005        7.3552771829668989E-002
   3.4280000000000004        7.7686822750574369E-002
   3.4290000000000003        9.2173105173294828E-002
   3.4300000000000002        8.2417050238865086E-002
   3.4310000000000005        8.0733690928939561E-002
   3.4320000000000004        8.3653251168661666E-002
   3.4330000000000003        7.9302649082529694E-002
   3.4340000000000002        7.6353036143466946E-002
   3.4350000000000005        8.3949391572802276E-002
   3.4360000000000004        8.9396295093611550E-002
   3.4370000000000003        7.3816281024744371E-002
   3.4380000000000002        7.3375369707469981E-002
   3.4390000000000005        7.4224650138296336E-002
   3.4400000000000004        7.1530054680418217E-002
   3.4410000000000003        7.6163898705941688E-002
   3.4420000000000002        7.1308103932549605E-002
   3.4430000000000001        7.6636001843148144E-002
   3.4440000000000004        7.6464819001841530E-002
   3.4450000000000003        6.8107754420535266E-002
   3.4460000000000002        6.8138466252242430E-002
   3.4470000000000001        7.0513380201749284E-002
   3.4480000000000004        6.8776712435715787E-002
   3.4490000000000003        6.6586724375293047E-002
   3.4500000000000002        7.0297871085202315E-002
   3.4510000000000001        6.9932534449954342E-002
   3.4520000000000004        6.6200245322996218E-002
   3.4530000000000003        7.2840574043749509E-002
   3.4540000000000002        7.8085112962021461E-002
   3.4550000000000001        7.4989107797381396E-002
   3.4560000000000004        7.9678742954651494E-002
   3.4570000000000003        7.6454044085585177E-002
   3.4580000000000002        7.8376921854496351E-002
   3.4590000000000001        7.2988494238803547E-002
   3.4600000000000004        7.9865269866245231E-002
   3.4610000000000003        7.1754284271651758E-002
   3.4620000000000002        7.2191512357147325E-002
   3.4630000000000001        6.2244176160095983E-002
   3.4640000000000004        7.6846297620658394E-002
   3.4650000000000003        7.0761815809740586E-002
   3.4660000000000002        7.7172442770002084E-002
   3.4670000000000001        7.1134701625053934E-002
   3.4680000000000004        6.8641019266869246E-002
   3.4690000000000003        7.4132755363262623E-002
   3.4700000000000002        7.2017712781423007E-002
   3.4710000000000001        7.2693166792902719E-002
   3.4720000000000004        8.5792739745024202E-002
   3.4730000000000003        7.8895231765901908E-002
   3.4740000000000002        7.3066600836692946E-002
   3.4750000000000001        7.9626774478587764E-002
   3.4760000000000004        7.8134026214297270E-002
   3.4770000000000003        7.4157520574541849E-002
   3.4780000000000002        7.2203323008203368E-002
   3.4790000000000001        6.9079357959464613E-002
   3.4800000000000004        7.7102938903625767E-002
   3.4810000000000003        7.7093304351323111E-002
   3.4820000000000002        7.8477762895615533E-002
   3.4830000000000001        8.0072588686630766E-002
   3.4840000000000004        8.5000643917489002E-002
   3.4850000000000003        8.0380519514231918E-002
   3.4860000000000002        8.2840359849909936E-002
   3.4870000000000001        7.2513172745338278E-002
   3.4880000000000004        7.7515055170131075E-002
   3.4890000000000003        7.0637582045851036E-002
   3.4900000000000002        7.2332613361909423E-002
   3.4910000000000001        6.6372807284428251E-002
   3.4920000000000004        7.0068847344097060E-002
   3.4930000000000003        6.9931822252545073E-002
   3.4940000000000002        7.3261143131843787E-002
   3.4950000000000001        8.3014155679708157E-002
   3.4960000000000004        6.9447952384084549E-002
   3.4970000000000003        6.7668358888724439E-002
   3.4980000000000002        6.6065207056526618E-002
   3.4990000000000001        6.7551961361908969E-002
   3.5000000000000004        7.1293939999546169E-002
