   3.5000000000000004        10983.492651009668     
   3.5000100000000001        10983.588490522272     
   3.5000200000000001        10983.464436893628     
   3.5000300000000002        10983.608131660416     
   3.5000400000000003        10983.467498614109     
   3.5000500000000003        10983.622138844667     
   3.5000600000000004        10983.469453303804     
   3.5000700000000005        10983.617278360020     
   3.5000800000000001        10983.476459610694     
   3.5000900000000001        10983.666516450798     
   3.5001000000000002        10983.502634954702     
   3.5001100000000003        10983.712608149503     
   3.5001200000000003        10983.529454450090     
   3.5001300000000004        10983.703606646834     
   3.5001400000000005        10983.577291795196     
   3.5001500000000001        10983.696092474873     
   3.5001600000000002        10983.594625290323     
   3.5001700000000002        10983.669722291968     
   3.5001800000000003        10983.682200793906     
   3.5001900000000004        10983.680851087312     
   3.5002000000000004        10983.644984877556     
   3.5002100000000005        10983.683711619175     
   3.5002200000000001        10983.648063204475     
   3.5002300000000002        10983.647697611203     
   3.5002400000000002        10983.715566489838     
   3.5002500000000003        10983.663427949816     
   3.5002600000000004        10983.717422835705     
   3.5002700000000004        10983.724551183192     
   3.5002800000000005        10983.713203806443     
   3.5002900000000001        10983.774812141141     
   3.5003000000000002        10983.730463466891     
   3.5003100000000003        10983.786702635560     
   3.5003200000000003        10983.755728900300     
   3.5003300000000004        10983.745329380130     
   3.5003400000000005        10983.766891835889     
   3.5003500000000001        10983.730730361880     
   3.5003600000000001        10983.780504953314     
   3.5003700000000002        10983.726631362822     
   3.5003800000000003        10983.734703251312     
   3.5003900000000003        10983.786654601530     
   3.5004000000000004        10983.701332247576     
   3.5004100000000005        10983.769523888470     
   3.5004200000000001        10983.710861605772     
   3.5004300000000002        10983.762290606881     
   3.5004400000000002        10983.717105435308     
   3.5004500000000003        10983.757933129336     
   3.5004600000000003        10983.740465422181     
   3.5004700000000004        10983.748011955751     
   3.5004800000000005        10983.733991681227     
   3.5004900000000001        10983.769689631636     
   3.5005000000000002        10983.704315607263     
   3.5005100000000002        10983.782291506841     
   3.5005200000000003        10983.700635256713     
   3.5005300000000004        10983.752133936949     
   3.5005400000000004        10983.721605585893     
   3.5005500000000005        10983.721293105520     
   3.5005600000000001        10983.732175012608     
   3.5005700000000002        10983.744672349234     
   3.5005800000000002        10983.752356071411     
   3.5005900000000003        10983.752170894984     
   3.5006000000000004        10983.797450279286     
   3.5006100000000004        10983.768103829618     
   3.5006200000000001        10983.755587242196     
   3.5006300000000001        10983.761787564825     
   3.5006400000000002        10983.764895928041     
   3.5006500000000003        10983.743001913024     
   3.5006600000000003        10983.820270539118     
   3.5006700000000004        10983.703836632012     
   3.5006800000000005        10983.786903775983     
   3.5006900000000001        10983.706280239019     
   3.5007000000000001        10983.794481919074     
   3.5007100000000002        10983.743455432101     
   3.5007200000000003        10983.759106417319     
   3.5007300000000003        10983.761959112715     
   3.5007400000000004        10983.747639991037     
   3.5007500000000005        10983.756114606304     
   3.5007600000000001        10983.763405118341     
   3.5007700000000002        10983.755206640819     
   3.5007800000000002        10983.804009714859     
   3.5007900000000003        10983.784302497583     
   3.5008000000000004        10983.833271510806     
   3.5008100000000004        10983.788688852233     
   3.5008200000000005        10983.846811114872     
   3.5008300000000001        10983.781682529507     
   3.5008400000000002        10983.840681759028     
   3.5008500000000002        10983.855143010913     
   3.5008600000000003        10983.795767005806     
   3.5008700000000004        10983.805091315609     
   3.5008800000000004        10983.774484616746     
   3.5008900000000005        10983.819704865338     
   3.5009000000000001        10983.786578328691     
   3.5009100000000002        10983.821460227537     
   3.5009200000000003        10983.777150847418     
   3.5009300000000003        10983.795180249926     
   3.5009400000000004        10983.783506593767     
   3.5009500000000005        10983.793274913885     
   3.5009600000000001        10983.789885063930     
   3.5009700000000001        10983.777773587835     
   3.5009800000000002        10983.832509208640     
   3.5009900000000003        10983.770646768458     
   3.5010000000000003        10983.806453330955     
   3.5010100000000004        10983.816146668358     
   3.5010200000000005        10983.835296767840     
   3.5010300000000001        10983.816816269395     
   3.5010400000000002        10983.881998364346     
   3.5010500000000002        10983.813878736055     
   3.5010600000000003        10983.886360483692     
   3.5010700000000003        10983.818044980924     
   3.5010800000000004        10983.887979743819     
   3.5010900000000005        10983.837590780637     
   3.5011000000000001        10983.881373531940     
   3.5011100000000002        10983.827851323511     
   3.5011200000000002        10983.875846091070     
   3.5011300000000003        10983.849477716920     
   3.5011400000000004        10983.893309414198     
   3.5011500000000004        10983.869366439832     
   3.5011600000000005        10983.908350440566     
   3.5011700000000001        10983.908784067258     
   3.5011800000000002        10983.948799292521     
   3.5011900000000002        10983.941983724537     
   3.5012000000000003        10983.991616343685     
   3.5012100000000004        10983.968847173635     
   3.5012200000000004        10984.030755597149     
   3.5012300000000001        10983.989107528500     
   3.5012400000000001        10984.054898093718     
   3.5012500000000002        10984.001455629561     
   3.5012600000000003        10984.046631924492     
   3.5012700000000003        10983.993430257755     
   3.5012800000000004        10984.046531756981     
   3.5012900000000005        10983.935674364564     
   3.5013000000000001        10983.990553928332     
   3.5013100000000001        10983.854403506715     
   3.5013200000000002        10983.983186002772     
   3.5013300000000003        10983.789155341854     
   3.5013400000000003        10983.951772089706     
   3.5013500000000004        10983.798668879397     
   3.5013600000000005        10983.974489991528     
   3.5013700000000001        10983.819047747073     
   3.5013800000000002        10983.969245358372     
   3.5013900000000002        10983.887191315020     
   3.5014000000000003        10984.031063439250     
   3.5014100000000004        10983.972841230059     
   3.5014200000000004        10984.071202374193     
   3.5014300000000005        10984.040411853619     
   3.5014400000000001        10984.148758406978     
   3.5014500000000002        10984.113858225584     
   3.5014600000000002        10984.172429306756     
   3.5014700000000003        10984.132683612937     
   3.5014800000000004        10984.196615965833     
   3.5014900000000004        10984.154908731196     
   3.5015000000000005        10984.210038895772     
   3.5015100000000001        10984.173455007305     
   3.5015200000000002        10984.180775538947     
   3.5015300000000003        10984.161550599487     
   3.5015400000000003        10984.184400047354     
   3.5015500000000004        10984.088176617650     
   3.5015600000000004        10984.119216408775     
   3.5015700000000001        10984.025216096359     
   3.5015800000000001        10984.077348190687     
   3.5015900000000002        10984.009875445892     
   3.5016000000000003        10984.010792503643     
   3.5016100000000003        10984.011273876284     
   3.5016200000000004        10983.974623381782     
   3.5016300000000005        10984.015773979147     
   3.5016400000000001        10983.972377680237     
   3.5016500000000002        10984.051455134606     
   3.5016600000000002        10983.943899355148     
   3.5016700000000003        10984.098948981244     
   3.5016800000000003        10983.963766060539     
   3.5016900000000004        10984.127485112711     
   3.5017000000000005        10984.001334508068     
   3.5017100000000001        10984.166077894326     
   3.5017200000000002        10984.074820672889     
   3.5017300000000002        10984.123691384601     
   3.5017400000000003        10984.123741742624     
   3.5017500000000004        10984.141258077423     
   3.5017600000000004        10984.138129705374     
   3.5017700000000005        10984.132103241258     
   3.5017800000000001        10984.161062231828     
   3.5017900000000002        10984.114828115518     
   3.5018000000000002        10984.129183196455     
   3.5018100000000003        10984.177307255244     
   3.5018200000000004        10984.182615211914     
   3.5018300000000004        10984.203391148068     
   3.5018400000000005        10984.174473586934     
   3.5018500000000001        10984.262602057810     
   3.5018600000000002        10984.223785230603     
   3.5018700000000003        10984.164116382102     
   3.5018800000000003        10984.204435062236     
   3.5018900000000004        10984.180154711261     
   3.5019000000000005        10984.205615237721     
   3.5019100000000001        10984.142648438110     
   3.5019200000000001        10984.206106934846     
   3.5019300000000002        10984.105964773727     
   3.5019400000000003        10984.227520631375     
   3.5019500000000003        10984.122585083513     
   3.5019600000000004        10984.234639683064     
   3.5019700000000005        10984.153954142837     
   3.5019800000000001        10984.266378597755     
   3.5019900000000002        10984.150371359901     
   3.5020000000000002        10984.290159648168     
   3.5020100000000003        10984.156420093021     
   3.5020200000000004        10984.271939319333     
   3.5020300000000004        10984.238373103495     
   3.5020400000000005        10984.308975494647     
   3.5020500000000001        10984.262736942563     
   3.5020600000000002        10984.326946763174     
   3.5020700000000002        10984.297270947498     
   3.5020800000000003        10984.319753736532     
   3.5020900000000004        10984.294836787734     
   3.5021000000000004        10984.314944914304     
   3.5021100000000005        10984.330143287274     
   3.5021200000000001        10984.290948109550     
   3.5021300000000002        10984.299497854228     
   3.5021400000000003        10984.273085761897     
   3.5021500000000003        10984.259857542698     
   3.5021600000000004        10984.209089723423     
   3.5021700000000004        10984.216980528925     
   3.5021800000000001        10984.206609092842     
   3.5021900000000001        10984.126590481841     
   3.5022000000000002        10984.234121530191     
   3.5022100000000003        10984.063436311133     
   3.5022200000000003        10984.216018282292     
   3.5022300000000004        10984.086453577107     
   3.5022400000000005        10984.265795094145     
   3.5022500000000001        10984.110650131826     
   3.5022600000000002        10984.289816330614     
   3.5022700000000002        10984.177481996754     
   3.5022800000000003        10984.325450847535     
   3.5022900000000003        10984.261815325985     
   3.5023000000000004        10984.384542613638     
   3.5023100000000005        10984.333012929137     
   3.5023200000000001        10984.398550685641     
   3.5023300000000002        10984.373674701932     
   3.5023400000000002        10984.429522794811     
   3.5023500000000003        10984.370565114779     
   3.5023600000000004        10984.390767215937     
   3.5023700000000004        10984.393540688639     
   3.5023800000000005        10984.369482049606     
   3.5023900000000001        10984.393439580692     
   3.5024000000000002        10984.372924712747     
   3.5024100000000002        10984.382625426289     
   3.5024200000000003        10984.336620644923     
   3.5024300000000004        10984.412731662864     
   3.5024400000000004        10984.291960867329     
   3.5024500000000005        10984.380654299777     
   3.5024600000000001        10984.376006137043     
   3.5024700000000002        10984.421564682987     
   3.5024800000000003        10984.379153307329     
   3.5024900000000003        10984.424521596282     
   3.5025000000000004        10984.385134251903     
   3.5025100000000005        10984.484596336612     
   3.5025200000000001        10984.399089572677     
   3.5025300000000001        10984.513705392152     
   3.5025400000000002        10984.471146348620     
   3.5025500000000003        10984.496735114706     
   3.5025600000000003        10984.510031386722     
   3.5025700000000004        10984.560447871218     
   3.5025800000000005        10984.530961680948     
   3.5025900000000001        10984.529481658576     
   3.5026000000000002        10984.544310713847     
   3.5026100000000002        10984.526034192208     
   3.5026200000000003        10984.552888254284     
   3.5026300000000004        10984.464107622438     
   3.5026400000000004        10984.533478589628     
   3.5026500000000005        10984.440776602896     
   3.5026600000000001        10984.562492117586     
   3.5026700000000002        10984.398685997212     
   3.5026800000000002        10984.537799390757     
   3.5026900000000003        10984.427399129849     
   3.5027000000000004        10984.593729838400     
   3.5027100000000004        10984.466336961150     
   3.5027200000000005        10984.580488843223     
   3.5027300000000001        10984.492094502049     
   3.5027400000000002        10984.603740814995     
   3.5027500000000003        10984.531593208641     
   3.5027600000000003        10984.594410643444     
   3.5027700000000004        10984.577064590383     
   3.5027800000000004        10984.591535405072     
   3.5027900000000001        10984.532628185058     
   3.5028000000000001        10984.561395317232     
   3.5028100000000002        10984.562042213218     
   3.5028200000000003        10984.550260296153     
   3.5028300000000003        10984.633198543605     
   3.5028400000000004        10984.560163674516     
   3.5028500000000005        10984.654775130628     
   3.5028600000000001        10984.629242317940     
   3.5028700000000002        10984.680202506370     
   3.5028800000000002        10984.586260890905     
   3.5028900000000003        10984.693425680603     
   3.5029000000000003        10984.653124168364     
   3.5029100000000004        10984.710233640319     
   3.5029200000000005        10984.675700763439     
   3.5029300000000001        10984.740851169181     
   3.5029400000000002        10984.640052352024     
   3.5029500000000002        10984.788096868728     
   3.5029600000000003        10984.626333136379     
   3.5029700000000004        10984.728248835010     
   3.5029800000000004        10984.590232981134     
   3.5029900000000005        10984.665960298369     
   3.5030000000000001        10984.536542258280     
   3.5030100000000002        10984.611973763325     
   3.5030200000000002        10984.526475382379     
   3.5030300000000003        10984.588328226744     
   3.5030400000000004        10984.483922422205     
   3.5030500000000004        10984.580065508859     
   3.5030600000000005        10984.478193042502     
   3.5030700000000001        10984.606237606993     
   3.5030800000000002        10984.534143294904     
   3.5030900000000003        10984.615995960989     
   3.5031000000000003        10984.587563500492     
   3.5031100000000004        10984.678342484984     
   3.5031200000000005        10984.644090355048     
   3.5031300000000001        10984.720740869532     
   3.5031400000000001        10984.735079948168     
   3.5031500000000002        10984.770001133551     
   3.5031600000000003        10984.737768860707     
   3.5031700000000003        10984.785755114211     
   3.5031800000000004        10984.730347934070     
   3.5031900000000005        10984.786220665750     
   3.5032000000000001        10984.731358923131     
   3.5032100000000002        10984.754806865059     
   3.5032200000000002        10984.756364079092     
   3.5032300000000003        10984.777140943506     
   3.5032400000000004        10984.675186319433     
   3.5032500000000004        10984.770499541606     
   3.5032600000000005        10984.658237660127     
   3.5032700000000001        10984.774148791263     
   3.5032800000000002        10984.678915517748     
   3.5032900000000002        10984.776666672235     
   3.5033000000000003        10984.708334886449     
   3.5033100000000004        10984.773301451387     
   3.5033200000000004        10984.774106822073     
   3.5033300000000005        10984.874260678182     
   3.5033400000000001        10984.787107397393     
   3.5033500000000002        10984.867188303047     
   3.5033600000000003        10984.810211843738     
   3.5033700000000003        10984.841353807044     
   3.5033800000000004        10984.831819076444     
   3.5033900000000004        10984.823073874448     
   3.5034000000000001        10984.842576808982     
   3.5034100000000001        10984.796739156411     
   3.5034200000000002        10984.819683336640     
   3.5034300000000003        10984.783825910159     
   3.5034400000000003        10984.814384878599     
   3.5034500000000004        10984.790236804312     
   3.5034600000000005        10984.814104362029     
   3.5034700000000001        10984.829215434866     
   3.5034800000000001        10984.790619988551     
   3.5034900000000002        10984.825372260813     
   3.5035000000000003        10984.745910390899     
   3.5035100000000003        10984.835141208407     
   3.5035200000000004        10984.780472897008     
   3.5035300000000005        10984.885167459192     
   3.5035400000000001        10984.803683676146     
   3.5035500000000002        10984.892976097619     
   3.5035600000000002        10984.790341498287     
   3.5035700000000003        10984.873883807675     
   3.5035800000000004        10984.777686535563     
   3.5035900000000004        10984.881092363494     
   3.5036000000000005        10984.748730869664     
   3.5036100000000001        10984.906859974964     
   3.5036200000000002        10984.795754477702     
   3.5036300000000002        10984.919334527478     
   3.5036400000000003        10984.808302794494     
   3.5036500000000004        10984.947808551860     
   3.5036600000000004        10984.828362820750     
   3.5036700000000005        10984.937188023927     
   3.5036800000000001        10984.852007607133     
   3.5036900000000002        10984.891780062821     
   3.5037000000000003        10984.852706684713     
   3.5037100000000003        10984.865664640756     
   3.5037200000000004        10984.839806366339     
   3.5037300000000005        10984.810364750854     
   3.5037400000000001        10984.796439266587     
   3.5037500000000001        10984.815942060966     
   3.5037600000000002        10984.828834188971     
   3.5037700000000003        10984.794353358595     
   3.5037800000000003        10984.825217498399     
   3.5037900000000004        10984.823969617533     
   3.5038000000000005        10984.888252974893     
   3.5038100000000001        10984.863382721876     
   3.5038200000000002        10984.943897996338     
   3.5038300000000002        10984.868325262012     
   3.5038400000000003        10984.983413114536     
   3.5038500000000004        10984.851184932953     
   3.5038600000000004        10984.983653659574     
   3.5038700000000005        10984.862966625011     
   3.5038800000000001        10984.956770060875     
   3.5038900000000002        10984.875690030796     
   3.5039000000000002        10984.936181127827     
   3.5039100000000003        10984.877834282448     
   3.5039200000000004        10984.931328968360     
   3.5039300000000004        10984.889939128307     
   3.5039400000000005        10984.934107950783     
   3.5039500000000001        10984.919013547167     
   3.5039600000000002        10984.909505467684     
   3.5039700000000003        10984.911019849707     
   3.5039800000000003        10984.940548535285     
   3.5039900000000004        10984.925962589576     
   3.5040000000000004        10984.905825865324     
   3.5040100000000001        10984.888482460512     
   3.5040200000000001        10984.895408207538     
   3.5040300000000002        10984.931588985566     
   3.5040400000000003        10984.899976240224     
   3.5040500000000003        10984.987694076091     
   3.5040600000000004        10984.930151223345     
   3.5040700000000005        10984.967465494992     
   3.5040800000000001        10984.908719907435     
   3.5040900000000001        10984.981082183604     
   3.5041000000000002        10984.863649838351     
   3.5041100000000003        10984.965389517643     
   3.5041200000000003        10984.902280223027     
   3.5041300000000004        10984.930376261842     
   3.5041400000000005        10984.879197356298     
   3.5041500000000001        10984.951103572999     
   3.5041600000000002        10984.907110365253     
   3.5041700000000002        10985.006247284387     
   3.5041800000000003        10984.878056840045     
   3.5041900000000004        10985.029824527421     
   3.5042000000000004        10984.883579604448     
   3.5042100000000005        10985.035795145986     
   3.5042200000000001        10984.889581284153     
   3.5042300000000002        10985.019965239104     
   3.5042400000000002        10984.907965519105     
   3.5042500000000003        10985.053319123817     
   3.5042600000000004        10984.922918613931     
   3.5042700000000004        10985.058166027991     
   3.5042800000000005        10985.014758864107     
   3.5042900000000001        10985.031758956249     
   3.5043000000000002        10985.045884508880     
   3.5043100000000003        10985.056818747389     
   3.5043200000000003        10985.043615958299     
   3.5043300000000004        10985.122041404496     
   3.5043400000000005        10985.018402083728     
   3.5043500000000001        10985.061756094450     
   3.5043600000000001        10985.019488149794     
   3.5043700000000002        10985.046133229365     
   3.5043800000000003        10984.992698734388     
   3.5043900000000003        10985.032602684520     
   3.5044000000000004        10984.931873771618     
   3.5044100000000005        10984.977310203407     
   3.5044200000000001        10984.890082885007     
   3.5044300000000002        10984.972482221490     
   3.5044400000000002        10984.861400689022     
   3.5044500000000003        10985.008408851780     
   3.5044600000000004        10984.881440748944     
   3.5044700000000004        10985.043708513749     
   3.5044800000000005        10984.945035817163     
   3.5044900000000001        10985.060457539841     
   3.5045000000000002        10984.998095198949     
   3.5045100000000002        10985.146654097083     
   3.5045200000000003        10985.083264597904     
   3.5045300000000004        10985.207056185232     
   3.5045400000000004        10985.170705620429     
   3.5045500000000005        10985.199767957043     
   3.5045600000000001        10985.229353296136     
   3.5045700000000002        10985.204977280862     
   3.5045800000000003        10985.267132082494     
   3.5045900000000003        10985.212167597594     
   3.5046000000000004        10985.218058515369     
   3.5046100000000004        10985.148650454805     
   3.5046200000000001        10985.176780241718     
   3.5046300000000001        10985.101420555678     
   3.5046400000000002        10985.145716386960     
   3.5046500000000003        10985.098045079234     
   3.5046600000000003        10985.068112064399     
   3.5046700000000004        10985.096440103409     
   3.5046800000000005        10985.035650166796     
   3.5046900000000001        10985.038934761373     
   3.5047000000000001        10985.038924701561     
   3.5047100000000002        10985.054802643552     
   3.5047200000000003        10985.019629830374     
   3.5047300000000003        10985.047409744917     
   3.5047400000000004        10985.069698441001     
   3.5047500000000005        10985.019526422397     
   3.5047600000000001        10985.088852489474     
   3.5047700000000002        10985.012420148301     
   3.5047800000000002        10985.110500636958     
   3.5047900000000003        10985.068914238376     
   3.5048000000000004        10985.154829621144     
   3.5048100000000004        10985.063274540242     
   3.5048200000000005        10985.164152285648     
   3.5048300000000001        10985.090714922118     
   3.5048400000000002        10985.216219413656     
   3.5048500000000002        10985.084458680882     
   3.5048600000000003        10985.225219206286     
   3.5048700000000004        10985.123915860220     
   3.5048800000000004        10985.210061297477     
   3.5048900000000005        10985.124023798149     
   3.5049000000000001        10985.180529671994     
   3.5049100000000002        10985.094926142587     
   3.5049200000000003        10985.166388850741     
   3.5049300000000003        10985.057614824533     
   3.5049400000000004        10985.153263663105     
   3.5049500000000005        10985.043278625602     
   3.5049600000000001        10985.116100233636     
   3.5049700000000001        10985.059926583503     
   3.5049800000000002        10985.111480775438     
   3.5049900000000003        10985.079802078397     
   3.5050000000000003        10985.091223104353     
   3.5050100000000004        10985.115661278112     
   3.5050200000000005        10985.095949239452     
   3.5050300000000001        10985.086539029249     
   3.5050400000000002        10985.095734822024     
   3.5050500000000002        10985.134441465107     
   3.5050600000000003        10985.117263297203     
   3.5050700000000004        10985.131907253282     
   3.5050800000000004        10985.143360056480     
   3.5050900000000005        10985.114440516758     
   3.5051000000000001        10985.191404831419     
   3.5051100000000002        10985.081670431091     
   3.5051200000000002        10985.227039268739     
   3.5051300000000003        10985.039835976722     
   3.5051400000000004        10985.184092183848     
   3.5051500000000004        10985.039230664253     
   3.5051600000000005        10985.195155979880     
   3.5051700000000001        10985.092256200671     
   3.5051800000000002        10985.187183882053     
   3.5051900000000002        10985.150557539095     
   3.5052000000000003        10985.208970616422     
   3.5052100000000004        10985.171850870520     
   3.5052200000000004        10985.192894729025     
   3.5052300000000001        10985.185112954718     
   3.5052400000000001        10985.231985506236     
   3.5052500000000002        10985.181142416759     
   3.5052600000000003        10985.288923308621     
   3.5052700000000003        10985.199478432472     
   3.5052800000000004        10985.281856652495     
   3.5052900000000005        10985.189828573089     
   3.5053000000000001        10985.260552474469     
   3.5053100000000001        10985.237925281781     
   3.5053200000000002        10985.230340956066     
   3.5053300000000003        10985.249627294848     
   3.5053400000000003        10985.233789794735     
   3.5053500000000004        10985.253628996294     
   3.5053600000000005        10985.202046487153     
   3.5053700000000001        10985.256294096700     
   3.5053800000000002        10985.174515225230     
   3.5053900000000002        10985.253722856272     
   3.5054000000000003        10985.140129764251     
   3.5054100000000004        10985.223005831560     
   3.5054200000000004        10985.113511012823     
   3.5054300000000005        10985.118354802633     
   3.5054400000000001        10985.163014030986     
   3.5054500000000002        10985.071768568847     
   3.5054600000000002        10985.112075213245     
   3.5054700000000003        10985.046237251552     
   3.5054800000000004        10985.126175282625     
   3.5054900000000004        10985.103464464315     
   3.5055000000000005        10985.157747792584     
   3.5055100000000001        10985.126749274650     
   3.5055200000000002        10985.223825731722     
   3.5055300000000003        10985.173511464371     
   3.5055400000000003        10985.272321318243     
   3.5055500000000004        10985.218159595190     
   3.5055600000000005        10985.275641258351     
   3.5055700000000001        10985.274116687990     
   3.5055800000000001        10985.249445209130     
   3.5055900000000002        10985.286123377084     
   3.5056000000000003        10985.262645345470     
   3.5056100000000003        10985.318045364096     
   3.5056200000000004        10985.232918726333     
   3.5056300000000005        10985.279768621887     
   3.5056400000000001        10985.209124403709     
   3.5056500000000002        10985.253234891816     
   3.5056600000000002        10985.208929089749     
   3.5056700000000003        10985.188515100604     
   3.5056800000000004        10985.239534220429     
   3.5056900000000004        10985.181157008625     
   3.5057000000000005        10985.215412600626     
   3.5057100000000001        10985.183466010638     
   3.5057200000000002        10985.252331016734     
   3.5057300000000002        10985.200382898234     
   3.5057400000000003        10985.294301133747     
   3.5057500000000004        10985.223448670444     
   3.5057600000000004        10985.300272283826     
   3.5057700000000005        10985.290037090286     
   3.5057800000000001        10985.334431321027     
   3.5057900000000002        10985.314199023838     
   3.5058000000000002        10985.305289870657     
   3.5058100000000003        10985.349880499980     
   3.5058200000000004        10985.343175230309     
   3.5058300000000004        10985.334153181173     
   3.5058400000000001        10985.376376965563     
   3.5058500000000001        10985.320645316604     
   3.5058600000000002        10985.351847115184     
   3.5058700000000003        10985.311387598918     
   3.5058800000000003        10985.275892997533     
   3.5058900000000004        10985.335682054027     
   3.5059000000000005        10985.255530597597     
   3.5059100000000001        10985.312080631862     
   3.5059200000000001        10985.218499272311     
   3.5059300000000002        10985.278966826674     
   3.5059400000000003        10985.217733249878     
   3.5059500000000003        10985.242494116445     
   3.5059600000000004        10985.219651874224     
   3.5059700000000005        10985.224286076929     
   3.5059800000000001        10985.251273858381     
   3.5059900000000002        10985.224521191785     
   3.5060000000000002        10985.191505566838     
   3.5060100000000003        10985.278190256689     
   3.5060200000000004        10985.200251719041     
   3.5060300000000004        10985.239854723253     
   3.5060400000000005        10985.182025775564     
   3.5060500000000001        10985.219679592388     
   3.5060600000000002        10985.211061241307     
   3.5060700000000002        10985.213835285769     
   3.5060800000000003        10985.246986677317     
   3.5060900000000004        10985.214552001555     
   3.5061000000000004        10985.269652446470     
   3.5061100000000005        10985.287679049352     
   3.5061200000000001        10985.279430430264     
   3.5061300000000002        10985.283083286900     
   3.5061400000000003        10985.296549427132     
   3.5061500000000003        10985.321032429918     
   3.5061600000000004        10985.286597581768     
   3.5061700000000005        10985.352543589604     
   3.5061800000000001        10985.283600299674     
   3.5061900000000001        10985.374749726512     
   3.5062000000000002        10985.278497278272     
   3.5062100000000003        10985.390399015190     
   3.5062200000000003        10985.307024939717     
   3.5062300000000004        10985.379364338080     
   3.5062400000000005        10985.310536807332     
   3.5062500000000001        10985.373360355918     
   3.5062600000000002        10985.286259536861     
   3.5062700000000002        10985.324256871025     
   3.5062800000000003        10985.241570659082     
   3.5062900000000004        10985.298767129685     
   3.5063000000000004        10985.245153300035     
   3.5063100000000005        10985.304946831908     
   3.5063200000000001        10985.214899450950     
   3.5063300000000002        10985.293207448554     
   3.5063400000000002        10985.161703718599     
   3.5063500000000003        10985.249175472545     
   3.5063600000000004        10985.183138414719     
   3.5063700000000004        10985.212453465898     
   3.5063800000000005        10985.167669745073     
   3.5063900000000001        10985.215079071399     
   3.5064000000000002        10985.159934195850     
   3.5064100000000002        10985.203744551918     
   3.5064200000000003        10985.174528477350     
   3.5064300000000004        10985.242779617989     
   3.5064400000000004        10985.233184885834     
   3.5064500000000001        10985.257156560318     
   3.5064600000000001        10985.288388733177     
   3.5064700000000002        10985.271270651408     
   3.5064800000000003        10985.339762589678     
   3.5064900000000003        10985.303246174803     
   3.5065000000000004        10985.377764736962     
   3.5065100000000005        10985.333047955059     
   3.5065200000000001        10985.373231237374     
   3.5065300000000001        10985.314423385376     
   3.5065400000000002        10985.371049768057     
   3.5065500000000003        10985.345455971090     
   3.5065600000000003        10985.395490450641     
   3.5065700000000004        10985.308714659745     
   3.5065800000000005        10985.382105873503     
   3.5065900000000001        10985.267425270735     
   3.5066000000000002        10985.397088447529     
   3.5066100000000002        10985.278204358867     
   3.5066200000000003        10985.357693776026     
   3.5066300000000004        10985.296159007377     
   3.5066400000000004        10985.283331434992     
   3.5066500000000005        10985.275362899460     
   3.5066600000000001        10985.298214654862     
   3.5066700000000002        10985.283339726500     
   3.5066800000000002        10985.305627700363     
   3.5066900000000003        10985.268754024071     
   3.5067000000000004        10985.313154688842     
   3.5067100000000004        10985.243599100428     
   3.5067200000000005        10985.256855868587     
   3.5067300000000001        10985.209351251176     
   3.5067400000000002        10985.228778663797     
   3.5067500000000003        10985.217654791337     
   3.5067600000000003        10985.222479049773     
   3.5067700000000004        10985.175793015211     
   3.5067800000000005        10985.235185837930     
   3.5067900000000001        10985.164522333416     
   3.5068000000000001        10985.281715831630     
   3.5068100000000002        10985.141844452475     
   3.5068200000000003        10985.315398711567     
   3.5068300000000003        10985.167906789222     
   3.5068400000000004        10985.365377486220     
   3.5068500000000005        10985.185239009017     
   3.5068600000000001        10985.387013332458     
   3.5068700000000002        10985.270596142354     
   3.5068800000000002        10985.406983539608     
   3.5068900000000003        10985.285299688239     
   3.5069000000000004        10985.403789002890     
   3.5069100000000004        10985.351297666406     
   3.5069200000000005        10985.364246016623     
   3.5069300000000001        10985.353670401242     
   3.5069400000000002        10985.380567199765     
   3.5069500000000002        10985.377439532909     
   3.5069600000000003        10985.393787948464     
   3.5069700000000004        10985.412270743007     
   3.5069800000000004        10985.375904117063     
   3.5069900000000005        10985.405782100668     
   3.5070000000000001        10985.360835713658     
   3.5070100000000002        10985.395555036310     
   3.5070200000000002        10985.353724178625     
   3.5070300000000003        10985.383068256320     
   3.5070400000000004        10985.361191956998     
   3.5070500000000004        10985.384575354226     
   3.5070600000000001        10985.341797759482     
   3.5070700000000001        10985.375225065678     
   3.5070800000000002        10985.356443913866     
   3.5070900000000003        10985.352515135004     
   3.5071000000000003        10985.385451117249     
   3.5071100000000004        10985.336687269768     
   3.5071200000000005        10985.375256598707     
   3.5071300000000001        10985.337262922931     
   3.5071400000000001        10985.370453302550     
   3.5071500000000002        10985.330112242073     
   3.5071600000000003        10985.363800289282     
   3.5071700000000003        10985.361343461627     
   3.5071800000000004        10985.348630031440     
   3.5071900000000005        10985.389678908199     
   3.5072000000000001        10985.359326770895     
   3.5072100000000002        10985.362676925160     
   3.5072200000000002        10985.359208460739     
   3.5072300000000003        10985.352069751076     
   3.5072400000000004        10985.341849380819     
   3.5072500000000004        10985.378688155723     
   3.5072600000000005        10985.353427022563     
   3.5072700000000001        10985.356767979776     
   3.5072800000000002        10985.374663065748     
   3.5072900000000002        10985.368885563261     
   3.5073000000000003        10985.381850458261     
   3.5073100000000004        10985.388422046028     
   3.5073200000000004        10985.399317303883     
   3.5073300000000005        10985.407132094713     
   3.5073400000000001        10985.394635550037     
   3.5073500000000002        10985.410178738412     
   3.5073600000000003        10985.380553300838     
   3.5073700000000003        10985.370008705400     
   3.5073800000000004        10985.361095534470     
   3.5073900000000005        10985.375957510440     
   3.5074000000000001        10985.315479690145     
   3.5074100000000001        10985.341066985513     
   3.5074200000000002        10985.340317176428     
   3.5074300000000003        10985.319792024624     
   3.5074400000000003        10985.354006019677     
   3.5074500000000004        10985.359098446856     
   3.5074600000000005        10985.362313857380     
   3.5074700000000001        10985.371863532704     
   3.5074800000000002        10985.371318914655     
   3.5074900000000002        10985.339207734918     
   3.5075000000000003        10985.354681348574     
   3.5075100000000003        10985.306402617023     
   3.5075200000000004        10985.317214321150     
   3.5075300000000005        10985.302838720190     
   3.5075400000000001        10985.307560505973     
   3.5075500000000002        10985.311343564261     
   3.5075600000000002        10985.289868155882     
   3.5075700000000003        10985.303738952225     
   3.5075800000000004        10985.292520352961     
   3.5075900000000004        10985.289618623878     
   3.5076000000000005        10985.287852301261     
   3.5076100000000001        10985.276123357185     
   3.5076200000000002        10985.276423476416     
   3.5076300000000002        10985.267025965433     
   3.5076400000000003        10985.274538297195     
   3.5076500000000004        10985.278296707653     
   3.5076600000000004        10985.275422192892     
   3.5076700000000001        10985.247804811761     
   3.5076800000000001        10985.251676471293     
   3.5076900000000002        10985.245583199167     
   3.5077000000000003        10985.233968131628     
   3.5077100000000003        10985.260161392018     
   3.5077200000000004        10985.215632095225     
   3.5077300000000005        10985.248089964489     
   3.5077400000000001        10985.212217872491     
   3.5077500000000001        10985.259105939160     
   3.5077600000000002        10985.239371018690     
   3.5077700000000003        10985.247067230683     
   3.5077800000000003        10985.251816446922     
   3.5077900000000004        10985.267542670934     
   3.5078000000000005        10985.246893352716     
   3.5078100000000001        10985.272074099603     
   3.5078200000000002        10985.263144587263     
   3.5078300000000002        10985.280574269516     
   3.5078400000000003        10985.246803380673     
   3.5078500000000004        10985.294359929045     
   3.5078600000000004        10985.269460946633     
   3.5078700000000005        10985.296275801653     
   3.5078800000000001        10985.287625306481     
   3.5078900000000002        10985.305594049789     
   3.5079000000000002        10985.317354170264     
   3.5079100000000003        10985.342433295547     
   3.5079200000000004        10985.312552284830     
   3.5079300000000004        10985.339597931570     
   3.5079400000000005        10985.341351977506     
   3.5079500000000001        10985.333474149611     
   3.5079600000000002        10985.340264450693     
   3.5079700000000003        10985.354295482575     
   3.5079800000000003        10985.290759633952     
   3.5079900000000004        10985.292790972202     
   3.5080000000000005        10985.280331727245     
   3.5080100000000001        10985.275210072481     
   3.5080200000000001        10985.280504403463     
   3.5080300000000002        10985.206145983675     
   3.5080400000000003        10985.208595621531     
   3.5080500000000003        10985.192382206533     
   3.5080600000000004        10985.176351614065     
   3.5080700000000005        10985.164136029493     
   3.5080800000000001        10985.163735724154     
   3.5080900000000002        10985.168090669295     
   3.5081000000000002        10985.138751697465     
   3.5081100000000003        10985.160055157019     
   3.5081200000000003        10985.143753655486     
   3.5081300000000004        10985.139432261498     
   3.5081400000000005        10985.153541759568     
   3.5081500000000001        10985.140786093223     
   3.5081600000000002        10985.162717828493     
   3.5081700000000002        10985.149965111244     
   3.5081800000000003        10985.127352025851     
   3.5081900000000004        10985.151550916002     
   3.5082000000000004        10985.117843071612     
   3.5082100000000005        10985.148523965121     
   3.5082200000000001        10985.094111333456     
   3.5082300000000002        10985.145399901712     
   3.5082400000000002        10985.119855325800     
   3.5082500000000003        10985.107991557652     
   3.5082600000000004        10985.129259079296     
   3.5082700000000004        10985.088507025770     
   3.5082800000000001        10985.162647570187     
   3.5082900000000001        10985.103968057329     
   3.5083000000000002        10985.190616261627     
   3.5083100000000003        10985.138942843463     
   3.5083200000000003        10985.140789565199     
   3.5083300000000004        10985.157183398613     
   3.5083400000000005        10985.135769231543     
   3.5083500000000001        10985.192563867276     
   3.5083600000000001        10985.155751446679     
   3.5083700000000002        10985.173828858606     
   3.5083800000000003        10985.141861396631     
   3.5083900000000003        10985.162156523063     
   3.5084000000000004        10985.131960069588     
   3.5084100000000005        10985.138403264600     
   3.5084200000000001        10985.090950657324     
   3.5084300000000002        10985.128903679401     
   3.5084400000000002        10985.060259261521     
   3.5084500000000003        10985.084012278005     
   3.5084600000000004        10985.003495853400     
   3.5084700000000004        10985.065656089995     
   3.5084800000000005        10984.988888532267     
   3.5084900000000001        10985.042526323277     
   3.5085000000000002        10984.993956770491     
   3.5085100000000002        10985.001353785341     
   3.5085200000000003        10985.008066395183     
   3.5085300000000004        10985.000458923894     
   3.5085400000000004        10985.002135960960     
   3.5085500000000005        10985.007901246938     
   3.5085600000000001        10985.027318743214     
   3.5085700000000002        10984.995448614160     
   3.5085800000000003        10985.044426157390     
   3.5085900000000003        10985.016287495782     
   3.5086000000000004        10985.076151661089     
   3.5086100000000005        10985.058646480446     
   3.5086200000000001        10985.107828934375     
   3.5086300000000001        10985.055646207406     
   3.5086400000000002        10985.094541958195     
   3.5086500000000003        10985.061261885263     
   3.5086600000000003        10985.091441730185     
   3.5086700000000004        10985.056799777909     
   3.5086800000000005        10985.082022762996     
   3.5086900000000001        10985.068682906587     
   3.5087000000000002        10985.083945944638     
   3.5087100000000002        10985.071403383761     
   3.5087200000000003        10985.066674214544     
   3.5087300000000003        10985.067466618300     
   3.5087400000000004        10985.072543418142     
   3.5087500000000005        10985.054813426028     
   3.5087600000000001        10985.049949784643     
   3.5087700000000002        10985.041206847613     
   3.5087800000000002        10985.015205351709     
   3.5087900000000003        10985.007403178981     
   3.5088000000000004        10984.999557395997     
   3.5088100000000004        10984.985378328907     
   3.5088200000000005        10984.984244413530     
   3.5088300000000001        10984.954401264931     
   3.5088400000000002        10984.962780183549     
   3.5088500000000002        10984.940094291431     
   3.5088600000000003        10984.932134413100     
   3.5088700000000004        10984.933091275770     
   3.5088800000000004        10984.913783618784     
   3.5088900000000005        10984.942140771584     
   3.5089000000000001        10984.891169692733     
   3.5089100000000002        10984.943598789929     
   3.5089200000000003        10984.888919773255     
   3.5089300000000003        10984.946543037155     
   3.5089400000000004        10984.898573775903     
   3.5089500000000005        10984.940136674446     
   3.5089600000000001        10984.918325766550     
   3.5089700000000001        10984.928398053566     
   3.5089800000000002        10984.941512975389     
   3.5089900000000003        10984.937199882779     
   3.5090000000000003        10984.937762453088     
   3.5090100000000004        10984.935576949631     
   3.5090200000000005        10984.957105802692     
   3.5090300000000001        10984.936501391656     
   3.5090400000000002        10984.960922580829     
   3.5090500000000002        10984.928519105655     
   3.5090600000000003        10984.928114379418     
   3.5090700000000004        10984.917900751518     
   3.5090800000000004        10984.921765863361     
   3.5090900000000005        10984.923425082421     
   3.5091000000000001        10984.902188931961     
   3.5091100000000002        10984.909215478396     
   3.5091200000000002        10984.882621185057     
   3.5091300000000003        10984.881072490931     
   3.5091400000000004        10984.876910958918     
   3.5091500000000004        10984.876281719733     
   3.5091600000000005        10984.871468034229     
   3.5091700000000001        10984.869678322992     
   3.5091800000000002        10984.856199987513     
   3.5091900000000003        10984.852036738073     
   3.5092000000000003        10984.851815289461     
   3.5092100000000004        10984.837089999774     
   3.5092200000000005        10984.843726127521     
   3.5092300000000001        10984.830079171226     
   3.5092400000000001        10984.841905184561     
   3.5092500000000002        10984.816796877620     
   3.5092600000000003        10984.855902142026     
   3.5092700000000003        10984.809831093340     
   3.5092800000000004        10984.860033335270     
   3.5092900000000005        10984.818564535379     
   3.5093000000000001        10984.892619839346     
   3.5093100000000002        10984.833663472587     
   3.5093200000000002        10984.905377061834     
   3.5093300000000003        10984.856918200903     
   3.5093400000000003        10984.904781218900     
   3.5093500000000004        10984.872422334782     
   3.5093600000000005        10984.910796848766     
   3.5093700000000001        10984.897435634553     
   3.5093800000000002        10984.914179632748     
   3.5093900000000002        10984.914216897063     
   3.5094000000000003        10984.912494347487     
   3.5094100000000004        10984.921133186648     
   3.5094200000000004        10984.907286476920     
   3.5094300000000005        10984.902521374695     
   3.5094400000000001        10984.892775418635     
   3.5094500000000002        10984.876451187156     
   3.5094600000000002        10984.869584979519     
   3.5094700000000003        10984.852612394967     
   3.5094800000000004        10984.851942107472     
   3.5094900000000004        10984.830282520037     
   3.5095000000000005        10984.825530529823     
   3.5095100000000001        10984.811575822594     
   3.5095200000000002        10984.808398663467     
   3.5095300000000003        10984.800918724894     
   3.5095400000000003        10984.768795775379     
   3.5095500000000004        10984.791899815718     
   3.5095600000000005        10984.769376164739     
   3.5095700000000001        10984.795824484438     
   3.5095800000000001        10984.775060861264     
   3.5095900000000002        10984.809509057299     
   3.5096000000000003        10984.780104773086     
   3.5096100000000003        10984.810891173420     
   3.5096200000000004        10984.789049264999     
   3.5096300000000005        10984.812074008152     
   3.5096400000000001        10984.797639961307     
   3.5096500000000002        10984.808793505756     
   3.5096600000000002        10984.791815180768     
   3.5096700000000003        10984.801634870011     
   3.5096800000000004        10984.780029987060     
   3.5096900000000004        10984.786816108683     
   3.5097000000000005        10984.774680850962     
   3.5097100000000001        10984.777635563885     
   3.5097200000000002        10984.777330665651     
   3.5097300000000002        10984.776811715086     
   3.5097400000000003        10984.776080748779     
   3.5097500000000004        10984.772255049209     
   3.5097600000000004        10984.770510253717     
   3.5097700000000005        10984.764967976374     
   3.5097800000000001        10984.774235312079     
   3.5097900000000002        10984.760887438179     
   3.5098000000000003        10984.786386897485     
   3.5098100000000003        10984.773496297446     
   3.5098200000000004        10984.771404504412     
   3.5098300000000004        10984.772913220062     
   3.5098400000000001        10984.769257022537     
   3.5098500000000001        10984.772938586788     
   3.5098600000000002        10984.769720622693     
   3.5098700000000003        10984.768376468657     
   3.5098800000000003        10984.759732157574     
   3.5098900000000004        10984.753576264695     
   3.5099000000000005        10984.748760611248     
   3.5099100000000001        10984.741191451332     
   3.5099200000000002        10984.746814466891     
   3.5099300000000002        10984.731898575254     
   3.5099400000000003        10984.731844387084     
   3.5099500000000003        10984.723176494235     
   3.5099600000000004        10984.729160975738     
   3.5099700000000005        10984.716089421301     
   3.5099800000000001        10984.722429452029     
   3.5099900000000002        10984.718267552043     
   3.5100000000000002        10984.717599626263     
