   3.5000000000000004       0.87460048022669434     
   3.5000100000000001       0.97943080905670232     
   3.5000200000000001       0.85174075049658116     
   3.5000300000000002        1.0012893070213957     
   3.5000400000000003       0.85431772729283839     
   3.5000500000000003        1.0164210896942731     
   3.5000600000000004       0.86209212183693851     
   3.5000700000000005        1.0077959186256853     
   3.5000800000000001       0.85613947815948588     
   3.5000900000000001        1.0426533208931854     
   3.5001000000000002       0.86245961662950543     
   3.5001100000000003        1.0709831788921111     
   3.5001200000000003       0.87133219675072526     
   3.5001300000000004        1.0419099768100852     
   3.5001400000000005       0.90087101801592717     
   3.5001500000000001        1.0057429692164441     
   3.5001600000000002       0.89099404561193296     
   3.5001700000000002       0.96642447899492434     
   3.5001800000000003       0.97929596391291795     
   3.5001900000000004       0.97103744196841779     
   3.5002000000000004       0.93791118014401698     
   3.5002100000000005       0.97050053383094070     
   3.5002200000000001       0.93254932856163208     
   3.5002300000000002       0.92333590090309281     
   3.5002400000000002       0.98468555684747461     
   3.5002500000000003       0.92261930605181752     
   3.5002600000000004       0.96738277985717225     
   3.5002700000000004       0.95514323504053689     
   3.5002800000000005       0.94544763395380993     
   3.5002900000000001       0.99073938131590089     
   3.5003000000000002       0.94055293209770985     
   3.5003100000000003       0.97649234418481778     
   3.5003200000000003       0.95990096730064312     
   3.5003300000000004       0.94784226671763361     
   3.5003400000000005       0.97324714472948515     
   3.5003500000000001       0.92591255999812050     
   3.5003600000000001       0.98814010064025903     
   3.5003700000000002       0.93289605512043150     
   3.5003800000000003       0.95359239508098748     
   3.5003900000000003       0.99718162201904170     
   3.5004000000000004       0.92802408009325388     
   3.5004100000000005       0.99439785704591621     
   3.5004200000000001       0.94556290410773502     
   3.5004300000000002       0.98833209537900024     
   3.5004400000000002       0.95965960761671443     
   3.5004500000000003       0.98551496387934645     
   3.5004600000000003       0.97755439918275377     
   3.5004700000000004       0.96487676224078545     
   3.5004800000000005       0.96311108136910328     
   3.5004900000000001       0.99367764427726812     
   3.5005000000000002       0.94473023602373873     
   3.5005100000000002        1.0264510968164482     
   3.5005200000000003       0.95895292422099687     
   3.5005300000000004        1.0239098093512151     
   3.5005400000000004       0.99699298276210058     
   3.5005500000000005        1.0014530668370512     
   3.5005600000000001        1.0098962788512893     
   3.5005700000000002        1.0006608358292630     
   3.5005800000000002        1.0015640079245784     
   3.5005900000000003       0.99240948873004442     
   3.5006000000000004        1.0334901848695588     
   3.5006100000000004       0.99403035254547301     
   3.5006200000000001       0.97846599159460712     
   3.5006300000000001       0.97903372721075022     
   3.5006400000000002       0.97246658678943210     
   3.5006500000000003       0.95525209071399808     
   3.5006600000000003        1.0278140074833015     
   3.5006700000000004       0.91122754719819832     
   3.5006800000000005        1.0048781440199994     
   3.5006900000000001       0.92524694408800645     
   3.5007000000000001        1.0059764196000114     
   3.5007100000000002       0.94796541166925297     
   3.5007200000000003       0.95998255805478871     
   3.5007300000000003       0.96610957781978402     
   3.5007400000000004       0.94925188221913659     
   3.5007500000000005       0.94897963200172974     
   3.5007600000000001       0.94786685557470352     
   3.5007700000000002       0.93876873829248864     
   3.5007800000000002       0.96501117577803730     
   3.5007900000000003       0.93769778472831311     
   3.5008000000000004       0.96430381601754411     
   3.5008100000000004       0.91702859941786086     
   3.5008200000000005       0.96678391956818754     
   3.5008300000000001       0.90819105033916581     
   3.5008400000000002       0.96503786082823906     
   3.5008500000000002       0.98188133945741651     
   3.5008600000000003       0.93348002576821765     
   3.5008700000000004       0.95472683397675295     
   3.5008800000000004       0.93132785397247730     
   3.5008900000000005       0.98270457454976035     
   3.5009000000000001       0.94728741029136410     
   3.5009100000000002       0.98717463578594455     
   3.5009200000000003       0.95519657921249146     
   3.5009300000000003       0.97288423163198090     
   3.5009400000000004       0.95553254369913343     
   3.5009500000000005       0.97073482278278389     
   3.5009600000000001       0.95265109338339382     
   3.5009700000000001       0.94426880876989883     
   3.5009800000000002       0.98176901706150321     
   3.5009900000000003       0.91508067603006460     
   3.5010000000000003       0.94860201135290301     
   3.5010100000000004       0.93695558767463127     
   3.5010200000000005       0.95094050519278028     
   3.5010300000000001       0.92840680390545283     
   3.5010400000000002       0.98505393606207603     
   3.5010500000000002       0.91513515857023275     
   3.5010600000000003       0.98938696488499667     
   3.5010700000000003       0.91620680844707292     
   3.5010800000000004       0.99417931434516149     
   3.5010900000000005       0.93963090143400729     
   3.5011000000000001       0.99069504955114673     
   3.5011100000000002       0.92203392000255313     
   3.5011200000000002       0.97477814829105602     
   3.5011300000000003       0.94540476540574125     
   3.5011400000000004       0.97841419504200744     
   3.5011500000000004       0.95215083349360019     
   3.5011600000000005       0.98147772097089425     
   3.5011700000000001       0.96457367408951555     
   3.5011800000000002       0.98168565646861883     
   3.5011900000000002       0.96451411578335511     
   3.5012000000000003       0.99116924791948602     
   3.5012100000000004       0.93086441115335528     
   3.5012200000000004       0.97259795390812465     
   3.5012300000000001       0.90064979701579706     
   3.5012400000000001       0.97220765899881034     
   3.5012500000000002       0.90746477090113176     
   3.5012600000000003       0.96756287166096244     
   3.5012700000000003       0.92831178984238727     
   3.5012800000000004        1.0104060678323386     
   3.5012900000000005       0.93019132453458331     
   3.5013000000000001        1.0223516595140987     
   3.5013100000000001       0.91978353480775166     
   3.5013200000000002        1.0892461461515857     
   3.5013300000000003       0.91527800950997962     
   3.5013400000000003        1.1067323027848370     
   3.5013500000000004       0.95288616160873474     
   3.5013600000000005        1.1284331682547803     
   3.5013700000000001       0.95699741080635814     
   3.5013800000000002        1.0836611272965111     
   3.5013900000000002       0.96347074312868497     
   3.5014000000000003        1.0728301961079247     
   3.5014100000000004       0.96548393945162370     
   3.5014200000000004        1.0157215130848831     
   3.5014300000000005       0.94178700480355548     
   3.5014400000000001        1.0043440674438908     
   3.5014500000000002       0.94135906764114463     
   3.5014600000000002       0.96136434990192632     
   3.5014700000000003       0.91152948689912450     
   3.5014800000000004       0.95158014199971763     
   3.5014900000000004       0.91780639945619802     
   3.5015000000000005       0.95430581806013681     
   3.5015100000000001       0.92524039421995274     
   3.5015200000000002       0.94654125363964714     
   3.5015300000000003       0.95286575274152041     
   3.5015400000000003       0.97975711000389742     
   3.5015500000000004       0.92191466673212918     
   3.5015600000000004       0.97567473470788313     
   3.5015700000000001       0.93222366508866639     
   3.5015800000000001        1.0000965179369719     
   3.5015900000000002       0.96761867244814603     
   3.5016000000000003       0.98258316992698946     
   3.5016100000000003       0.99699485470343385     
   3.5016200000000004       0.95598372608266147     
   3.5016300000000005       0.99788084021509360     
   3.5016400000000001       0.95602462705217273     
   3.5016500000000002        1.0339982833004886     
   3.5016600000000002       0.91063958167019599     
   3.5016700000000003        1.0608571638216129     
   3.5016800000000003       0.89882875272290941     
   3.5016900000000004        1.0510273562512913     
   3.5017000000000005       0.90884303773887398     
   3.5017100000000001        1.0612524720089940     
   3.5017200000000002       0.94102696551304077     
   3.5017300000000002       0.98826498950117914     
   3.5017400000000003       0.97982516497957384     
   3.5017500000000004       0.98813436517797426     
   3.5017600000000004       0.97222585614955681     
   3.5017700000000005       0.96840083470696647     
   3.5017800000000001       0.98581550684468189     
   3.5017900000000002       0.93643722229071513     
   3.5018000000000002       0.94340426423288593     
   3.5018100000000003       0.98448002447651106     
   3.5018200000000004       0.97911951578278034     
   3.5018300000000004       0.99573311185871016     
   3.5018400000000005       0.96048560488778545     
   3.5018500000000001        1.0359528339801769     
   3.5018600000000002       0.98540173945435039     
   3.5018700000000003       0.92138840305296832     
   3.5018800000000003       0.96163921265797192     
   3.5018900000000004       0.95449483364707044     
   3.5019000000000005       0.97915883472436649     
   3.5019100000000001       0.93002157559338583     
   3.5019200000000001       0.98255105804211240     
   3.5019300000000002       0.89398300791467722     
   3.5019400000000003        1.0133712533543466     
   3.5019500000000003       0.91960393491946679     
   3.5019600000000004        1.0113431671756039     
   3.5019700000000005       0.93388602094409656     
   3.5019800000000001        1.0161441589404536     
   3.5019900000000002       0.90750101295364194     
   3.5020000000000002        1.0196874997875061     
   3.5020100000000003       0.87237396472396544     
   3.5020200000000004       0.96057237947166163     
   3.5020300000000004       0.90446044773717171     
   3.5020400000000005       0.94222896122921851     
   3.5020500000000001       0.88539281314731666     
   3.5020600000000002       0.92285996874093168     
   3.5020700000000002       0.88991418242735665     
   3.5020800000000003       0.89221972666227800     
   3.5020900000000004       0.86992339121990236     
   3.5021000000000004       0.88835171594893958     
   3.5021100000000005       0.90706624779440093     
   3.5021200000000001       0.87136685834579120     
   3.5021300000000002       0.89300157959960169     
   3.5021400000000003       0.89332639585632456     
   3.5021500000000003       0.91162231573249775     
   3.5021600000000004       0.89262866700914933     
   3.5021700000000004       0.93385484256381279     
   3.5021800000000001       0.94518605075512407     
   3.5021900000000001       0.88965541585015850     
   3.5022000000000002        1.0178228652174832     
   3.5022100000000003       0.87543542223552739     
   3.5022200000000003        1.0315651366138974     
   3.5022300000000004       0.89274648295483583     
   3.5022400000000005        1.0628256333525981     
   3.5022500000000001       0.88121076045914903     
   3.5022600000000002        1.0390462273259016     
   3.5022700000000002       0.89032148402414923     
   3.5022800000000003        1.0070887329821838     
   3.5022900000000003       0.90076215597658593     
   3.5023000000000004       0.98495225116223029     
   3.5023100000000005       0.90734425153043241     
   3.5023200000000001       0.96426656976442437     
   3.5023300000000002       0.91417217583453547     
   3.5023400000000002       0.96296677775661954     
   3.5023500000000003       0.90310393421276658     
   3.5023600000000004       0.93260962842981343     
   3.5023700000000004       0.93861298648406255     
   3.5023800000000005       0.92227954609416185     
   3.5023900000000001       0.94199039093130565     
   3.5024000000000002       0.93646074494956388     
   3.5024100000000002       0.95512944920025156     
   3.5024200000000003       0.92653745331160176     
   3.5024300000000004        1.0027201712534455     
   3.5024400000000004       0.87931981742673582     
   3.5024500000000005       0.96645887958283028     
   3.5024600000000001       0.95224318892988291     
   3.5024700000000002       0.99196511453810532     
   3.5024800000000003       0.93553219729467407     
   3.5024900000000003       0.96861421921876556     
   3.5025000000000004       0.91781881083418604     
   3.5025100000000005       0.99969061428695349     
   3.5025200000000001       0.88428934567237927     
   3.5025300000000001       0.97704949615328196     
   3.5025400000000002       0.90200965439240188     
   3.5025500000000003       0.91157871968839743     
   3.5025600000000003       0.90772410020632510     
   3.5025700000000004       0.94695329531075745     
   3.5025800000000005       0.90803331055838876     
   3.5025900000000001       0.89864603279741795     
   3.5026000000000002       0.92247680726518044     
   3.5026100000000002       0.91637036411144324     
   3.5026200000000003       0.95658874893868784     
   3.5026300000000004       0.88193497274187960     
   3.5026400000000004       0.96234165180507969     
   3.5026500000000005       0.88757999487909311     
   3.5026600000000001        1.0178441085834196     
   3.5026700000000002       0.86734564160205818     
   3.5026800000000002       0.99701760679776363     
   3.5026900000000003       0.88817718190038242     
   3.5027000000000004        1.0391891943908851     
   3.5027100000000004       0.89937647782566810     
   3.5027200000000005       0.98604558558585076     
   3.5027300000000001       0.88635128081560777     
   3.5027400000000002       0.97850538700362155     
   3.5027500000000003       0.89379771965417065     
   3.5027600000000003       0.95419398422913559     
   3.5027700000000004       0.93673295019682790     
   3.5027800000000004       0.94539083606549479     
   3.5027900000000001       0.89100032718053546     
   3.5028000000000001       0.91918942573997386     
   3.5028100000000002       0.91622060744883649     
   3.5028200000000003       0.89523831849337443     
   3.5028300000000003       0.96491822400027294     
   3.5028400000000004       0.88678577458187902     
   3.5028500000000005       0.95514220146656981     
   3.5028600000000001       0.92183304220432105     
   3.5028700000000002       0.94883875350783675     
   3.5028800000000002       0.84621229454621838     
   3.5028900000000003       0.93279720919046061     
   3.5029000000000003       0.88555768502209953     
   3.5029100000000004       0.92017093216904022     
   3.5029200000000005       0.89020707590996284     
   3.5029300000000001       0.95068222139122782     
   3.5029400000000002       0.85664832970390004     
   3.5029500000000002        1.0055943805832761     
   3.5029600000000003       0.87163600631765670     
   3.5029700000000004       0.98902304398640295     
   3.5029800000000004       0.88445680895588674     
   3.5029900000000005       0.98863393458215854     
   3.5030000000000001       0.89791757457701049     
   3.5030100000000002       0.98656814507774804     
   3.5030200000000002       0.91767688870805164     
   3.5030300000000003       0.99418716678969143     
   3.5030400000000004       0.89632786180132251     
   3.5030500000000004       0.99392121498902186     
   3.5030600000000005       0.88279697866156670     
   3.5030700000000001       0.99612655834421560     
   3.5030800000000002       0.90797344248807521     
   3.5030900000000003       0.95186461565748071     
   3.5031000000000003       0.89854455694315072     
   3.5031100000000004       0.94592916272573946     
   3.5031200000000005       0.89029383290694930     
   3.5031300000000001       0.92086904262033464     
   3.5031400000000001       0.91284727460887904     
   3.5031500000000002       0.92487913100307095     
   3.5031600000000003       0.90008753673712538     
   3.5031700000000003       0.93181687422212867     
   3.5031800000000004       0.88779555636504237     
   3.5031900000000005       0.93052301615366206     
   3.5032000000000001       0.89786211727460752     
   3.5032100000000002       0.92692537221374394     
   3.5032200000000002       0.96064924637199611     
   3.5032300000000003       0.99128243823179718     
   3.5032400000000004       0.91852339815316153     
   3.5032500000000004        1.0125622584834018     
   3.5032600000000005       0.91753300610143762     
   3.5032700000000001        1.0169998015968482     
   3.5032800000000002       0.92251809533072726     
   3.5032900000000002       0.99564451129804332     
   3.5033000000000003       0.92511020730509608     
   3.5033100000000004       0.95357693573739166     
   3.5033200000000004       0.92595162447890433     
   3.5033300000000005       0.98520904709964863     
   3.5033400000000001       0.87932429714584992     
   3.5033500000000002       0.93131398400198762     
   3.5033600000000003       0.84948259150882399     
   3.5033700000000003       0.86896276745331325     
   3.5033800000000004       0.85244410274522842     
   3.5033900000000004       0.84922740012663045     
   3.5034000000000001       0.87199536814375589     
   3.5034100000000001       0.84325223928520698     
   3.5034200000000002       0.87553604369015126     
   3.5034300000000003       0.85045622114057784     
   3.5034400000000003       0.89368945909710951     
   3.5034500000000004       0.87197190566171767     
   3.5034600000000005       0.90173792682057341     
   3.5034700000000001       0.91394605152107622     
   3.5034800000000001       0.88160138075057948     
   3.5034900000000002       0.90352000895977158     
   3.5035000000000003       0.82697040360177820     
   3.5035100000000003       0.90921556484813915     
   3.5035200000000004       0.85253427007074156     
   3.5035300000000005       0.94609936128185002     
   3.5035400000000001       0.86928162996648484     
   3.5035500000000002       0.95815875401519690     
   3.5035600000000002       0.86489425854025037     
   3.5035700000000003       0.95188430457153772     
   3.5035800000000004       0.85059601488769132     
   3.5035900000000004       0.95709296188256887     
   3.5036000000000005       0.82319379306470430     
   3.5036100000000001       0.97994464403351367     
   3.5036200000000002       0.85070052567213650     
   3.5036300000000002       0.96452225963979477     
   3.5036400000000003       0.84417920642445721     
   3.5036500000000004       0.97495971937725523     
   3.5036600000000004       0.85314720370516361     
   3.5036700000000005       0.95858472619679191     
   3.5036800000000001       0.87183068286392307     
   3.5036900000000002       0.91993258464759908     
   3.5037000000000003       0.88638141540515147     
   3.5037100000000003       0.91669027391431979     
   3.5037200000000004       0.90567174124940830     
   3.5037300000000005       0.90351229184997983     
   3.5037400000000001       0.90466636143417778     
   3.5037500000000001       0.92613080429351669     
   3.5037600000000002       0.93833093477049834     
   3.5037700000000003       0.89329199854670405     
   3.5037800000000003       0.91630901079937910     
   3.5037900000000004       0.89690144407145578     
   3.5038000000000005       0.94552053469691821     
   3.5038100000000001       0.89341785908358728     
   3.5038200000000002       0.95828726134783226     
   3.5038300000000002       0.86246215694159012     
   3.5038400000000003       0.96725746009952474     
   3.5038500000000004       0.82947437114072897     
   3.5038600000000004       0.95699906521356215     
   3.5038700000000005       0.82101926620587384     
   3.5038800000000001       0.91222520843024402     
   3.5038900000000002       0.83845671571678071     
   3.5039000000000002       0.89497867597078173     
   3.5039100000000003       0.84580600675636919     
   3.5039200000000004       0.88934189233088601     
   3.5039300000000004       0.85487099495444607     
   3.5039400000000005       0.89451802646462730     
   3.5039500000000001       0.88161629956327658     
   3.5039600000000002       0.86213869958528910     
   3.5039700000000003       0.86907999103705380     
   3.5039800000000003       0.88811848753280154     
   3.5039900000000004       0.88947296869132897     
   3.5040000000000004       0.85617097636641903     
   3.5040100000000001       0.85223057383981859     
   3.5040200000000001       0.84268812695751039     
   3.5040300000000002       0.86591613418507551     
   3.5040400000000003       0.82764964363965787     
   3.5040500000000003       0.91332124361271516     
   3.5040600000000004       0.84592941549699252     
   3.5040700000000005       0.88246829505167113     
   3.5040800000000001       0.83743809608123032     
   3.5040900000000001       0.90703794944964100     
   3.5041000000000002       0.80011822021794288     
   3.5041100000000003       0.89930999054283767     
   3.5041200000000003       0.83719407221837161     
   3.5041300000000004       0.87062759969930303     
   3.5041400000000005       0.82648434822736028     
   3.5041500000000001       0.89323514371379820     
   3.5041600000000002       0.85473476673839877     
   3.5041700000000002       0.94110774875042236     
   3.5041800000000003       0.80883167294977054     
   3.5041900000000004       0.93768122336856830     
   3.5042000000000004       0.78312644396741971     
   3.5042100000000005       0.91345355644328141     
   3.5042200000000001       0.75611869188031622     
   3.5042300000000002       0.87212213124897464     
   3.5042400000000002       0.75819933021570518     
   3.5042500000000003       0.88492094990024694     
   3.5042600000000004       0.72946796791163071     
   3.5042700000000004       0.84360188506947265     
   3.5042800000000005       0.79395857182512353     
   3.5042900000000001       0.79495087606526693     
   3.5043000000000002       0.79065343599094717     
   3.5043100000000003       0.80285926944625252     
   3.5043200000000003       0.77368643481851984     
   3.5043300000000004       0.84909885597833912     
   3.5043400000000005       0.74164735735925202     
   3.5043500000000001       0.80961227210238296     
   3.5043600000000001       0.77652318644054108     
   3.5043700000000002       0.82907748444037532     
   3.5043800000000003       0.78871577875489018     
   3.5043900000000003       0.86314669924710108     
   3.5044000000000004       0.78672854352993948     
   3.5044100000000005       0.87338469884735548     
   3.5044200000000001       0.79347354670798520     
   3.5044300000000002       0.89930738743512650     
   3.5044400000000002       0.78717824861341434     
   3.5044500000000003       0.92621687375779027     
   3.5044600000000004       0.78696072102549974     
   3.5044700000000004       0.92077623902634043     
   3.5044800000000005       0.77962794274321590     
   3.5044900000000001       0.84835593191072156     
   3.5045000000000002       0.74229872040992539     
   3.5045100000000002       0.84151535005140721     
   3.5045200000000003       0.72964120149623768     
   3.5045300000000004       0.81676720583824136     
   3.5045400000000004       0.74887250295798524     
   3.5045500000000005       0.75210030103087366     
   3.5045600000000001       0.75923847404750766     
   3.5045700000000002       0.72228684863442427     
   3.5045800000000003       0.78718824759087569     
   3.5045900000000003       0.73669263740953694     
   3.5046000000000004       0.77151535094920565     
   3.5046100000000004       0.72131269630531469     
   3.5046200000000001       0.78179691715773558     
   3.5046300000000001       0.73298609034126727     
   3.5046400000000002       0.81399191975069130     
   3.5046500000000003       0.80531184914831966     
   3.5046600000000003       0.80677354466463558     
   3.5046700000000004       0.85820080942685617     
   3.5046800000000005       0.82580146835211010     
   3.5046900000000001       0.84500508120946960     
   3.5047000000000001       0.86703042619731052     
   3.5047100000000002       0.88519423721631174     
   3.5047200000000003       0.86548073779586487     
   3.5047300000000003       0.88663301182329157     
   3.5047400000000004       0.90590672988208176     
   3.5047500000000005       0.82992136199200017     
   3.5047600000000001       0.89149780678833368     
   3.5047700000000002       0.79151076052013125     
   3.5047800000000002       0.87694996474638776     
   3.5047900000000003       0.80555367580708925     
   3.5048000000000004       0.87554882921694421     
   3.5048100000000004       0.75699922596920055     
   3.5048200000000005       0.84212210890889605     
   3.5048300000000001       0.73754095272507048     
   3.5048400000000002       0.86275737711841405     
   3.5048500000000002       0.70709660519067608     
   3.5048600000000003       0.84039055103795612     
   3.5048700000000004       0.72170989827616239     
   3.5048800000000004       0.81594186714252026     
   3.5048900000000005       0.72381266064393746     
   3.5049000000000001       0.79201296905492180     
   3.5049100000000002       0.70595416426567914     
   3.5049200000000003       0.79212698471950893     
   3.5049300000000003       0.69104177230439023     
   3.5049400000000004       0.79557213778006786     
   3.5049500000000005       0.69361477588324383     
   3.5049600000000001       0.76508748992240616     
   3.5049700000000001       0.71817423827790783     
   3.5049800000000002       0.77664499544015031     
   3.5049900000000003       0.74554145002630390     
   3.5050000000000003       0.75009862809287187     
   3.5050100000000004       0.78063345193715172     
   3.5050200000000005       0.76242456188214980     
   3.5050300000000001       0.74380032500279381     
   3.5050400000000002       0.74785717522238992     
   3.5050500000000002       0.78026161069415367     
   3.5050600000000003       0.75386855172161971     
   3.5050700000000004       0.75286917181470081     
   3.5050800000000004       0.76016787252273010     
   3.5050900000000005       0.72936236117714914     
   3.5051000000000001       0.78567214869260826     
   3.5051100000000002       0.68510961212219657     
   3.5051200000000002       0.82855303421089643     
   3.5051300000000003       0.65663641157902064     
   3.5051400000000004       0.80327918329965997     
   3.5051500000000004       0.66873666970941703     
   3.5051600000000005       0.80378282373570664     
   3.5051700000000001       0.69840658993403326     
   3.5051800000000002       0.78967502075523555     
   3.5051900000000002       0.73419654572829884     
   3.5052000000000003       0.78345106181968216     
   3.5052100000000004       0.73572445424878952     
   3.5052200000000004       0.74822242674510386     
   3.5052300000000001       0.72600819866567490     
   3.5052400000000001       0.76591648792894096     
   3.5052500000000002       0.70721724180621748     
   3.5052600000000003       0.80250295307387498     
   3.5052700000000003       0.71102729599523629     
   3.5052800000000004       0.77793800627995791     
   3.5052900000000005       0.68543825568503369     
   3.5053000000000001       0.75285388747410498     
   3.5053100000000001       0.72589668908540128     
   3.5053200000000002       0.72659540317178184     
   3.5053300000000003       0.73489639640082649     
   3.5053400000000003       0.73105056316310768     
   3.5053500000000004       0.75495988147858983     
   3.5053600000000005       0.72132231520916923     
   3.5053700000000001       0.78187761392355704     
   3.5053800000000002       0.70514674587235471     
   3.5053900000000002       0.79416788418923756     
   3.5054000000000003       0.70053890253389450     
   3.5054100000000004       0.79070826609272604     
   3.5054200000000004       0.69702623313185430     
   3.5054300000000005       0.71106915118266933     
   3.5054400000000001       0.78248031474155844     
   3.5054500000000002       0.69761665273855189     
   3.5054600000000002       0.76324187226807416     
   3.5054700000000003       0.69067056224541290     
   3.5054800000000004       0.77323165793773585     
   3.5054900000000004       0.71920976678982451     
   3.5055000000000005       0.76492098044174195     
   3.5055100000000001       0.69908187442964831     
   3.5055200000000002       0.77650593750585206     
   3.5055300000000003       0.67857082817658554     
   3.5055400000000003       0.75571320094457295     
   3.5055500000000004       0.66717398226749725     
   3.5055600000000005       0.69532309064587561     
   3.5055700000000001       0.66236823796472055     
   3.5055800000000001       0.63127025200380449     
   3.5055900000000002       0.65635363703840566     
   3.5056000000000003       0.63537778909160170     
   3.5056100000000003       0.68564741322805434     
   3.5056200000000004       0.62224242961837217     
   3.5056300000000005       0.68553638737536893     
   3.5056400000000001       0.63612259876170774     
   3.5056500000000002       0.69067008569804678     
   3.5056600000000002       0.66299079250448434     
   3.5056700000000003       0.66395231241530739     
   3.5056800000000004       0.72102815421600597     
   3.5056900000000004       0.66544373326416617     
   3.5057000000000005       0.69881604868195224     
   3.5057100000000001       0.66044450830149970     
   3.5057200000000002       0.70669179985453556     
   3.5057300000000002       0.63071044639572205     
   3.5057400000000003       0.70866198468377839     
   3.5057500000000004       0.61584427514333451     
   3.5057600000000004       0.66789499144879116     
   3.5057700000000005       0.63617637519684567     
   3.5057800000000001       0.66809146012664988     
   3.5057900000000002       0.62546263349850162     
   3.5058000000000002       0.62136566881930122     
   3.5058100000000003       0.65544315518849372     
   3.5058200000000004       0.65237009616505659     
   3.5058300000000004       0.63077665123621707     
   3.5058400000000001       0.68459448668307166     
   3.5058500000000001       0.62851161155667268     
   3.5058600000000002       0.66517326147370504     
   3.5058700000000003       0.62772715725136707     
   3.5058800000000003       0.60893679742192897     
   3.5058900000000004       0.67842960953682874     
   3.5059000000000005       0.61021820884885558     
   3.5059100000000001       0.66803830944906140     
   3.5059200000000001       0.60449798768665253     
   3.5059300000000002       0.66072003952502800     
   3.5059400000000003       0.61997931879843871     
   3.5059500000000003       0.64425018629308894     
   3.5059600000000004       0.63967888372722836     
   3.5059700000000005       0.64477729034254794     
   3.5059800000000001       0.67322138913748952     
   3.5059900000000002       0.65558294368424330     
   3.5060000000000002       0.62007887667784367     
   3.5060100000000003       0.71031781777984437     
   3.5060200000000004       0.62681565356464897     
   3.5060300000000004       0.67993593981463774     
   3.5060400000000005       0.62354702176248011     
   3.5060500000000001       0.65717860831191977     
   3.5060600000000002       0.63405283407879576     
   3.5060700000000002       0.64056758668589298     
   3.5060800000000003       0.64816428422663430     
   3.5060900000000004       0.60030962653186026     
   3.5061000000000004       0.62506864878892332     
   3.5061100000000005       0.62382946583794219     
   3.5061200000000001       0.60096633926887932     
   3.5061300000000002       0.58478542274617984     
   3.5061400000000003       0.58331599875022688     
   3.5061500000000003       0.59490311681868768     
   3.5061600000000004       0.55835864756317743     
   3.5061700000000005       0.60828680083035835     
   3.5061800000000001       0.54066492850290704     
   3.5061900000000001       0.62435137491005621     
   3.5062000000000002       0.52771781193437928     
   3.5062100000000003       0.62719265455609052     
   3.5062200000000003       0.54183107612647130     
   3.5062300000000004       0.61731395504099573     
   3.5062400000000005       0.56333331008815812     
   3.5062500000000001       0.63518144123218057     
   3.5062600000000002       0.55126947379487856     
   3.5062700000000002       0.60150607830393532     
   3.5062800000000003       0.52729606252602235     
   3.5062900000000004       0.60632327264184915     
   3.5063000000000004       0.55172508554033806     
   3.5063100000000005       0.63037057056416412     
   3.5063200000000001       0.54898541609806262     
   3.5063300000000002       0.65118706926178072     
   3.5063400000000002       0.53163471551120656     
   3.5063500000000003       0.63350156494007359     
   3.5063600000000004       0.57290211282326564     
   3.5063700000000004       0.61601735001669344     
   3.5063800000000005       0.56560209532985395     
   3.5063900000000001       0.60978153020612136     
   3.5064000000000002       0.54568737853245719     
   3.5064100000000002       0.58740481862461602     
   3.5064200000000003       0.53919121329381436     
   3.5064300000000004       0.58685022399593878     
   3.5064400000000004       0.54247724711269352     
   3.5064500000000001       0.53525571835556307     
   3.5064600000000001       0.54834397693695969     
   3.5064700000000002       0.50189344031425853     
   3.5064800000000003       0.55183963319117835     
   3.5064900000000003       0.49702976328856058     
   3.5065000000000004       0.56093702126697620     
   3.5065100000000005       0.50964347188019721     
   3.5065200000000001       0.55298188615988564     
   3.5065300000000001       0.49530717892942772     
   3.5065400000000002       0.56082368570774510     
   3.5065500000000003       0.52882790787644818     
   3.5065600000000003       0.57005027757023741     
   3.5065700000000004       0.49922562806472714     
   3.5065800000000005       0.57563317146679949     
   3.5065900000000001       0.47135228435954429     
   3.5066000000000002       0.60823247646598833     
   3.5066100000000002       0.49688522732332163     
   3.5066200000000003       0.58584510437861703     
   3.5066300000000004       0.52500484720003460     
   3.5066400000000004       0.51532192520475906     
   3.5066500000000005       0.51098065856095176     
   3.5066600000000001       0.53974346884000823     
   3.5066700000000002       0.53499754104283415     
   3.5066800000000002       0.57117141907285163     
   3.5066900000000003       0.52935106008492361     
   3.5067000000000004       0.59340557577867903     
   3.5067100000000004       0.53446492541886359     
   3.5067200000000005       0.56339740079681688     
   3.5067300000000001       0.53389951981502159     
   3.5067400000000002       0.56444093827930031     
   3.5067500000000003       0.56377708463713816     
   3.5067600000000003       0.57627865004197198     
   3.5067700000000004       0.53308465261728477     
   3.5067800000000005       0.59401262323754978     
   3.5067900000000001       0.51461301298607054     
   3.5068000000000001       0.62569989402692083     
   3.5068100000000002       0.47197945790742890     
   3.5068200000000003       0.62581906598077597     
   3.5068300000000003       0.45146420750100374     
   3.5068400000000004       0.63148698780099044     
   3.5068500000000005       0.42439131087658827     
   3.5068600000000001       0.60236358997441797     
   3.5068700000000002       0.45371486472904010     
   3.5068800000000002       0.56924918603062025     
   3.5068900000000003       0.42643558237460255     
   3.5069000000000004       0.54309817619654066     
   3.5069100000000004       0.47457005831552784     
   3.5069200000000005       0.48456089434234617     
   3.5069300000000001       0.46405750380712718     
   3.5069400000000002       0.49531752165707260     
   3.5069500000000002       0.47165253375135052     
   3.5069600000000003       0.48578166648833521     
   3.5069700000000004       0.48303751094184993     
   3.5069800000000004       0.44793559482961576     
   3.5069900000000005       0.47724764484550170     
   3.5070000000000001       0.43472427309475431     
   3.5070100000000002       0.45856515993965846     
   3.5070200000000002       0.42791380920893590     
   3.5070300000000003       0.44954446523120345     
   3.5070400000000004       0.44250396194452779     
   3.5070500000000004       0.46321483458038304     
   3.5070600000000001       0.43444780625466817     
   3.5070700000000001       0.46638715988544505     
   3.5070800000000002       0.46054922770826695     
   3.5070900000000003       0.45804333404673653     
   3.5071000000000003       0.49096661687004461     
   3.5071100000000004       0.44741205458700944     
   3.5071200000000005       0.48853007467922505     
   3.5071300000000001       0.45604688525495257     
   3.5071400000000001       0.49263092773173178     
   3.5071500000000002       0.45153164104061394     
   3.5071600000000003       0.49669826699436376     
   3.5071700000000003       0.48991236709050645     
   3.5071800000000004       0.47783975372510357     
   3.5071900000000005       0.51913822973824875     
   3.5072000000000001       0.48982563929891415     
   3.5072100000000002       0.48659610914482648     
   3.5072200000000002       0.47821887501820642     
   3.5072300000000003       0.47366354018985957     
   3.5072400000000004       0.45510565939286607     
   3.5072500000000004       0.49319490998138432     
   3.5072600000000005       0.45255893342682935     
   3.5072700000000001       0.45584147367643740     
   3.5072800000000002       0.45627074802127265     
   3.5072900000000002       0.43929048134981719     
   3.5073000000000003       0.43681959056887215     
   3.5073100000000004       0.44189238641476403     
   3.5073200000000004       0.44836568161410678     
   3.5073300000000005       0.45257485260463987     
   3.5073400000000001       0.44497725078091943     
   3.5073500000000002       0.45405832576848415     
   3.5073600000000003       0.42886735030921669     
   3.5073700000000003       0.43113141221251899     
   3.5073800000000004       0.44088821246343601     
   3.5073900000000005       0.46399521922043724     
   3.5074000000000001       0.41596141685214105     
   3.5074100000000001       0.44200618565783506     
   3.5074200000000002       0.43761028964911464     
   3.5074300000000003       0.41712014346122228     
   3.5074400000000003       0.43757904331274577     
   3.5074500000000004       0.43623536255833556     
   3.5074600000000005       0.42665790769813938     
   3.5074700000000001       0.42837630681516220     
   3.5074800000000002       0.42234782421810813     
   3.5074900000000002       0.39415533804406144     
   3.5075000000000003       0.41961739948339943     
   3.5075100000000003       0.37861743320259128     
   3.5075200000000004       0.40826116469932233     
   3.5075300000000005       0.40497248692706017     
   3.5075400000000001       0.41781324395145958     
   3.5075500000000002       0.42756542354596661     
   3.5075600000000002       0.40844226999681471     
   3.5075700000000003       0.42433266380879203     
   3.5075800000000004       0.41460004047847132     
   3.5075900000000004       0.41447056799436449     
   3.5076000000000005       0.41287912636233592     
   3.5076100000000001       0.40289439619227524     
   3.5076200000000002       0.40501218970870312     
   3.5076300000000002       0.39173428015612954     
   3.5076400000000003       0.40188780033906618     
   3.5076500000000004       0.40239317858611229     
   3.5076600000000004       0.41107282455908584     
   3.5076700000000001       0.38955669635519818     
   3.5076800000000001       0.39986496016713829     
   3.5076900000000002       0.40042556025660297     
   3.5077000000000003       0.39144575953596655     
   3.5077100000000003       0.41356748356352896     
   3.5077200000000004       0.37417456873470833     
   3.5077300000000005       0.40656582997525564     
   3.5077400000000001       0.36866926366780139     
   3.5077500000000001       0.41188467955832930     
   3.5077600000000002       0.37479794295431990     
   3.5077700000000003       0.38671298299506829     
   3.5077800000000003       0.37582532406849684     
   3.5077900000000004       0.39462143617334411     
   3.5078000000000005       0.36252821267364205     
   3.5078100000000001       0.38780152558704223     
   3.5078200000000002       0.36713443905477755     
   3.5078300000000002       0.38545668335840416     
   3.5078400000000003       0.34522391992449841     
   3.5078500000000004       0.39596048170870579     
   3.5078600000000004       0.36646949923096511     
   3.5078700000000005       0.38464485840905854     
   3.5078800000000001       0.36103502376913316     
   3.5078900000000002       0.37084828177575296     
   3.5079000000000002       0.36290523048624695     
   3.5079100000000003       0.38121004917789442     
   3.5079200000000004       0.33630526296662855     
   3.5079300000000004       0.34734974612882208     
   3.5079400000000005       0.33938019810917147     
   3.5079500000000001       0.32110744073726016     
   3.5079600000000002       0.32792388250430948     
   3.5079700000000003       0.34819187779251709     
   3.5079800000000003       0.29797401509455707     
   3.5079900000000004       0.30598785419553032     
   3.5080000000000005       0.31021789331466854     
   3.5080100000000001       0.32668418307272351     
   3.5080200000000001       0.35131172363954721     
   3.5080300000000002       0.30168493976514055     
   3.5080400000000003       0.33006482580646584     
   3.5080500000000003       0.33373825795483636     
   3.5080600000000004       0.33387178211292767     
   3.5080700000000005       0.33433650729044712     
   3.5080800000000001       0.33462067231036763     
   3.5080900000000002       0.34544708777387495     
   3.5081000000000002       0.32049485087169116     
   3.5081100000000003       0.33954479578611374     
   3.5081200000000003       0.32110671252419376     
   3.5081300000000004       0.31383401763573637     
   3.5081400000000005       0.32165268340439662     
   3.5081500000000001       0.30302718511465093     
   3.5081600000000002       0.32429000048620638     
   3.5081700000000002       0.31211458588992663     
   3.5081800000000003       0.30112437191655439     
   3.5081900000000004       0.32619876283471161     
   3.5082000000000004       0.30738071283694240     
   3.5082100000000005       0.34101510489436110     
   3.5082200000000001       0.29198063708123995     
   3.5082300000000002       0.34320342341812354     
   3.5082400000000002       0.32097099497951925     
   3.5082500000000003       0.30463686912475701     
   3.5082600000000004       0.33043445976152602     
   3.5082700000000004       0.28686451642736005     
   3.5082800000000001       0.35070737149085535     
   3.5082900000000001       0.27791574741424885     
   3.5083000000000002       0.35048163182848574     
   3.5083100000000003       0.28788325339340437     
   3.5083200000000003       0.28857592748869099     
   3.5083300000000004       0.29253070598274927     
   3.5083400000000005       0.26626705525842331     
   3.5083500000000001       0.31089997465807345     
   3.5083600000000001       0.27179798893969775     
   3.5083700000000002       0.28963923092355925     
   3.5083800000000003       0.26598532772850142     
   3.5083900000000003       0.29373095037094260     
   3.5084000000000004       0.28173961486746768     
   3.5084100000000005       0.29522414362565069     
   3.5084200000000001       0.26294601517332283     
   3.5084300000000002       0.31547340833987386     
   3.5084400000000002       0.26329108826236464     
   3.5084500000000003       0.30295897270452110     
   3.5084600000000004       0.23576080648255274     
   3.5084700000000004       0.30891146645186313     
   3.5084800000000005       0.24154607642644840     
   3.5084900000000001       0.30147871590631126     
   3.5085000000000002       0.26183414103955494     
   3.5085100000000002       0.27308151124595526     
   3.5085200000000003       0.27471627030367995     
   3.5085300000000004       0.26694946674545761     
   3.5085400000000004       0.26263267000605595     
   3.5085500000000005       0.26195546069417264     
   3.5085600000000001       0.27137307971203051     
   3.5085700000000002       0.22341055761547080     
   3.5085800000000003       0.25675318632873767     
   3.5085900000000003       0.21094510584220602     
   3.5086000000000004       0.25441280645452502     
   3.5086100000000005       0.22721662663038791     
   3.5086200000000001       0.25896009407882414     
   3.5086300000000001       0.20434075663399459     
   3.5086400000000002       0.24143976253429683     
   3.5086500000000003       0.20584643017856613     
   3.5086600000000003       0.23280532402298665     
   3.5086700000000004       0.19936785680045538     
   3.5086800000000005       0.22115540464952346     
   3.5086900000000001       0.20125143412821206     
   3.5087000000000002       0.21778993896862148     
   3.5087100000000002       0.20436240026120450     
   3.5087200000000003       0.20303337679312214     
   3.5087300000000003       0.19790981486499562     
   3.5087400000000004       0.20430958127603802     
   3.5087500000000005       0.19693089986792467     
   3.5087600000000001       0.20226059078495581     
   3.5087700000000002       0.20188574960876252     
   3.5087800000000002       0.18971747651683479     
   3.5087900000000003       0.19429453600809563     
   3.5088000000000004       0.20508856709737000     
   3.5088100000000004       0.20300943829484444     
   3.5088200000000005       0.21282051538245694     
   3.5088300000000001       0.18981999351633949     
   3.5088400000000002       0.21340550409417175     
   3.5088500000000002       0.19894006997135763     
   3.5088600000000003       0.20994419187077681     
   3.5088700000000004       0.21094957100483994     
   3.5088800000000004       0.20308151035213659     
   3.5088900000000005       0.23126384826490745     
   3.5089000000000001       0.18486399610043033     
   3.5089100000000002       0.23961782366136175     
   3.5089200000000003       0.18589696371700190     
   3.5089300000000003       0.23758177682677459     
   3.5089400000000004       0.19049544972408275     
   3.5089500000000005       0.22920035169991793     
   3.5089600000000001       0.20304892034727220     
   3.5089700000000001       0.20592673025688654     
   3.5089800000000002       0.21818825312859405     
   3.5089900000000003       0.20449075772979647     
   3.5090000000000003       0.20581073278566889     
   3.5090100000000004       0.19480123603589536     
   3.5090200000000005       0.21706343796512925     
   3.5090300000000001       0.19106734585163959     
   3.5090400000000002       0.22093388987167314     
   3.5090500000000002       0.18579211553164077     
   3.5090600000000003       0.19425563897446169     
   3.5090700000000004       0.18075637399875322     
   3.5090800000000004       0.19680242734765677     
   3.5090900000000005       0.19848216894016657     
   3.5091000000000001       0.19250892015210411     
   3.5091100000000002       0.20038726869516907     
   3.5091200000000002       0.18641876433501975     
   3.5091300000000003       0.18366200687999990     
   3.5091400000000004       0.19135422956744635     
   3.5091500000000004       0.18608423864749365     
   3.5091600000000005       0.19381798135374714     
   3.5091700000000001       0.18762579982070507     
   3.5091800000000002       0.18728099041049065     
   3.5091900000000003       0.17986100900552091     
   3.5092000000000003       0.19202150506569643     
   3.5092100000000004       0.18143802334812476     
   3.5092200000000005       0.19455867069861563     
   3.5092300000000001       0.18476024203073588     
   3.5092400000000001       0.19915452590331534     
   3.5092500000000002       0.17171116417909801     
   3.5092600000000003       0.20855872547660456     
   3.5092700000000003       0.16017796318593969     
   3.5092800000000004       0.19861697032871140     
   3.5092900000000005       0.15523710138603475     
   3.5093000000000001       0.21905449426637399     
   3.5093100000000002       0.14885142598697906     
   3.5093200000000002       0.20788862922177373     
   3.5093300000000003       0.15044098864102448     
   3.5093400000000003       0.18583447453276949     
   3.5093500000000004       0.14596519693738183     
   3.5093600000000005       0.16991055216222639     
   3.5093700000000001       0.14704123422409965     
   3.5093800000000002       0.15568370027540421     
   3.5093900000000002       0.15109200683436044     
   3.5094000000000003       0.14417254084984041     
   3.5094100000000004       0.14780483376756282     
   3.5094200000000004       0.14158575416238345     
   3.5094300000000005       0.13962270134167160     
   3.5094400000000001       0.13805264811652199     
   3.5094500000000002       0.13157436752990556     
   3.5094600000000002       0.13364253245812613     
   3.5094700000000003       0.12833126988138796     
   3.5094800000000004       0.13799221883926605     
   3.5094900000000004       0.13320872316544269     
   3.5095000000000005       0.13823851118532282     
   3.5095100000000001       0.14238709702620286     
   3.5095200000000002       0.14714472927210762     
   3.5095300000000003       0.15181037452455665     
   3.5095400000000003       0.12480398987756920     
   3.5095500000000004       0.15744596012298229     
   3.5095600000000005       0.13357083817373239     
   3.5095700000000001       0.16001103567224578     
   3.5095800000000001       0.13418255861543840     
   3.5095900000000002       0.16480048823286417     
   3.5096000000000003       0.13006464838054960     
   3.5096100000000003       0.15691438201843882     
   3.5096200000000004       0.13156687180290297     
   3.5096300000000005       0.15451043040789500     
   3.5096400000000001       0.13726513947243688     
   3.5096500000000002       0.15220985687461439     
   3.5096600000000002       0.13629671038179494     
   3.5096700000000003       0.15245817426324829     
   3.5096800000000004       0.13488045420034406     
   3.5096900000000004       0.15054124052054560     
   3.5097000000000005       0.14098795980049300     
   3.5097100000000001       0.14966391508636998     
   3.5097200000000002       0.15444994268058898     
   3.5097300000000002       0.15388619102797624     
   3.5097400000000003       0.15615277646060435     
   3.5097500000000004       0.15057005792405229     
   3.5097600000000004       0.14671520685575193     
   3.5097700000000005       0.13719634620178284     
   3.5097800000000001       0.14410925150298950     
   3.5097900000000002       0.12661687757569465     
   3.5098000000000003       0.14754184613248369     
   3.5098100000000003       0.12922468494399031     
   3.5098200000000004       0.12676511952983996     
   3.5098300000000004       0.12464942991093589     
   3.5098400000000001       0.12113181204959378     
   3.5098500000000001       0.12250634924554216     
   3.5098600000000002       0.11936611734630768     
   3.5098700000000003       0.12055022002418551     
   3.5098800000000003       0.11545584497010072     
   3.5098900000000004       0.11197398745135331     
   3.5099000000000005       0.11330063861517564     
   3.5099100000000001       0.10909886764129158     
   3.5099200000000002       0.11786184994693852     
   3.5099300000000002       0.10894553789329638     
   3.5099400000000003       0.11161733743055649     
   3.5099500000000003       0.10558344844211769     
   3.5099600000000004       0.11352041142976151     
   3.5099700000000005       0.10022184196535865     
   3.5099800000000001       0.10763214333759803     
   3.5099900000000002       0.10798238566082395     
   3.5100000000000002       0.10886530805080240     
