   1.0000000000000000E-002   1.4994953198577665     
   2.0000000000000000E-002   6.0039867671945828     
   3.0000000000000002E-002   13.513475844509257     
   4.0000000000000001E-002   24.027962551801775     
   5.0000000000000003E-002   37.547446889072162     
   6.0000000000000005E-002   54.071928856320490     
   7.0000000000000007E-002   73.601408453546497     
   8.0000000000000002E-002   96.098665677732598     
   9.0000000000000011E-002   120.19198595676174     
  0.10000000000000001        147.52182910642733     
  0.11000000000000001        178.19369091722811     
  0.12000000000000001        212.06557390412956     
  0.13000000000000000        248.40687490214808     
  0.14000000000000001        285.71421335405864     
  0.15000000000000002        325.10321073663647     
  0.16000000000000000        369.58183176403679     
  0.17000000000000001        415.52635904969418     
  0.18000000000000002        464.22501321476403     
  0.19000000000000000        515.44088204119203     
  0.20000000000000001        568.74201602693051     
  0.21000000000000002        622.78139407820674     
  0.22000000000000003        679.27971713070815     
  0.23000000000000001        735.14879401764938     
  0.24000000000000002        796.86781835173417     
  0.25000000000000000        859.21831149738045     
  0.26000000000000001        921.86099796666713     
  0.27000000000000002        985.60699413975715     
  0.28000000000000003        1051.4181133947388     
  0.29000000000000004        1115.1418727173386     
  0.30000000000000004        1183.2015373465513     
  0.31000000000000000        1251.5671738647738     
  0.32000000000000001        1320.9294384831903     
  0.33000000000000002        1386.2067117647978     
  0.34000000000000002        1457.3522137479540     
  0.35000000000000003        1526.6095362451374     
  0.36000000000000004        1596.3895524301975     
  0.37000000000000005        1667.9063231086986     
  0.38000000000000000        1734.3304523859406     
  0.39000000000000001        1802.5868165780757     
  0.40000000000000002        1869.5855054186727     
  0.41000000000000003        1936.5419015165878     
  0.42000000000000004        2005.6567082833824     
  0.43000000000000005        2069.9871932203146     
  0.44000000000000006        2131.0854784713415     
  0.45000000000000001        2184.0752581466577     
  0.46000000000000002        2244.8995696827519     
  0.47000000000000003        2297.2461102251996     
  0.48000000000000004        2346.4816697976235     
  0.49000000000000005        2398.3952560233270     
  0.50000000000000000        2442.3517612368055     
  0.51000000000000001        2485.0788016660795     
  0.52000000000000002        2536.6775911868417     
  0.53000000000000003        2572.1000686458156     
  0.54000000000000004        2603.0701237185967     
  0.55000000000000004        2629.4610868317682     
  0.56000000000000005        2658.3309591085062     
  0.57000000000000006        2684.9588362553714     
  0.58000000000000007        2687.8816368727621     
  0.59000000000000008        2692.4834157685573     
  0.60000000000000009        2688.9481566619111     
  0.61000000000000010        2687.2719622713648     
  0.62000000000000000        2686.0311366961823     
  0.63000000000000000        2679.3391123459787     
  0.64000000000000001        2647.5527877497238     
  0.65000000000000002        2619.5386507401181     
  0.66000000000000003        2578.0469613970963     
  0.67000000000000004        2531.8768392655538     
  0.68000000000000005        2478.4320613224277     
  0.69000000000000006        2421.2419485709597     
  0.70000000000000007        2360.2495726983611     
  0.71000000000000008        2269.7181711094245     
  0.72000000000000008        2179.2841278982273     
  0.73000000000000009        2083.3652927368844     
  0.74000000000000010        1976.2728029908114     
  0.75000000000000011        1834.5957051482296     
  0.76000000000000001        1714.7611119407911     
  0.77000000000000002        1564.1191855395775     
  0.78000000000000003        1413.7562940878163     
  0.79000000000000004        1244.7577672845500     
  0.80000000000000004        1071.6745046732974     
  0.81000000000000005        869.99069270500252     
  0.82000000000000006        685.68304248192680     
  0.83000000000000007        464.58060527211842     
  0.84000000000000008        201.52807615761589     
  0.85000000000000009        43.848734576482734     
  0.86000000000000010        21.950438643424469     
  0.87000000000000011        11.557519084504257     
  0.88000000000000012        6.7893758329680285     
  0.89000000000000012        4.8021651820085269     
  0.90000000000000002        4.4384378226163577     
  0.91000000000000003        4.7257891040541278     
  0.92000000000000004        4.1815976351386883     
  0.93000000000000005        3.5060165397887473     
  0.94000000000000006        3.0045605864190206     
  0.95000000000000007        2.6053772774265833     
  0.96000000000000008        2.1604903750941191     
  0.97000000000000008        1.8707351970567221     
  0.98000000000000009        1.8180483230738680     
  0.99000000000000010        1.8446040731645998     
   1.0000000000000000        1.7483263284419972     
   1.0100000000000000        1.6190753554183719     
   1.0200000000000000        1.4214333184287238     
   1.0300000000000000        1.3642008621850108     
   1.0400000000000000        1.2714327696237242     
   1.0500000000000000        1.3493661045228946     
   1.0600000000000001        1.2245180521211492     
   1.0700000000000001       0.72521812425061716     
   1.0800000000000001       0.48928922345168169     
   1.0900000000000001       0.42320707965366566     
   1.1000000000000001       0.39837575421610677     
   1.1100000000000001       0.42126065857824924     
   1.1200000000000001       0.35712949947159772     
   1.1300000000000001       0.37474317846487298     
   1.1400000000000001       0.33541591600608450     
   1.1500000000000001       0.28032189905958166     
   1.1600000000000001       0.32847444217752364     
   1.1700000000000002       0.31872183055244585     
   1.1800000000000002       0.31574530507974197     
   1.1900000000000002       0.31604346994596272     
   1.2000000000000002       0.30808819348239325     
   1.2100000000000002       0.31865173879476366     
   1.2200000000000002       0.31649179782330827     
   1.2300000000000002       0.30648263036537560     
   1.2400000000000000       0.19913249829434981     
   1.2500000000000000       0.15230416280977269     
   1.2600000000000000       0.15285493857848642     
   1.2700000000000000       0.16263609853955238     
   1.2800000000000000       0.14560690687829297     
   1.2900000000000000       0.15159812646950063     
   1.3000000000000000       0.16164327777390691     
   1.3100000000000001       0.16758041949542440     
   1.3200000000000001       0.16649783819784902     
   1.3300000000000001       0.14750396066329366     
   1.3400000000000001       0.13881877251553826     
   1.3500000000000001       0.16226046708655562     
   1.3600000000000001       0.18396580003866536     
   1.3700000000000001       0.18240441905833341     
   1.3800000000000001       0.16781198203798295     
   1.3900000000000001       0.20434305735690017     
   1.4000000000000001       0.19498047974914803     
   1.4100000000000001       0.22267831685122830     
   1.4200000000000002       0.15309870249276331     
   1.4300000000000002       0.15075022734194993     
   1.4400000000000002       0.15075859827688770     
   1.4500000000000002       0.13874320067022430     
   1.4600000000000002       0.14480080120942582     
   1.4700000000000002       0.17287939393477741     
   1.4800000000000002       0.17172434097669029     
   1.4900000000000002       0.12455323552859049     
   1.5000000000000002       0.15025359348600636     
   1.5100000000000002       0.14653270241117264     
   1.5200000000000000       0.16450422595248596     
   1.5300000000000000       0.18979982050283409     
   1.5400000000000000       0.14784174918160861     
   1.5500000000000000       0.14603340113616711     
   1.5600000000000001       0.13746137970335631     
   1.5700000000000001       0.16129936601824144     
   1.5800000000000001       0.16656589342842970     
   1.5900000000000001       0.12528948262255937     
   1.6000000000000001       0.13937989896666952     
   1.6100000000000001       0.14204522780220777     
   1.6200000000000001       0.18897093030099199     
   1.6300000000000001       0.14766738986192662     
   1.6400000000000001       0.14618567135108634     
   1.6500000000000001       0.16784685102360028     
   1.6600000000000001       0.18909582521589433     
   1.6700000000000002       0.16372444591675148     
   1.6800000000000002       0.20197441527906890     
   1.6900000000000002       0.16838777738222332     
   1.7000000000000002       0.14077033898394420     
   1.7100000000000002       0.13654606724264412     
   1.7200000000000002       0.18358278755402901     
   1.7300000000000002       0.14514692184858488     
   1.7400000000000002       0.16053199086233838     
   1.7500000000000002       0.14437349273511690     
   1.7600000000000002       0.14350173077470493     
   1.7700000000000002       0.13642213426355534     
   1.7800000000000002       0.17894816425122315     
   1.7900000000000000       0.15504955350913227     
   1.8000000000000000       0.16615869794308255     
   1.8100000000000001       0.19552245200823395     
   1.8200000000000001       0.14998994543933453     
   1.8300000000000001       0.14730240239586348     
   1.8400000000000001       0.16668462601186004     
   1.8500000000000001       0.14599937914779845     
   1.8600000000000001       0.15476905295445059     
   1.8700000000000001       0.15206340318344805     
   1.8800000000000001       0.12952575793825047     
   1.8900000000000001       0.16451009578104989     
   1.9000000000000001       0.16089642208812455     
   1.9100000000000001       0.20149777300029909     
   1.9200000000000002       0.18765801035136201     
   1.9300000000000002       0.15681402559503782     
   1.9400000000000002       0.18588528416889705     
   1.9500000000000002       0.13619478980349897     
   1.9600000000000002       0.16930192924418894     
   1.9700000000000002       0.15579601012268687     
   1.9800000000000002       0.18089336987188395     
   1.9900000000000002       0.18421118108792450     
   2.0000000000000000       0.17722940870761145     
   2.0100000000000002       0.18464052432202258     
   2.0200000000000000       0.17748693986853656     
   2.0300000000000002       0.18286555475935956     
   2.0400000000000000       0.18485548336539454     
   2.0500000000000003       0.17711656700669573     
   2.0600000000000001       0.18415651061809121     
   2.0700000000000003       0.15466514163698228     
   2.0800000000000001       0.16746885876376214     
   2.0900000000000003       0.16852154226022031     
   2.1000000000000001       0.17726372516560046     
   2.1100000000000003       0.16296068775982100     
   2.1200000000000001       0.16889673633211769     
   2.1300000000000003       0.17925425826035801     
   2.1400000000000001       0.17267418917785499     
   2.1500000000000004       0.15525957952497163     
   2.1600000000000001       0.20144565152742094     
   2.1700000000000004       0.14696944806734005     
   2.1800000000000002       0.13280938849378285     
   2.1900000000000004       0.17498909312428232     
   2.2000000000000002       0.15516485513924982     
   2.2100000000000000       0.12008951387967318     
   2.2200000000000002       0.14724958564935986     
   2.2300000000000000       0.11594931937659009     
   2.2400000000000002       0.13971331502659101     
   2.2500000000000000       0.14982205000023435     
   2.2600000000000002       0.13285642156308811     
   2.2700000000000000       0.13138006055627538     
   2.2800000000000002       0.15128047617272022     
   2.2900000000000000       0.12946446462673147     
   2.3000000000000003       0.15302348793200554     
   2.3100000000000001       0.12502984952769830     
   2.3200000000000003       0.12825503325103804     
   2.3300000000000001       0.11722962392113458     
   2.3400000000000003       0.12335642020440379     
   2.3500000000000001       0.11083610600617302     
   2.3600000000000003       0.12761009091710246     
   2.3700000000000001       0.12188737006287596     
   2.3800000000000003       0.12600014020896158     
   2.3900000000000001       0.12686532899830866     
   2.4000000000000004       0.13455303499398213     
   2.4100000000000001       0.17046695580571172     
   2.4200000000000004       0.15942279403155299     
   2.4300000000000002       0.14556016190222543     
   2.4400000000000004       0.15894672970886742     
   2.4500000000000002       0.16665851171724291     
   2.4600000000000004       0.15531772846658048     
   2.4700000000000002       0.17016878333539709     
   2.4800000000000000       0.17830471543377924     
   2.4900000000000002       0.15156193859836076     
   2.5000000000000000       0.16834813547441832     
   2.5100000000000002       0.15767342147385791     
   2.5200000000000000       0.13955601783397051     
   2.5300000000000002       0.14778927458161731     
   2.5400000000000000       0.17033016021307576     
   2.5500000000000003       0.18237287517363571     
   2.5600000000000001       0.14651735615669992     
   2.5700000000000003       0.14354804532561619     
   2.5800000000000001       0.17346743103226953     
   2.5900000000000003       0.17629396419786689     
   2.6000000000000001       0.15389978058660833     
   2.6100000000000003       0.14195020325178972     
   2.6200000000000001       0.15368856184677726     
   2.6300000000000003       0.13116781669414751     
   2.6400000000000001       0.17916547801264016     
   2.6500000000000004       0.16949389614796201     
   2.6600000000000001       0.18355129219436972     
   2.6700000000000004       0.14540745730466689     
   2.6800000000000002       0.12897309055280698     
   2.6900000000000004       0.15946336952074167     
   2.7000000000000002       0.18207864672760701     
   2.7100000000000004       0.13726282760623165     
   2.7200000000000002       0.15000700147435028     
   2.7300000000000004       0.15010465578179361     
   2.7400000000000002       0.20010707474620013     
   2.7500000000000004       0.16807119868297651     
   2.7600000000000002       0.11462187308148485     
   2.7700000000000000       0.17936864636928737     
   2.7800000000000002       0.16822989687724926     
   2.7900000000000000       0.16519477669331187     
   2.8000000000000003       0.13563998957852880     
   2.8100000000000001       0.13187328767473439     
   2.8200000000000003       0.18195918675079456     
   2.8300000000000001       0.17618330331520929     
   2.8400000000000003       0.13767392809562859     
   2.8500000000000001       0.16820632776096664     
   2.8600000000000003       0.17412043104988517     
   2.8700000000000001       0.22093611349976608     
   2.8800000000000003       0.17218663067796006     
   2.8900000000000001       0.14606317689864440     
   2.9000000000000004       0.16015133811838611     
   2.9100000000000001       0.13749915009021466     
   2.9200000000000004       0.17085061791503636     
   2.9300000000000002       0.18110427479097949     
   2.9400000000000004       0.16110312509740171     
   2.9500000000000002       0.16221303299875592     
   2.9600000000000004       0.16664314516652076     
   2.9700000000000002       0.21507228562549829     
   2.9800000000000004       0.18611457337935508     
   2.9900000000000002       0.16128286031283753     
   3.0000000000000004       0.16240547905324679     
