   3.0000000000000004       0.93792922130750922     
   3.0010000000000003        1.0396208745126969     
   3.0020000000000002        1.0845866627998815     
   3.0030000000000001        1.0476620112099064     
   3.0040000000000004        1.0500577417374244     
   3.0050000000000003       0.82101307226536169     
   3.0060000000000002       0.68203216058428529     
   3.0070000000000001       0.54031597187330027     
   3.0080000000000005       0.37342588619457534     
   3.0090000000000003       0.22582477573978169     
   3.0100000000000002       0.14976090499070727     
   3.0110000000000001        8.0837307242511272E-002
   3.0120000000000005        4.3348955293550415E-002
   3.0130000000000003        2.5212475549558730E-002
   3.0140000000000002        1.7787794472828473E-002
   3.0150000000000001        1.2578476790561639E-002
   3.0160000000000005        1.1573767866966905E-002
   3.0170000000000003        1.0263423141677542E-002
   3.0180000000000002        1.3581281308762707E-002
   3.0190000000000001        1.3527924179639940E-002
   3.0200000000000005        1.8253334959840588E-002
   3.0210000000000004        2.9544174111807039E-002
   3.0220000000000002        3.5777949146891974E-002
   3.0230000000000001        5.1032283573147263E-002
   3.0240000000000005        7.0439814409460955E-002
   3.0250000000000004       0.10438225074774150     
   3.0260000000000002       0.15545021236978546     
   3.0270000000000001       0.19083719803922006     
   3.0280000000000005       0.25292148763954081     
   3.0290000000000004       0.28524727255513188     
   3.0300000000000002       0.37569322892076057     
   3.0310000000000001       0.38890584044624671     
   3.0320000000000000       0.45877649657076452     
   3.0330000000000004       0.52289374074875006     
   3.0340000000000003       0.58909819433200006     
   3.0350000000000001       0.62827096087745227     
   3.0360000000000000       0.62238614527875702     
   3.0370000000000004       0.56666566526405560     
   3.0380000000000003       0.64461109806062167     
   3.0390000000000001       0.53257396377255728     
   3.0400000000000000       0.55828174932277030     
   3.0410000000000004       0.44664452194146798     
   3.0420000000000003       0.37308064688230841     
   3.0430000000000001       0.31842725778840869     
   3.0440000000000000       0.23421520164216156     
   3.0450000000000004       0.15509961553085044     
   3.0460000000000003       0.11189670250450744     
   3.0470000000000002        8.4429308092154098E-002
   3.0480000000000000        7.6214921474387284E-002
   3.0490000000000004        5.8360805030469191E-002
   3.0500000000000003        4.7441638066000463E-002
   3.0510000000000002        4.7885915062048208E-002
   3.0520000000000000        4.8104942690109613E-002
   3.0530000000000004        6.2194274086236200E-002
   3.0540000000000003        7.2252556786127201E-002
   3.0550000000000002        7.9834303457969949E-002
   3.0560000000000000       0.10499418172278359     
   3.0570000000000004       0.14574686083525490     
   3.0580000000000003       0.16086227638323100     
   3.0590000000000002       0.17841798810985407     
   3.0600000000000001       0.23905942222743823     
   3.0610000000000004       0.26438916459830958     
   3.0620000000000003       0.30817415451360325     
   3.0630000000000002       0.35525923158568096     
   3.0640000000000001       0.38251288756401314     
   3.0650000000000004       0.43568665506845594     
   3.0660000000000003       0.50917721388923665     
   3.0670000000000002       0.46240838886571695     
   3.0680000000000001       0.48642450102674378     
   3.0690000000000004       0.52380556231398068     
   3.0700000000000003       0.49637275859600433     
   3.0710000000000002       0.41700945960331820     
   3.0720000000000001       0.38326819526615757     
   3.0730000000000004       0.28581824872689315     
   3.0740000000000003       0.26345082439238865     
   3.0750000000000002       0.19491590566821410     
   3.0760000000000001       0.12995857144371209     
   3.0770000000000004       0.11852209309994219     
   3.0780000000000003        8.8503987094009334E-002
   3.0790000000000002        8.1044858800217778E-002
   3.0800000000000001        8.0249041488084275E-002
   3.0810000000000004        7.5946850249575176E-002
   3.0820000000000003        7.5066024292710268E-002
   3.0830000000000002        7.6207097653238381E-002
   3.0840000000000001        7.6676469904431471E-002
   3.0850000000000004       0.10264430849862032     
   3.0860000000000003       0.10398503806215638     
   3.0870000000000002       0.11992792768759498     
   3.0880000000000001       0.14265462331084283     
   3.0890000000000004       0.16628675957682168     
   3.0900000000000003       0.20379790350859781     
   3.0910000000000002       0.23118930849520944     
   3.0920000000000001       0.24849555708724322     
   3.0930000000000004       0.27959754063803777     
   3.0940000000000003       0.32056509990791426     
   3.0950000000000002       0.33716899995468053     
   3.0960000000000001       0.38820287976461409     
   3.0970000000000004       0.41343635842528775     
   3.0980000000000003       0.39506061319435071     
   3.0990000000000002       0.41028879863813844     
   3.1000000000000001       0.36548467545844876     
   3.1010000000000004       0.34607168562824608     
   3.1020000000000003       0.30963988373881618     
   3.1030000000000002       0.27365438240417733     
   3.1040000000000001       0.26186769786566588     
   3.1050000000000004       0.22979321027183289     
   3.1060000000000003       0.16602586504266728     
   3.1070000000000002       0.15246181461187705     
   3.1080000000000001       0.13847052053152881     
   3.1090000000000004       0.12430029329115805     
   3.1100000000000003       0.11369748990818151     
   3.1110000000000002       0.10748405216310734     
   3.1120000000000001       0.10324682207748090     
   3.1130000000000004       0.11144319015920924     
   3.1140000000000003        9.3785246022968227E-002
   3.1150000000000002        8.9697865468486834E-002
   3.1160000000000001       0.10115642929433534     
   3.1170000000000004       0.10412346902176535     
   3.1180000000000003       0.11242976930718704     
   3.1190000000000002       0.14467040923907473     
   3.1200000000000001       0.15333457524634864     
   3.1210000000000004       0.18486522761631152     
   3.1220000000000003       0.22340914348100829     
   3.1230000000000002       0.24613702652782099     
   3.1240000000000001       0.25728576395478076     
   3.1250000000000004       0.34115368700955762     
   3.1260000000000003       0.34912299506397187     
   3.1270000000000002       0.46482986309134489     
   3.1280000000000001       0.42521625199317881     
   3.1290000000000004       0.43933685886176177     
   3.1300000000000003       0.44663252684300686     
   3.1310000000000002       0.42833509264806624     
   3.1320000000000001       0.37752839216001438     
   3.1330000000000005       0.30911687190513476     
   3.1340000000000003       0.27024023484436527     
   3.1350000000000002       0.19652431195056355     
   3.1360000000000001       0.17460894191034790     
   3.1370000000000005       0.15917224912160016     
   3.1380000000000003       0.12051440319487225     
   3.1390000000000002       0.10589722334650099     
   3.1400000000000001        9.5597251873005620E-002
   3.1410000000000005        7.4880590260052754E-002
   3.1420000000000003        6.8602619760642761E-002
   3.1430000000000002        6.9313929415646097E-002
   3.1440000000000001        6.1055384695042597E-002
   3.1450000000000005        6.3812480034824176E-002
   3.1460000000000004        5.9992899903759701E-002
   3.1470000000000002        7.6799264209708784E-002
   3.1480000000000001        9.4687133123319597E-002
   3.1490000000000005       0.12892248991697966     
   3.1500000000000004       0.15359350843269751     
   3.1510000000000002       0.19464044528889943     
   3.1520000000000001       0.24833267992585240     
   3.1530000000000005       0.28221932411650064     
   3.1540000000000004       0.35293077968713560     
   3.1550000000000002       0.40953102147155956     
   3.1560000000000001       0.44023350430040642     
   3.1570000000000005       0.45891492239296183     
   3.1580000000000004       0.48051010665016713     
   3.1590000000000003       0.48677403429959515     
   3.1600000000000001       0.45989022436109939     
   3.1610000000000005       0.40795555519388582     
   3.1620000000000004       0.36821503922403748     
   3.1630000000000003       0.34003872676774222     
   3.1640000000000001       0.24205408499530626     
   3.1650000000000005       0.17214283508210407     
   3.1660000000000004       0.15907187873503245     
   3.1670000000000003       0.13118057530395810     
   3.1680000000000001        9.2401835449167941E-002
   3.1690000000000000        6.3262431399745467E-002
   3.1700000000000004        5.6835832568745026E-002
   3.1710000000000003        4.7928868155894519E-002
   3.1720000000000002        3.8741071691921487E-002
   3.1730000000000000        3.8250550936153871E-002
   3.1740000000000004        4.7139140643037598E-002
   3.1750000000000003        5.1544675412496806E-002
   3.1760000000000002        6.1843354437989474E-002
   3.1770000000000000        7.7534593940812940E-002
   3.1780000000000004       0.10330833578256364     
   3.1790000000000003       0.14114672887246113     
   3.1800000000000002       0.17235948141574436     
   3.1810000000000000       0.23608845782102186     
   3.1820000000000004       0.30407355184410917     
   3.1830000000000003       0.37261419822684821     
   3.1840000000000002       0.43930238311788328     
   3.1850000000000001       0.50003366695350193     
   3.1860000000000004       0.54457787329173946     
   3.1870000000000003       0.62342525066665155     
   3.1880000000000002       0.62963500553820384     
   3.1890000000000001       0.51687459365684629     
   3.1900000000000004       0.50396365932907206     
   3.1910000000000003       0.42951568774576476     
   3.1920000000000002       0.32681751428679257     
   3.1930000000000001       0.26819714306106518     
   3.1940000000000004       0.20840545802969090     
   3.1950000000000003       0.14869113761311864     
   3.1960000000000002       0.10205890502939735     
   3.1970000000000001        8.1135733833635079E-002
   3.1980000000000004        4.6279970470412206E-002
   3.1990000000000003        3.7366119673045477E-002
   3.2000000000000002        3.0819413481460296E-002
   3.2010000000000001        2.7564544147107243E-002
   3.2020000000000004        2.5871785032803206E-002
   3.2030000000000003        2.9584469178091693E-002
   3.2040000000000002        3.3134275498704339E-002
   3.2050000000000001        3.8044771246630936E-002
   3.2060000000000004        4.6060556996000666E-002
   3.2070000000000003        6.7830785451890030E-002
   3.2080000000000002       0.10380630825907321     
   3.2090000000000001       0.13734906880550285     
   3.2100000000000004       0.18900465664976970     
   3.2110000000000003       0.27999456693127850     
   3.2120000000000002       0.35248216786754932     
   3.2130000000000001       0.40990139310799917     
   3.2140000000000004       0.53356323097073788     
   3.2150000000000003       0.60456673579509690     
   3.2160000000000002       0.68007305990644673     
   3.2170000000000001       0.82478191912689602     
   3.2180000000000004       0.70897733650176742     
   3.2190000000000003       0.72934884587904403     
   3.2200000000000002       0.57740161432945647     
   3.2210000000000001       0.43156495545017737     
   3.2220000000000004       0.38392371560025684     
   3.2230000000000003       0.26943531946801325     
   3.2240000000000002       0.22137864171034793     
   3.2250000000000001       0.13661732002154670     
   3.2260000000000004       0.10403597163223727     
   3.2270000000000003        6.2026366244860562E-002
   3.2280000000000002        4.7099690054834685E-002
   3.2290000000000001        3.4121925806522097E-002
   3.2300000000000004        2.1219007592662889E-002
   3.2310000000000003        1.7163040593249249E-002
   3.2320000000000002        2.0107936507474566E-002
   3.2330000000000001        2.1337770533444815E-002
   3.2340000000000004        2.6612367832310517E-002
   3.2350000000000003        3.3669427615976272E-002
   3.2360000000000002        4.5761523708931495E-002
   3.2370000000000001        6.1129518643564314E-002
   3.2380000000000004        7.8325035161601400E-002
   3.2390000000000003       0.10947964142449819     
   3.2400000000000002       0.16012542431847779     
   3.2410000000000001       0.20705164548259208     
   3.2420000000000004       0.27745853575969320     
   3.2430000000000003       0.35120083002103686     
   3.2440000000000002       0.42129157779237386     
   3.2450000000000001       0.55308961186274019     
   3.2460000000000004       0.63150718435963427     
   3.2470000000000003       0.65440876283892713     
   3.2480000000000002       0.78334426337887542     
   3.2490000000000001       0.74097426448501502     
   3.2500000000000004       0.69216495355618624     
   3.2510000000000003       0.56422035522696934     
   3.2520000000000002       0.49693084156375500     
   3.2530000000000001       0.37484652826612247     
   3.2540000000000004       0.26079130988194049     
   3.2550000000000003       0.16987804900671721     
   3.2560000000000002       0.12757435566360978     
   3.2570000000000001        8.7409346618640235E-002
   3.2580000000000005        5.1732517064100265E-002
   3.2590000000000003        3.8912428230318638E-002
   3.2600000000000002        2.7541337606766414E-002
   3.2610000000000001        1.9694669118318544E-002
   3.2620000000000005        1.4099212300196349E-002
   3.2630000000000003        1.5552939873086766E-002
   3.2640000000000002        1.7038807742927028E-002
   3.2650000000000001        2.0999964901875844E-002
   3.2660000000000005        2.4828579916599432E-002
   3.2670000000000003        3.4789912689399530E-002
   3.2680000000000002        5.3680182957964263E-002
   3.2690000000000001        7.2075769578407445E-002
   3.2700000000000005       0.10703451898096558     
   3.2710000000000004       0.14769122603855278     
   3.2720000000000002       0.22530745808707681     
   3.2730000000000001       0.27933336142362342     
   3.2740000000000005       0.34669258493246646     
   3.2750000000000004       0.45614317336383065     
   3.2760000000000002       0.52792303461062007     
   3.2770000000000001       0.67488715041600145     
   3.2780000000000005       0.69528638783518071     
   3.2790000000000004       0.79441531882440086     
   3.2800000000000002       0.76047280836854014     
   3.2810000000000001       0.68818792689611996     
   3.2820000000000005       0.54369660258135755     
   3.2830000000000004       0.52456817566815539     
   3.2840000000000003       0.36896184352343941     
   3.2850000000000001       0.26869310456389417     
   3.2860000000000005       0.16616693469146659     
   3.2870000000000004       0.12431728167673782     
   3.2880000000000003        7.5232363753940198E-002
   3.2890000000000001        5.0170461983894014E-002
   3.2900000000000005        3.0806376666809999E-002
   3.2910000000000004        2.3269539574603634E-002
   3.2920000000000003        1.8048510902071751E-002
   3.2930000000000001        1.5899309617273445E-002
   3.2940000000000005        1.5077232222943411E-002
   3.2950000000000004        1.7836314499809245E-002
   3.2960000000000003        2.1948646466963245E-002
   3.2970000000000002        2.8880371896007638E-002
   3.2980000000000005        3.6162637846719657E-002
   3.2990000000000004        5.6707040600883690E-002
   3.3000000000000003        7.4560228409210477E-002
   3.3010000000000002       0.11764876239060873     
   3.3020000000000005       0.16656785370215010     
   3.3030000000000004       0.23759387558941039     
   3.3040000000000003       0.31157524287585925     
   3.3050000000000002       0.42457640645130573     
   3.3060000000000000       0.54751932863112096     
   3.3070000000000004       0.64227331628850570     
   3.3080000000000003       0.72070124896824028     
   3.3090000000000002       0.75914183861575812     
   3.3100000000000001       0.82927000526239358     
   3.3110000000000004       0.73922702836697551     
   3.3120000000000003       0.68907416647469433     
   3.3130000000000002       0.60096014018040034     
   3.3140000000000001       0.42316179828069916     
   3.3150000000000004       0.32668418634860319     
   3.3160000000000003       0.25595477673884792     
   3.3170000000000002       0.14573599989453206     
   3.3180000000000001        9.6048121290048458E-002
   3.3190000000000004        7.6574846743597283E-002
   3.3200000000000003        4.5136026675688744E-002
   3.3210000000000002        3.3789717780360197E-002
   3.3220000000000001        2.0609894688815460E-002
   3.3230000000000004        1.4932591024362861E-002
   3.3240000000000003        1.4282782139022133E-002
   3.3250000000000002        1.3248286768415728E-002
   3.3260000000000001        1.3357049031158185E-002
   3.3270000000000004        2.0743290048692988E-002
   3.3280000000000003        2.7417380407148109E-002
   3.3290000000000002        3.8068094300794462E-002
   3.3300000000000001        6.2753631042697960E-002
   3.3310000000000004        8.4338572732175529E-002
   3.3320000000000003       0.12154534655925768     
   3.3330000000000002       0.19325851469150246     
   3.3340000000000001       0.26049212552087120     
   3.3350000000000004       0.34247447400049741     
   3.3360000000000003       0.47162423260909708     
   3.3370000000000002       0.58106223228901066     
   3.3380000000000001       0.62747241699472467     
   3.3390000000000004       0.74649107930613801     
   3.3400000000000003       0.73644749909233120     
   3.3410000000000002       0.74464392723499839     
   3.3420000000000001       0.69025236352118724     
   3.3430000000000004       0.59531714532269620     
   3.3440000000000003       0.58079754772235426     
   3.3450000000000002       0.39301812517139756     
   3.3460000000000001       0.33499515701491439     
   3.3470000000000004       0.20189332001070345     
   3.3480000000000003       0.13231073458177642     
   3.3490000000000002        9.2898897773874112E-002
   3.3500000000000001        5.2479020675934303E-002
   3.3510000000000004        3.3728363304921447E-002
   3.3520000000000003        2.2477394863137910E-002
   3.3530000000000002        2.0171884963920621E-002
   3.3540000000000001        1.8942961747541176E-002
   3.3550000000000004        1.8033843506722352E-002
   3.3560000000000003        1.7864065085821772E-002
   3.3570000000000002        2.1547508698216349E-002
   3.3580000000000001        3.2074061025716694E-002
   3.3590000000000004        3.8877626643259437E-002
   3.3600000000000003        5.4314629461710805E-002
   3.3610000000000002        8.1347340688955355E-002
   3.3620000000000001       0.10326993383406956     
   3.3630000000000004       0.16522004043139346     
   3.3640000000000003       0.21665684785850370     
   3.3650000000000002       0.28823782793392655     
   3.3660000000000001       0.37114314495518491     
   3.3670000000000004       0.41950806347225722     
   3.3680000000000003       0.54447003752878609     
   3.3690000000000002       0.59677489419908680     
   3.3700000000000001       0.62305234434306100     
   3.3710000000000004       0.73423078240438999     
   3.3720000000000003       0.63242000068253679     
   3.3730000000000002       0.62341977214422684     
   3.3740000000000001       0.54204208429248557     
   3.3750000000000004       0.46463492195562234     
   3.3760000000000003       0.32888686727559446     
   3.3770000000000002       0.23555629031481287     
   3.3780000000000001       0.16303516973920115     
   3.3790000000000004       0.10173674678705302     
   3.3800000000000003        7.3405421008932048E-002
   3.3810000000000002        4.9169138204490627E-002
   3.3820000000000001        3.8242615743192418E-002
   3.3830000000000005        2.9170196168574157E-002
   3.3840000000000003        2.8855932132662056E-002
   3.3850000000000002        2.4472275891972615E-002
   3.3860000000000001        2.8925433514935987E-002
   3.3870000000000005        2.7367280653889676E-002
   3.3880000000000003        3.8317639643607626E-002
   3.3890000000000002        4.9344706080358965E-002
   3.3900000000000001        7.7988956101315843E-002
   3.3910000000000005        9.2705019597654093E-002
   3.3920000000000003       0.14821980590991854     
   3.3930000000000002       0.19024162685338117     
   3.3940000000000001       0.23460458144569352     
   3.3950000000000005       0.33818418022047353     
   3.3960000000000004       0.41198354694582584     
   3.3970000000000002       0.48358574232949375     
   3.3980000000000001       0.47876131846724246     
   3.3990000000000005       0.59930389914223836     
   3.4000000000000004       0.63408942651667832     
   3.4010000000000002       0.57513430699660162     
   3.4020000000000001       0.55914614753607916     
   3.4030000000000005       0.48202949874731793     
   3.4040000000000004       0.43148252947725269     
   3.4050000000000002       0.31489813852787790     
   3.4060000000000001       0.26432280455079099     
   3.4070000000000005       0.22013368621348434     
   3.4080000000000004       0.15912178624960624     
   3.4090000000000003       0.13992886000832730     
   3.4100000000000001        8.9530018958265803E-002
   3.4110000000000005        6.6023690544121355E-002
   3.4120000000000004        4.7827840169912969E-002
   3.4130000000000003        3.8006274292593401E-002
   3.4140000000000001        3.4879302626156371E-002
   3.4150000000000005        3.2302397721869637E-002
   3.4160000000000004        3.3522611783873363E-002
   3.4170000000000003        4.1363507375568175E-002
   3.4180000000000001        5.3439233770318451E-002
   3.4190000000000005        6.2922132041630247E-002
   3.4200000000000004        8.7333665281662573E-002
   3.4210000000000003       0.13232091581003949     
   3.4220000000000002       0.15566594824549745     
   3.4230000000000005       0.21575993486602429     
   3.4240000000000004       0.26606462359386629     
   3.4250000000000003       0.35343031762934496     
   3.4260000000000002       0.39708256971586636     
   3.4270000000000005       0.45611735663193309     
   3.4280000000000004       0.49039181400447573     
   3.4290000000000003       0.54568761712922920     
   3.4300000000000002       0.57922634069322609     
   3.4310000000000005       0.48933861804852308     
   3.4320000000000004       0.41120887207445350     
   3.4330000000000003       0.38931358363238805     
   3.4340000000000002       0.36062822308294112     
   3.4350000000000005       0.28588850976727820     
   3.4360000000000004       0.20765716055451980     
   3.4370000000000003       0.18523431311331084     
   3.4380000000000002       0.15189174657957122     
   3.4390000000000005       0.12844231939131598     
   3.4400000000000004        9.3731359079122237E-002
   3.4410000000000003        7.0564809388163688E-002
   3.4420000000000002        5.7432549747094809E-002
   3.4430000000000001        4.3169615895761820E-002
   3.4440000000000004        4.3512330096306708E-002
   3.4450000000000003        4.8058022351616748E-002
   3.4460000000000002        5.3487011346909634E-002
   3.4470000000000001        6.1527726040151672E-002
   3.4480000000000004        8.0024162583383199E-002
   3.4490000000000003        9.5107273040764953E-002
   3.4500000000000002       0.13377072483764726     
   3.4510000000000001       0.15076870755092539     
   3.4520000000000004       0.21977627657248616     
   3.4530000000000003       0.24252798517425758     
   3.4540000000000002       0.32588252834276621     
   3.4550000000000001       0.35284483271804679     
   3.4560000000000004       0.40468244270969617     
   3.4570000000000003       0.41775823340579760     
   3.4580000000000002       0.48848668954732266     
   3.4590000000000001       0.49212995015163241     
   3.4600000000000004       0.49135737229951015     
   3.4610000000000003       0.39439569309848393     
   3.4620000000000002       0.43788854105587283     
   3.4630000000000001       0.41986427929222753     
   3.4640000000000004       0.30960857389110746     
   3.4650000000000003       0.23081104311181153     
   3.4660000000000002       0.18321114622829637     
   3.4670000000000001       0.15579918194347733     
   3.4680000000000004       0.10270217335153348     
   3.4690000000000003        8.9631370563242316E-002
   3.4700000000000002        7.7405200814855926E-002
   3.4710000000000001        5.4809336666312422E-002
   3.4720000000000004        4.7598512730023260E-002
   3.4730000000000003        5.7514245840258854E-002
   3.4740000000000002        5.4594301131496090E-002
   3.4750000000000001        6.0439090411695845E-002
   3.4760000000000004        6.6809212735508994E-002
   3.4770000000000003        8.7237670154822838E-002
   3.4780000000000002       0.10796889542230421     
   3.4790000000000001       0.14183160988972957     
   3.4800000000000004       0.17350596944944127     
   3.4810000000000003       0.19003431005580912     
   3.4820000000000002       0.25097546587724467     
   3.4830000000000001       0.27926154209025550     
   3.4840000000000004       0.33560837106034208     
   3.4850000000000003       0.32889576500853335     
   3.4860000000000002       0.37865504535480299     
   3.4870000000000001       0.37184942282664030     
   3.4880000000000004       0.47176892758074968     
   3.4890000000000003       0.45228279920777265     
   3.4900000000000002       0.48203009400550406     
   3.4910000000000001       0.41317931201199154     
   3.4920000000000004       0.38621618375670458     
   3.4930000000000003       0.32689030911654693     
   3.4940000000000002       0.30687127056347818     
   3.4950000000000001       0.20616276006813911     
   3.4960000000000004       0.16274230843406673     
   3.4970000000000003       0.13781750017341748     
   3.4980000000000002       0.10210236518787764     
   3.4990000000000001        7.7155619246871809E-002
   3.5000000000000004        6.9355635994500994E-002
