   3.0000000000000004        2.5361519606801091     
   3.0010000000000003        2.8702182802112768     
   3.0020000000000002        3.0878306232367119     
   3.0030000000000001        3.3317425152197093     
   3.0040000000000004        3.6789020379520476     
   3.0050000000000003        3.7952605529703507     
   3.0060000000000002        3.7804328157180302     
   3.0070000000000001        3.4869149173635781     
   3.0080000000000005        3.0695414069259406     
   3.0090000000000003        2.6338314315673541     
   3.0100000000000002        2.3111987846074089     
   3.0110000000000001        1.7567108043467003     
   3.0120000000000005        1.3574560990999827     
   3.0130000000000003        1.0283989976523453     
   3.0140000000000002       0.74915405007430658     
   3.0150000000000001       0.54206067083973930     
   3.0160000000000005       0.40067437739408646     
   3.0170000000000003       0.31827393301358464     
   3.0180000000000002       0.28940314048420612     
   3.0190000000000001       0.30737379318363117     
   3.0200000000000005       0.37202873548857196     
   3.0210000000000004       0.45134661596533954     
   3.0220000000000002       0.55957609491242699     
   3.0230000000000001       0.70494756251858370     
   3.0240000000000005       0.81745744219238736     
   3.0250000000000004       0.96222306753052922     
   3.0260000000000002        1.0816809738066435     
   3.0270000000000001        1.2323121078544017     
   3.0280000000000005        1.3795302307572399     
   3.0290000000000004        1.4540966046046044     
   3.0300000000000002        1.5244167451506410     
   3.0310000000000001        1.6323609665151935     
   3.0320000000000000        1.6411086350731652     
   3.0330000000000004        1.7407995486376040     
   3.0340000000000003        1.8011335238631647     
   3.0350000000000001        1.8801964378896421     
   3.0360000000000000        1.9155705414673940     
   3.0370000000000004        2.1532116569920690     
   3.0380000000000003        2.0368242242021446     
   3.0390000000000001        2.1036829633357468     
   3.0400000000000000        2.1245826450364107     
   3.0410000000000004        2.1207089890174866     
   3.0420000000000003        1.9549261638073052     
   3.0430000000000001        1.7663619651468128     
   3.0440000000000000        1.6140214488949134     
   3.0450000000000004        1.3846751828854158     
   3.0460000000000003        1.1857831892283104     
   3.0470000000000002       0.90627416964516050     
   3.0480000000000000       0.69801439704034507     
   3.0490000000000004       0.53331588213757464     
   3.0500000000000003       0.45164596028553000     
   3.0510000000000002       0.39655952509968206     
   3.0520000000000000       0.34486708706551217     
   3.0530000000000004       0.32583165065095349     
   3.0540000000000003       0.37914545050061049     
   3.0550000000000002       0.45224364667025491     
   3.0560000000000000       0.49073569679298845     
   3.0570000000000004       0.56983222060725880     
   3.0580000000000003       0.71583354157357715     
   3.0590000000000002       0.80884323343697417     
   3.0600000000000001       0.91085979820560736     
   3.0610000000000004        1.1061273697318181     
   3.0620000000000003        1.1515042176521750     
   3.0630000000000002        1.2088891090835177     
   3.0640000000000001        1.2302545660249917     
   3.0650000000000004        1.3255692904074212     
   3.0660000000000003        1.3726655919111481     
   3.0670000000000002        1.3845517600590749     
   3.0680000000000001        1.5747681390799193     
   3.0690000000000004        1.7284461060282184     
   3.0700000000000003        1.5832606251218930     
   3.0710000000000002        1.7159351031306793     
   3.0720000000000001        1.6404618137308706     
   3.0730000000000004        1.6200610322820548     
   3.0740000000000003        1.4209168838573929     
   3.0750000000000002        1.2603623761388683     
   3.0760000000000001        1.0992303909937953     
   3.0770000000000004       0.92997747582241097     
   3.0780000000000003       0.72655047517845428     
   3.0790000000000002       0.60834643482171080     
   3.0800000000000001       0.49865212223552552     
   3.0810000000000004       0.45883430588630697     
   3.0820000000000003       0.42082520686315816     
   3.0830000000000002       0.40402290518433631     
   3.0840000000000001       0.39036294255372478     
   3.0850000000000004       0.41539838852658584     
   3.0860000000000003       0.48932304718499581     
   3.0870000000000002       0.55889829194518015     
   3.0880000000000001       0.64243303932739038     
   3.0890000000000004       0.74007320203435478     
   3.0900000000000003       0.83252258240232946     
   3.0910000000000002       0.86528913012466224     
   3.0920000000000001       0.95460869447714103     
   3.0930000000000004       0.96025068369282485     
   3.0940000000000003        1.0379196948103000     
   3.0950000000000002        1.1318202439088521     
   3.0960000000000001        1.0784304185199327     
   3.0970000000000004        1.1310308218439542     
   3.0980000000000003        1.1910786314336419     
   3.0990000000000002        1.1538854524455702     
   3.1000000000000001        1.2238326995218680     
   3.1010000000000004        1.2493087129786622     
   3.1020000000000003        1.2631714841376722     
   3.1030000000000002        1.1771092535069301     
   3.1040000000000001        1.1623826855559045     
   3.1050000000000004        1.0208477282825361     
   3.1060000000000003       0.97442834740928874     
   3.1070000000000002       0.85870244674528795     
   3.1080000000000001       0.70756164491344242     
   3.1090000000000004       0.65453783579045932     
   3.1100000000000003       0.58528903727840720     
   3.1110000000000002       0.47551910287301546     
   3.1120000000000001       0.44238428225622967     
   3.1130000000000004       0.44008657530338879     
   3.1140000000000003       0.41751184925022383     
   3.1150000000000002       0.42565224435758314     
   3.1160000000000001       0.43648479462404938     
   3.1170000000000004       0.46966922055600951     
   3.1180000000000003       0.53547984042608299     
   3.1190000000000002       0.54602894341481878     
   3.1200000000000001       0.61578144065378304     
   3.1210000000000004       0.64524184401525453     
   3.1220000000000003       0.71779538064788218     
   3.1230000000000002       0.75832884510865861     
   3.1240000000000001       0.81577956124498263     
   3.1250000000000004       0.84438146435517669     
   3.1260000000000003       0.91396216029717736     
   3.1270000000000002        1.0895846965057059     
   3.1280000000000001        1.2252928374724024     
   3.1290000000000004        1.3313578703650224     
   3.1300000000000003        1.4191787877253483     
   3.1310000000000002        1.3120696205123465     
   3.1320000000000001        1.2459816718536563     
   3.1330000000000005        1.2751289910074637     
   3.1340000000000003        1.1578881385535977     
   3.1350000000000002        1.0804229390496658     
   3.1360000000000001       0.91164729961590174     
   3.1370000000000005       0.84227879492228719     
   3.1380000000000003       0.69815690894014293     
   3.1390000000000002       0.57438551829694739     
   3.1400000000000001       0.54389670570230608     
   3.1410000000000005       0.46911977503361990     
   3.1420000000000003       0.41569220444955723     
   3.1430000000000002       0.33692533674335096     
   3.1440000000000001       0.34323951601888725     
   3.1450000000000005       0.36086923541418664     
   3.1460000000000004       0.39270222929409798     
   3.1470000000000002       0.45678272231800138     
   3.1480000000000001       0.50722025699847728     
   3.1490000000000005       0.55974725545036597     
   3.1500000000000004       0.63316864574194409     
   3.1510000000000002       0.65877900436439962     
   3.1520000000000001       0.71963307281987621     
   3.1530000000000005       0.78710189187306390     
   3.1540000000000004       0.92984983586397540     
   3.1550000000000002        1.0061795122269648     
   3.1560000000000001        1.1278431171584558     
   3.1570000000000005        1.3449475813815848     
   3.1580000000000004        1.4046041786816010     
   3.1590000000000003        1.5431756068923088     
   3.1600000000000001        1.5811719171189607     
   3.1610000000000005        1.5942738437259862     
   3.1620000000000004        1.4615955530753220     
   3.1630000000000003        1.4518679845031690     
   3.1640000000000001        1.2948643102185688     
   3.1650000000000005        1.0925004508207852     
   3.1660000000000004       0.95660741111485259     
   3.1670000000000003       0.79814544989245861     
   3.1680000000000001       0.60935454425132407     
   3.1690000000000000       0.49523320304124546     
   3.1700000000000004       0.39539554435327856     
   3.1710000000000003       0.32627852411378178     
   3.1720000000000002       0.30937518986488854     
   3.1730000000000000       0.29456126894778045     
   3.1740000000000004       0.32009689343970693     
   3.1750000000000003       0.35739082131716404     
   3.1760000000000002       0.41784555188216760     
   3.1770000000000000       0.49114075995852702     
   3.1780000000000004       0.56179188680013470     
   3.1790000000000003       0.61163733123045749     
   3.1800000000000002       0.69592557622467244     
   3.1810000000000000       0.83953743216354171     
   3.1820000000000004       0.87904870687785408     
   3.1830000000000003       0.99462184296520428     
   3.1840000000000002        1.2015227070716270     
   3.1850000000000001        1.3079969813029324     
   3.1860000000000004        1.5411494453323871     
   3.1870000000000003        1.5962351794602785     
   3.1880000000000002        1.9326846781259972     
   3.1890000000000001        2.0972634705021944     
   3.1900000000000004        1.9835231889696612     
   3.1910000000000003        2.0007722122893594     
   3.1920000000000002        1.8660493831438862     
   3.1930000000000001        1.7862871813399266     
   3.1940000000000004        1.4522692580071013     
   3.1950000000000003        1.2146511059219702     
   3.1960000000000002       0.95913845722493773     
   3.1970000000000001       0.74708141297008679     
   3.1980000000000004       0.55284987803698227     
   3.1990000000000003       0.40918266127220210     
   3.2000000000000002       0.32900779438792477     
   3.2010000000000001       0.25678767924094603     
   3.2020000000000004       0.24260605022005396     
   3.2030000000000003       0.26111839985487145     
   3.2040000000000002       0.31476867947352466     
   3.2050000000000001       0.39006805375793535     
   3.2060000000000004       0.49635601908613425     
   3.2070000000000003       0.60142280403057680     
   3.2080000000000002       0.71194964011713879     
   3.2090000000000001       0.80488086912958390     
   3.2100000000000004       0.89450364255582682     
   3.2110000000000003       0.98587858789675331     
   3.2120000000000002        1.0618589085721444     
   3.2130000000000001        1.2066989772462149     
   3.2140000000000004        1.3052411434005786     
   3.2150000000000003        1.5179144534193325     
   3.2160000000000002        1.6091042922688779     
   3.2170000000000001        1.8332458396776732     
   3.2180000000000004        2.0983910268691779     
   3.2190000000000003        2.1748385015361995     
   3.2200000000000002        2.1931193517415344     
   3.2210000000000001        2.2717832520493317     
   3.2220000000000004        2.0351879149307486     
   3.2230000000000003        1.9098934015870779     
   3.2240000000000002        1.6559937979903356     
   3.2250000000000001        1.3854695892654834     
   3.2260000000000004        1.0390949207339679     
   3.2270000000000003       0.82841754765665743     
   3.2280000000000002       0.58961371178331357     
   3.2290000000000001       0.43061032705048224     
   3.2300000000000004       0.29451508861428105     
   3.2310000000000003       0.21844311488801890     
   3.2320000000000002       0.18877621660494151     
   3.2330000000000001       0.21091027756642641     
   3.2340000000000004       0.26441222567891604     
   3.2350000000000003       0.34582092879317844     
   3.2360000000000002       0.44579535761253380     
   3.2370000000000001       0.56079477062261884     
   3.2380000000000004       0.68710378378406445     
   3.2390000000000003       0.80180566306840240     
   3.2400000000000002       0.88362292862053160     
   3.2410000000000001       0.97789421285060973     
   3.2420000000000004        1.1120200945966618     
   3.2430000000000003        1.1886388591864263     
   3.2440000000000002        1.3640761610410872     
   3.2450000000000001        1.5184532588608091     
   3.2460000000000004        1.6836571486712271     
   3.2470000000000003        1.7872043340277943     
   3.2480000000000002        1.9065236522361231     
   3.2490000000000001        2.2309901532481002     
   3.2500000000000004        2.4807219822186064     
   3.2510000000000003        2.5997739320390658     
   3.2520000000000002        2.5209237115582357     
   3.2530000000000001        2.2662162518339288     
   3.2540000000000004        1.9579808788216617     
   3.2550000000000003        1.6992174120552692     
   3.2560000000000002        1.3279000627583124     
   3.2570000000000001        1.0636176874437007     
   3.2580000000000005       0.78426439290481897     
   3.2590000000000003       0.56320206907415882     
   3.2600000000000002       0.39488304534411828     
   3.2610000000000001       0.26789483313228690     
   3.2620000000000005       0.20175765613638275     
   3.2630000000000003       0.17906094036403430     
   3.2640000000000002       0.20395842024400113     
   3.2650000000000001       0.26647784111115369     
   3.2660000000000005       0.35465288160376501     
   3.2670000000000003       0.46052213366819222     
   3.2680000000000002       0.58322685356904780     
   3.2690000000000001       0.70229710794189470     
   3.2700000000000005       0.84384215506164628     
   3.2710000000000004       0.95504948214991747     
   3.2720000000000002        1.0114137816508870     
   3.2730000000000001        1.1294115655533459     
   3.2740000000000005        1.2108530559589126     
   3.2750000000000004        1.3014704533303265     
   3.2760000000000002        1.3790636768716895     
   3.2770000000000001        1.5117866475648660     
   3.2780000000000005        1.8460213295496433     
   3.2790000000000004        2.0294363145730414     
   3.2800000000000002        2.2287738299090236     
   3.2810000000000001        2.5738060423320732     
   3.2820000000000005        2.4441283946416150     
   3.2830000000000004        2.2435659683068918     
   3.2840000000000003        2.1608595301222926     
   3.2850000000000001        1.9349693249880362     
   3.2860000000000005        1.6080620020275374     
   3.2870000000000004        1.2810992787690405     
   3.2880000000000003       0.98786804577715881     
   3.2890000000000001       0.74063584425919249     
   3.2900000000000005       0.51358902117525573     
   3.2910000000000004       0.35112607286247782     
   3.2920000000000003       0.24916059556532610     
   3.2930000000000001       0.20395860260868329     
   3.2940000000000005       0.17791493211550999     
   3.2950000000000004       0.21459402495109489     
   3.2960000000000003       0.28048788953404408     
   3.2970000000000002       0.38195245568064878     
   3.2980000000000005       0.50583733284544186     
   3.2990000000000004       0.63433811822099440     
   3.3000000000000003       0.77155273034822902     
   3.3010000000000002       0.88328782653770566     
   3.3020000000000005       0.99531482072792499     
   3.3030000000000004        1.0914597818250344     
   3.3040000000000003        1.2081647496282164     
   3.3050000000000002        1.2367113830710752     
   3.3060000000000000        1.4612635837155805     
   3.3070000000000004        1.5534752017654390     
   3.3080000000000003        1.7486362652921339     
   3.3090000000000002        1.9927353398337491     
   3.3100000000000001        2.3353633234340636     
   3.3110000000000004        2.2252990910352413     
   3.3120000000000003        2.5933898604212748     
   3.3130000000000002        2.4112757296914351     
   3.3140000000000001        2.3169392993966698     
   3.3150000000000004        2.2209739219417672     
   3.3160000000000003        1.9260209034472129     
   3.3170000000000002        1.6166637573750451     
   3.3180000000000001        1.3063989229676329     
   3.3190000000000004        1.0096527062847518     
   3.3200000000000003       0.73457652480891367     
   3.3210000000000002       0.49660454770266310     
   3.3220000000000001       0.34752419757180991     
   3.3230000000000004       0.24388255729562877     
   3.3240000000000003       0.19283209505419913     
   3.3250000000000002       0.18215135670857413     
   3.3260000000000001       0.22501240195973474     
   3.3270000000000004       0.30079804432262702     
   3.3280000000000003       0.40096361472187098     
   3.3290000000000002       0.52825938061724154     
   3.3300000000000001       0.67015934935062960     
   3.3310000000000004       0.80936760545249553     
   3.3320000000000003       0.93030486301957971     
   3.3330000000000002        1.0386483037749832     
   3.3340000000000001        1.1629489248335818     
   3.3350000000000004        1.2436927806601192     
   3.3360000000000003        1.3425424387375688     
   3.3370000000000002        1.4593874863488989     
   3.3380000000000001        1.6001332271882061     
   3.3390000000000004        1.7515431884704233     
   3.3400000000000003        2.1211701824823814     
   3.3410000000000002        2.0579247161224843     
   3.3420000000000001        2.3119376691932505     
   3.3430000000000004        2.4801149507145830     
   3.3440000000000003        2.4254846052329779     
   3.3450000000000002        2.3425368630533585     
   3.3460000000000001        2.1775082063214701     
   3.3470000000000004        1.8534510539097018     
   3.3480000000000003        1.4851499039018754     
   3.3490000000000002        1.1727193516898979     
   3.3500000000000001       0.89405152064647664     
   3.3510000000000004       0.66276677555005392     
   3.3520000000000003       0.47102779646720155     
   3.3530000000000002       0.32917601483967507     
   3.3540000000000001       0.25131041595554249     
   3.3550000000000004       0.21519937472009340     
   3.3560000000000003       0.22779776481993985     
   3.3570000000000002       0.27170015167624167     
   3.3580000000000001       0.34757852843351683     
   3.3590000000000004       0.44579841684658900     
   3.3600000000000003       0.56577450431629339     
   3.3610000000000002       0.67797757628740474     
   3.3620000000000001       0.78186077007962906     
   3.3630000000000004       0.91496552292599276     
   3.3640000000000003        1.0467445285660451     
   3.3650000000000002        1.1527383496967289     
   3.3660000000000001        1.1551549856323948     
   3.3670000000000004        1.2946485249486561     
   3.3680000000000003        1.3755630360843101     
   3.3690000000000002        1.5603012047441382     
   3.3700000000000001        1.7443339224375551     
   3.3710000000000004        1.8621104980928391     
   3.3720000000000003        2.1418443696135121     
   3.3730000000000002        2.0364172059252104     
   3.3740000000000001        2.1186261183192587     
   3.3750000000000004        2.0967486888933067     
   3.3760000000000003        1.8944556098783378     
   3.3770000000000002        1.6116667182721180     
   3.3780000000000001        1.4005262071501074     
   3.3790000000000004        1.1141813558597444     
   3.3800000000000003       0.89935240487187795     
   3.3810000000000002       0.68658060810391586     
   3.3820000000000001       0.51010363533887926     
   3.3830000000000005       0.39932859336195098     
   3.3840000000000003       0.29508192563744678     
   3.3850000000000002       0.25896688566039999     
   3.3860000000000001       0.25862659733071897     
   3.3870000000000005       0.29610022557944005     
   3.3880000000000003       0.35224594778037865     
   3.3890000000000002       0.42429143202226588     
   3.3900000000000001       0.51759699958455352     
   3.3910000000000005       0.59465044253347843     
   3.3920000000000003       0.68363254275116625     
   3.3930000000000002       0.79884291824156317     
   3.3940000000000001       0.90576726300418942     
   3.3950000000000005        1.0389186605201211     
   3.3960000000000004        1.1140214278616929     
   3.3970000000000002        1.2759032194010602     
   3.3980000000000001        1.4363924830824479     
   3.3990000000000005        1.5810396371770885     
   3.4000000000000004        1.7455565547454452     
   3.4010000000000002        1.9126534727541231     
   3.4020000000000001        2.1008086897698619     
   3.4030000000000005        1.9741992003040703     
   3.4040000000000004        1.8529696463670533     
   3.4050000000000002        1.8364588215713957     
   3.4060000000000001        1.7401351600209849     
   3.4070000000000005        1.4297952104317493     
   3.4080000000000004        1.2217869162208204     
   3.4090000000000003        1.0750962279340874     
   3.4100000000000001       0.96495187775508595     
   3.4110000000000005       0.73667658310216988     
   3.4120000000000004       0.55776121944748625     
   3.4130000000000003       0.43632347552735506     
   3.4140000000000001       0.36228016022105014     
   3.4150000000000005       0.34177524976896928     
   3.4160000000000004       0.34934905461733334     
   3.4170000000000003       0.37573177602627356     
   3.4180000000000001       0.42621075120606461     
   3.4190000000000005       0.50085165547260702     
   3.4200000000000004       0.56613771303346738     
   3.4210000000000003       0.62766930113769159     
   3.4220000000000002       0.70682174111793650     
   3.4230000000000005       0.77811209366140111     
   3.4240000000000004       0.88053862410922235     
   3.4250000000000003       0.99020276692012799     
   3.4260000000000002        1.1647475971322396     
   3.4270000000000005        1.3244692106767328     
   3.4280000000000004        1.3738289485756123     
   3.4290000000000003        1.6112215922230348     
   3.4300000000000002        1.6276968478184273     
   3.4310000000000005        1.8215176260494144     
   3.4320000000000004        1.8187235705098495     
   3.4330000000000003        1.7621495744852007     
   3.4340000000000002        1.6364558923088428     
   3.4350000000000005        1.5462687277831888     
   3.4360000000000004        1.3640641126991353     
   3.4370000000000003        1.2427084527298915     
   3.4380000000000002        1.0945801425329336     
   3.4390000000000005       0.93302651923709856     
   3.4400000000000004       0.79423682844322208     
   3.4410000000000003       0.64955265562756292     
   3.4420000000000002       0.47755365613741857     
   3.4430000000000001       0.43334957920034289     
   3.4440000000000004       0.39755347383723816     
   3.4450000000000003       0.37867532338806198     
   3.4460000000000002       0.39391631247714470     
   3.4470000000000001       0.42801460923489548     
   3.4480000000000004       0.46992025963337369     
   3.4490000000000003       0.52530917984534731     
   3.4500000000000002       0.59060442830509918     
   3.4510000000000001       0.65939940551653797     
   3.4520000000000004       0.71009085438445907     
   3.4530000000000003       0.82227603188744314     
   3.4540000000000002       0.89920546905509047     
   3.4550000000000001        1.0163259052403710     
   3.4560000000000004        1.0919829306806768     
   3.4570000000000003        1.2286007711484601     
   3.4580000000000002        1.3522047696912656     
   3.4590000000000001        1.3961343239644251     
   3.4600000000000004        1.5491652675701906     
   3.4610000000000003        1.6961781098223261     
   3.4620000000000002        1.4993554956903761     
   3.4630000000000001        1.5143305179785693     
   3.4640000000000004        1.4409216876994950     
   3.4650000000000003        1.3714344943084582     
   3.4660000000000002        1.1997999604392491     
   3.4670000000000001        1.0459539099702728     
   3.4680000000000004       0.85106447750619230     
   3.4690000000000003       0.69401858430156693     
   3.4700000000000002       0.55236725760877592     
   3.4710000000000001       0.50600916760779568     
   3.4720000000000004       0.42713288859329746     
   3.4730000000000003       0.36692486068223557     
   3.4740000000000002       0.32953748130632565     
   3.4750000000000001       0.32629493995401671     
   3.4760000000000004       0.33970961534407090     
   3.4770000000000003       0.40188321841641622     
   3.4780000000000002       0.46088368574490934     
   3.4790000000000001       0.55641518849877336     
   3.4800000000000004       0.66592356742942460     
   3.4810000000000003       0.79803864873069374     
   3.4820000000000002       0.78280035042852381     
   3.4830000000000001       0.89907076051243928     
   3.4840000000000004       0.91819110084476885     
   3.4850000000000003        1.0691750817591705     
   3.4860000000000002        1.1296840290803472     
   3.4870000000000001        1.3148865011177657     
   3.4880000000000004        1.3804176869863216     
   3.4890000000000003        1.4880907357582489     
   3.4900000000000002        1.4629533362179783     
   3.4910000000000001        1.5504678342889833     
   3.4920000000000004        1.4201339682052434     
   3.4930000000000003        1.4903486523423686     
   3.4940000000000002        1.2919622868130713     
   3.4950000000000001        1.2284518271536093     
   3.4960000000000004        1.0743723934020346     
   3.4970000000000003       0.95137206497126581     
   3.4980000000000002       0.80597688931772027     
   3.4990000000000001       0.66004375788033787     
   3.5000000000000004       0.51505702980758927     
