   1.0000000000000000E-002   0.0000000000000000     
   2.0000000000000000E-002   0.0000000000000000     
   3.0000000000000002E-002   0.0000000000000000     
   4.0000000000000001E-002   0.0000000000000000     
   5.0000000000000003E-002   0.0000000000000000     
   6.0000000000000005E-002   0.0000000000000000     
   7.0000000000000007E-002   0.0000000000000000     
   8.0000000000000002E-002   4.5995455869306883E-007
   9.0000000000000011E-002   5.3743649709018296E-006
  0.10000000000000001        1.7029316450499156E-005
  0.11000000000000001        9.3326425252843881E-006
  0.12000000000000001        7.8246438578860674E-006
  0.13000000000000000        1.1409847002652191E-005
  0.14000000000000001        1.9344063854514367E-003
  0.15000000000000002        1.0171615934041445E-003
  0.16000000000000000        8.3074143708038281E-004
  0.17000000000000001        1.4180719887371383E-003
  0.18000000000000002        6.1849385007453220E-003
  0.19000000000000000        4.3983755051863090E-003
  0.20000000000000001        1.7213796971719014E-002
  0.21000000000000002        1.6232638133463980E-002
  0.22000000000000003        1.4971400536030395E-002
  0.23000000000000001        2.7542608967811417E-002
  0.24000000000000002        2.3006049204887660E-002
  0.25000000000000000        2.8915404414482454E-002
  0.26000000000000001        3.1930369678067810E-002
  0.27000000000000002        2.6396630768800205E-002
  0.28000000000000003        3.1807255977740811E-002
  0.29000000000000004        3.5740029181866820E-002
  0.30000000000000004        5.7108472697711354E-002
  0.31000000000000000        5.8338919092215294E-002
  0.32000000000000001        3.2722916603753739E-002
  0.33000000000000002        7.9866379330384679E-002
  0.34000000000000002        7.0686628355603492E-002
  0.35000000000000003        7.0040366943376120E-002
  0.36000000000000004        9.1973982119836872E-002
  0.37000000000000005        8.3512010276099113E-002
  0.38000000000000000        9.2410034398193314E-002
  0.39000000000000001        8.3394956175151039E-002
  0.40000000000000002        8.9136600240265720E-002
  0.41000000000000003       0.11913031249278321     
  0.42000000000000004        9.3506915689299086E-002
  0.43000000000000005       0.14473398491877698     
  0.44000000000000006       0.10704123995845655     
  0.45000000000000001       0.24688154406867885     
  0.46000000000000002       0.13848573463661457     
  0.47000000000000003       0.16963354888139381     
  0.48000000000000004       0.17829575096114414     
  0.49000000000000005       0.13449179268508266     
  0.50000000000000000       0.22861319392285703     
  0.51000000000000001       0.30725638848909054     
  0.52000000000000002       0.13687201414395347     
  0.53000000000000003       0.23532637813963386     
  0.54000000000000004       0.44675715865241311     
  0.55000000000000004       0.45805161452775278     
  0.56000000000000005       0.34714566811950293     
  0.57000000000000006       0.25673645972695097     
  0.58000000000000007       0.43234611442586679     
  0.59000000000000008       0.27869788986718380     
  0.60000000000000009       0.29433530160862931     
  0.61000000000000010       0.36112415187428215     
  0.62000000000000000       0.36981221795355290     
  0.63000000000000000       0.34709975308488306     
  0.64000000000000001       0.42015998886448519     
  0.65000000000000002       0.48730694419878878     
  0.66000000000000003       0.55769379766551064     
  0.67000000000000004       0.43603504645898483     
  0.68000000000000005       0.62627206203885977     
  0.69000000000000006       0.64831198471974216     
  0.70000000000000007       0.55758522961715939     
  0.71000000000000008       0.61380178926546369     
  0.72000000000000008       0.71719198407377605     
  0.73000000000000009       0.95193215148919119     
  0.74000000000000010       0.68946171789855648     
  0.75000000000000011       0.91380488769292889     
  0.76000000000000001       0.96698755828514082     
  0.77000000000000002       0.87338827639560712     
  0.78000000000000003       0.84208253584555370     
  0.79000000000000004        1.1359589167784543     
  0.80000000000000004        1.4867351675400056     
  0.81000000000000005        1.2103023114618292     
  0.82000000000000006        1.0093166033955039     
  0.83000000000000007        1.4102058650042235     
  0.84000000000000008        1.3671431578575231     
  0.85000000000000009       0.98337482039546242     
  0.86000000000000010       0.26947488225816779     
  0.87000000000000011        9.3493498794678997E-002
  0.88000000000000012        7.7819760910292815E-002
  0.89000000000000012        9.7725887141960205E-002
  0.90000000000000002        7.2153230043336056E-002
  0.91000000000000003        7.9759297102354784E-002
  0.92000000000000004       0.10971252204344484     
  0.93000000000000005       0.12299715397326352     
  0.94000000000000006        9.5166121952727611E-002
  0.95000000000000007        6.6199604194593212E-002
  0.96000000000000008        5.4683630467199637E-002
  0.97000000000000008        5.8361625067053780E-002
  0.98000000000000009        6.5918927716445752E-002
  0.99000000000000010        7.3275915769416763E-002
   1.0000000000000000        7.2589262003460178E-002
   1.0100000000000000        6.6213536432509240E-002
   1.0200000000000000        6.0398728579025202E-002
   1.0300000000000000        4.9790793330499253E-002
   1.0400000000000000        5.2234063350790956E-002
   1.0500000000000000        5.3608970289085740E-002
   1.0600000000000001        5.6601985353306628E-002
   1.0700000000000001        5.1420319040883615E-002
   1.0800000000000001        4.6519196918513923E-002
   1.0900000000000001        4.5411223293558720E-002
   1.1000000000000001        4.5628991074329946E-002
   1.1100000000000001        4.4423350807064395E-002
   1.1200000000000001        4.6212008877070901E-002
   1.1300000000000001        4.6468464004487967E-002
   1.1400000000000001        4.3700982292561488E-002
   1.1500000000000001        4.4795906909145068E-002
   1.1600000000000001        4.4245806955435334E-002
   1.1700000000000002        4.4281765573962510E-002
   1.1800000000000002        4.4600161334806369E-002
   1.1900000000000002        4.5752964148569705E-002
   1.2000000000000002        4.5890517838207294E-002
   1.2100000000000002        4.4068541268231912E-002
   1.2200000000000002        4.4595606239262280E-002
   1.2300000000000002        4.4248793664600175E-002
   1.2400000000000000        4.5707258857407909E-002
   1.2500000000000000        4.5315472963012464E-002
   1.2600000000000000        4.6087599822244626E-002
   1.2700000000000000        4.4930690973540209E-002
   1.2800000000000000        4.4341626133226522E-002
   1.2900000000000000        4.3923775836647465E-002
   1.3000000000000000        4.3473084917690592E-002
   1.3100000000000001        4.5057133419596045E-002
   1.3200000000000001        4.5089928821769452E-002
   1.3300000000000001        4.5420811307171294E-002
   1.3400000000000001        4.3969812154606443E-002
   1.3500000000000001        4.5712997391613962E-002
   1.3600000000000001        4.4885208993404639E-002
   1.3700000000000001        4.3871060966910264E-002
   1.3800000000000001        4.5161183336029601E-002
   1.3900000000000001        4.2116301121446910E-002
   1.4000000000000001        4.1402872838453030E-002
   1.4100000000000001        4.3164658108133927E-002
   1.4200000000000002        4.4291726741046443E-002
   1.4300000000000002        4.3126325284141426E-002
   1.4400000000000002        4.5215382973456612E-002
   1.4500000000000002        4.3565075625895726E-002
   1.4600000000000002        4.2642059176452751E-002
   1.4700000000000002        4.3072975241676345E-002
   1.4800000000000002        4.3087233668905378E-002
   1.4900000000000002        4.2938529650316491E-002
   1.5000000000000002        4.4529490407185762E-002
   1.5100000000000002        4.3684963049027858E-002
   1.5200000000000000        4.1647143782040548E-002
   1.5300000000000000        4.3869782843960217E-002
   1.5400000000000000        4.5267927748098152E-002
   1.5500000000000000        4.4236420961271873E-002
   1.5600000000000001        4.4787251215137922E-002
   1.5700000000000001        4.2273652417622064E-002
   1.5800000000000001        4.2782203958245189E-002
   1.5900000000000001        4.4474969453993228E-002
   1.6000000000000001        4.4811432480731161E-002
   1.6100000000000001        4.6403476386715901E-002
   1.6200000000000001        4.4071279422504515E-002
   1.6300000000000001        4.5532129903589312E-002
   1.6400000000000001        4.5846463046627144E-002
   1.6500000000000001        4.3822981674334238E-002
   1.6600000000000001        4.3452061550307425E-002
   1.6700000000000002        4.4912426897574909E-002
   1.6800000000000002        4.2336370885811110E-002
   1.6900000000000002        4.3842254714963218E-002
   1.7000000000000002        4.3206620407354207E-002
   1.7100000000000002        4.4003375755591469E-002
   1.7200000000000002        4.3951306978654632E-002
   1.7300000000000002        4.5099906438319723E-002
   1.7400000000000002        4.4985484281309725E-002
   1.7500000000000002        4.6332201648674951E-002
   1.7600000000000002        4.4305689621483388E-002
   1.7700000000000002        4.4392547384241574E-002
   1.7800000000000002        4.3743366601588944E-002
   1.7900000000000000        4.3355774916327208E-002
   1.8000000000000000        4.4362874457950473E-002
   1.8100000000000001        4.2742492987851273E-002
   1.8200000000000001        4.1695928166475792E-002
   1.8300000000000001        4.4105038862271975E-002
   1.8400000000000001        4.3150062299620165E-002
   1.8500000000000001        4.4437670406328372E-002
   1.8600000000000001        4.3855422548837293E-002
   1.8700000000000001        4.2467912134179178E-002
   1.8800000000000001        4.4760538594747219E-002
   1.8900000000000001        4.5277039915577043E-002
   1.9000000000000001        4.6475187696327677E-002
   1.9100000000000001        4.3448998716956407E-002
   1.9200000000000002        4.5062619823084502E-002
   1.9300000000000002        4.5362143259156731E-002
   1.9400000000000002        4.2712378543599841E-002
   1.9500000000000002        4.5685950342276162E-002
   1.9600000000000002        4.6146490284060468E-002
   1.9700000000000002        4.6390251368344342E-002
   1.9800000000000002        4.6443946217505701E-002
   1.9900000000000002        4.5423692365560993E-002
   2.0000000000000000        4.5629771489003185E-002
   2.0100000000000002        4.4391083638388042E-002
   2.0200000000000000        4.8657861411954828E-002
   2.0300000000000002        4.6029551794362945E-002
   2.0400000000000000        4.6712572977694045E-002
   2.0500000000000003        4.7174600151010097E-002
   2.0600000000000001        4.5495585027775183E-002
   2.0700000000000003        4.5933971915554012E-002
   2.0800000000000001        4.5959311545762847E-002
   2.0900000000000003        4.7350423038590550E-002
   2.1000000000000001        4.7192849807245668E-002
   2.1100000000000003        4.7830313676770139E-002
   2.1200000000000001        4.5296892733534141E-002
   2.1300000000000003        4.4498105040712083E-002
   2.1400000000000001        4.6394921672770324E-002
   2.1500000000000004        4.8021647841405148E-002
   2.1600000000000001        4.7284681251005517E-002
   2.1700000000000004        4.6366633955383006E-002
   2.1800000000000002        4.9690999602125772E-002
   2.1900000000000004        4.7215586542414659E-002
   2.2000000000000002        4.7199049701873524E-002
   2.2100000000000000        4.5974587425908764E-002
   2.2200000000000002        4.3031836448591688E-002
   2.2300000000000000        4.5062222055836564E-002
   2.2400000000000002        4.6975460258006370E-002
   2.2500000000000000        4.6583112011683074E-002
   2.2600000000000002        4.3382046272525211E-002
   2.2700000000000000        4.2558211997889624E-002
   2.2800000000000002        4.2465468063967289E-002
   2.2900000000000000        4.2296748387809710E-002
   2.3000000000000003        4.1417867429169634E-002
   2.3100000000000001        4.0984428636825318E-002
   2.3200000000000003        4.3253900040836589E-002
   2.3300000000000001        4.2808048213565750E-002
   2.3400000000000003        4.3216099661595106E-002
   2.3500000000000001        4.2011298682348118E-002
   2.3600000000000003        4.2643196764059567E-002
   2.3700000000000001        4.4647802075113950E-002
   2.3800000000000003        4.1013333283804361E-002
   2.3900000000000001        4.1954387538704209E-002
   2.4000000000000004        4.2833546610412505E-002
   2.4100000000000001        4.3595101490597650E-002
   2.4200000000000004        4.4278002304266435E-002
   2.4300000000000002        4.5344345215475618E-002
   2.4400000000000004        4.5393219041807376E-002
   2.4500000000000002        4.3568034846530289E-002
   2.4600000000000004        4.4180874764665944E-002
   2.4700000000000002        4.0191366419896443E-002
   2.4800000000000000        4.1242361672698187E-002
   2.4900000000000002        4.3062199950393641E-002
   2.5000000000000000        4.4027955456982439E-002
   2.5100000000000002        4.5548933817946918E-002
   2.5200000000000000        4.4830999856628105E-002
   2.5300000000000002        4.3276601164708273E-002
   2.5400000000000000        4.3188147025712664E-002
   2.5500000000000003        4.4703597886055386E-002
   2.5600000000000001        4.4459012708563117E-002
   2.5700000000000003        4.4226534593437873E-002
   2.5800000000000001        4.3591418997056749E-002
   2.5900000000000003        4.2978879979068088E-002
   2.6000000000000001        4.5561450851694808E-002
   2.6100000000000003        4.4853277375086514E-002
   2.6200000000000001        4.6143778031001906E-002
   2.6300000000000003        4.2129482585883289E-002
   2.6400000000000001        4.1652545304447799E-002
   2.6500000000000004        4.1125896192024107E-002
   2.6600000000000001        4.1657083111764505E-002
   2.6700000000000004        4.3888043918884824E-002
   2.6800000000000002        4.2202179869037362E-002
   2.6900000000000004        4.3714535480225435E-002
   2.7000000000000002        4.3251372318758100E-002
   2.7100000000000004        4.4715880141272278E-002
   2.7200000000000002        4.3693981618269796E-002
   2.7300000000000004        4.3644307226498404E-002
   2.7400000000000002        4.2847074239802677E-002
   2.7500000000000004        4.3428209893705175E-002
   2.7600000000000002        4.4475964853139309E-002
   2.7700000000000000        4.4041134273789272E-002
   2.7800000000000002        4.3331727939900852E-002
   2.7900000000000000        4.3394292110311192E-002
   2.8000000000000003        4.2203679180701038E-002
   2.8100000000000001        4.3199006112241124E-002
   2.8200000000000003        4.2715163576553541E-002
   2.8300000000000001        4.3834908284988136E-002
   2.8400000000000003        4.2740044893368724E-002
   2.8500000000000001        4.4622186394588759E-002
   2.8600000000000003        4.1971330173228322E-002
   2.8700000000000001        4.0920050953305469E-002
   2.8800000000000003        4.2993521073097681E-002
   2.8900000000000001        4.5368691853439870E-002
   2.9000000000000004        4.5208727300576304E-002
   2.9100000000000001        4.5204293804211544E-002
   2.9200000000000004        4.3508235756691174E-002
   2.9300000000000002        4.2132987655875927E-002
   2.9400000000000004        4.4163951344235779E-002
   2.9500000000000002        4.3516029616859193E-002
   2.9600000000000004        4.4326994972028411E-002
   2.9700000000000002        4.3325886972857892E-002
   2.9800000000000004        4.3127128774944970E-002
   2.9900000000000002        4.3581846943178980E-002
   3.0000000000000004        4.3912237976268323E-002
